step   ball_X    ball_Y    side
0     0    0        f
0     0    0        f
0     0    0        f
0     0    0        f
0     0    0        f
0     0    0        f
0     0    0        f
0     0    0        f
0     0    0        f
0     0    0        f
0     0    0        f
0     0    0        f
0     0    0        f
0     0    0        f
0     0    0        f
0     0    0        f
0     0    0        f
0     0    0        f
0     0    0        f
0     0    0        f
0     0    0        f
0     0    0        f
0     0    0        f
0     0    0        f
0     0    0        f
0     0    0        f
0     0    0        f
0     0    0        f
0     0    0        f
0     0    0        f
0     0    0        f
0     0    0        f
0     0    0        f
0     0    0        f
0     0    0        f
0     0    0        f
0     0    0        f
0     0    0        f
0     0    0        f
0     0    0        f
0     0    0        f
0     0    0        f
0     0    0        f
0     0    0        f
0     0    0        f
0     0    0        f
0     0    0        f
0     0    0        f
0     0    0        f
0     0    0        f
0     0    0        f
0     0    0        f
0     0    0        f
0     0    0        f
0     0    0        f
0     0    0        f
0     0    0        f
0     0    0        f
0     0    0        f
0     0    0        f
0     0    0        f
0     0    0        f
0     0    0        f
0     0    0        f
0     0    0        f
0     0    0        f
0     0    0        f
0     0    0        f
0     0    0        f
0     0    0        f
0     0    0        f
0     0    0        f
0     0    0        f
0     0    0        f
0     0    0        f
1     0    0        f
2     0    0        f
3     0    0        f
4     0    0        f
5     0    0        f
6     0    0        f
7     0    0        f
8     0    0        f
9     0    0        f
10     0    0        f
11     0    0        f
12     0    0        f
13     0    0        f
14     0    0        f
15     0    0        f
16     0    0        f
17     0    0        f
18     0    0        f
19     0    0        f
20     0    0        f
21     0    0        f
22     0    0        f
23     0    0        f
24     0    0        f
25     0    0        f
26     0    0        f
27     0    0        f
28     0    0        f
29     0    0        f
30     0    0        f
31     0    0        f
32     0    0        f
33     0    0        f
34     0    0        f
35     0    0        f
36     0    0        f
37     0    0        f
38     0    0        f
39     0    0        f
40     0    0        f
41     0    0        f
42     0    0        f
43     0    0        f
44     0    0        f
45     0    0        f
46     0    0        f
47     0    0        f
48     0    0        f
49     0    0        f
50     0    0        f
51     0    0        f
52     0    0        f
53     0    0        f
54     0    0        f
55     0    0        f
56     0    0        f
57     0    0        f
58     0    0        f
59     0    0        f
60     0    0        f
61     0    0        f
62     0    0        f
63     0    0        f
64     0    0        f
65     0    0        f
66     0    0        f
67     0    0        f
68     0    0        f
69     0    0        f
70     0    0        f
71     0    0        f
72     0    0        f
73     0    0        f
74     0    0        f
75     0    0        f
76     0    0        f
77     0    0        f
78     0    0        f
79     0    0        f
80     0    0        f
81     0    0        f
82     0    0        f
83     0    0        f
84     0    0        f
85     0    0        f
86     0    0        f
87     0    0        f
88     0    0        f
89     0    0        f
90     0    0        f
91     0    0        f
92     0    0        f
93     0    0        f
94     0    0        f
95     0    0        f
96     0    0        f
97     0    0        f
98     0    0        f
99     0    0        f
100     0    0        f
101     0    0        f
102     0    0        f
103     0    0        f
104     0    0        l
105     0    0        l
106     0    0        l
107     0    0        l
108     0    0        l
109     0    0        l
110     0    0        l
111     0    0        l
112     0    0        l
113     0    0        l
114     0    0        l
115     0    0        l
116     0    0        l
117     0    0        l
118     0    0        l
119     0    0        l
120     0    0        l
121     0    0        l
122     0    0        l
123     0    0        l
124     0    0        l
125     0    0        l
126     0    0        l
127     0    0        l
128     0    0        l
129     0    0        l
130     0    0        l
131     0    0        l
132     0    0        l
133     0    0        l
134     0    0        l
135     0    0        l
136     0    0        l
137     0    0        l
138     0    0        l
139     0    0        l
140     0    0        l
141     0    0        l
142     0    0        l
143     0    0        l
144     0    0        l
145     0    0        l
146     0    0        l
147     0    0        l
148     0    0        l
149     0    0        l
150     0    0        l
151     0    0        l
152     0    0        l
153     0    0        l
154     0    0        l
155     0    0        l
156     0    0        f
157     0    0        f
158     0    0        f
159     0    0        f
160     0    0        f
161     0    0        f
162     0    0        f
163     0    0        f
164     0    0        f
165     0    0        f
166     0    0        f
167     0    0        f
168     0    0        f
169     0    0        f
170     0    0        f
171     0    0        f
172     0    0        f
173     0    0        f
174     0    0        f
175     0    0        f
176     0    0        f
177     0    0        f
178     0    0        f
179     0    0        f
180     0    0        f
181     0    0        f
182     0    0        f
183     0    0        f
184     0    0        f
185     0    0        f
186     0    0        f
187     0    0        f
188     0    0        f
189     0    0        f
190     0    0        f
191     0    0        f
192     0    0        f
193     0    0        f
194     0    0        f
195     0    0        f
196     0    0        f
197     0    0        f
198     0    0        f
199     0    0        f
200     0    0        f
201     0    0        f
202     0    0        f
203     0    0        f
204     0    0        f
205     0    0        f
206     0    0        f
207     0    0        f
208     0    0        f
209     0    0        f
210     0    0        f
211     0    0        f
212     0    0        f
213     0    0        f
214     0    0        f
215     0    0        f
216     0    0        f
217     0    0        f
218     0    0        f
219     0    0        f
220     0    0        f
221     0    0        f
222     0    0        f
223     0    0        f
224     0    0        f
225     0    0        f
226     0    0        f
227     0    0        f
228     0    0        f
229     0    0        f
230     0    0        f
231     0    0        f
232     0    0        f
233     0    0        f
234     0    0        f
235     0    0        f
236     0    0        f
237     0    0        f
238     0    0        f
239     0    0        f
240     0    0        f
241     0    0        f
242     0    0        f
243     0    0        f
244     0    0        f
245     0    0        f
246     0    0        f
247     0    0        f
248     0    0        f
249     0    0        f
250     0    0        f
251     0    0        f
252     0    0        f
253     0    0        f
254     0    0        f
255     0    0        f
256     0    0        f
257     0    0        f
258     0    0        f
259     0    0        f
260     0    0        f
261     0    0        f
262     0    0        f
263     0    0        f
264     0    0        f
265     0    0        f
266     0    0        f
267     0    0        f
268     0    0        f
269     0    0        f
270     0    0        f
271     0    0        f
272     0    0        f
273     0    0        f
274     0    0        f
275     0    0        f
276     0    0        f
277     0    0        f
278     0    0        f
279     0    0        f
280     0    0        f
281     0    0        f
282     0    0        f
283     0    0        f
284     0    0        f
285     0    0        f
286     0    0        f
287     0    0        f
288     0    0        f
289     0    0        f
290     0    0        f
291     0    0        f
292     0    0        f
293     0    0        f
294     0    0        f
295     0    0        f
296     0    0        l
297     0    0        l
298     0    0        l
299     0    0        l
300     0    0        l
301     0    0        l
302     0    0        l
303     0    0        l
304     0    0        l
305     0    0        l
306     0    0        l
307     0    0        l
308     0    0        l
309     0    0        l
310     0    0        l
311     0    0        l
312     0    0        l
313     0    0        l
314     0    0        l
315     0    0        l
316     0    0        l
317     0    0        l
318     0    0        l
319     0    0        l
320     0    0        l
321     0    0        l
322     0    0        l
323     0    0        l
324     0    0        l
325     0    0        l
326     0    0        f
327     0    0        f
328     0    0        f
329     0    0        f
330     0    0        f
331     0    0        f
332     0    0        f
333     0    0        f
334     0    0        f
335     0    0        f
336     0    0        f
337     0    0        f
338     0    0        f
339     0    0        f
340     0    0        f
341     0    0        f
342     0    0        f
343     0    0        f
344     0    0        f
345     0    0        f
346     0    0        f
347     0    0        f
348     0    0        f
349     0    0        f
350     0    0        f
351     0    0        f
352     0    0        f
353     0    0        f
354     0    0        f
355     0    0        f
356     0    0        f
357     0    0        f
358     0    0        f
359     0    0        f
360     0    0        f
361     0    0        f
362     0    0        f
363     0    0        f
364     0    0        f
365     0    0        f
366     0    0        f
367     0    0        f
368     0    0        f
369     0    0        f
370     0    0        f
371     0    0        f
372     0    0        f
373     0    0        f
374     0    0        f
375     0    0        f
376     0    0        f
377     0    0        f
378     0    0        f
379     0    0        f
380     0    0        f
381     0    0        f
382     0    0        f
383     0    0        f
384     0    0        f
385     0    0        f
386     0    0        f
387     0    0        f
388     0    0        f
389     0    0        f
390     0    0        f
391     0    0        f
392     0    0        f
393     0    0        f
394     0    0        f
395     0    0        f
396     0    0        f
397     0    0        f
398     0    0        f
399     0    0        f
400     0    0        f
401     0    0        f
402     0    0        f
403     0    0        f
404     0    0        f
405     0    0        f
406     0    0        f
407     0    0        f
408     0    0        f
409     0    0        f
410     0    0        f
411     0    0        f
412     0    0        f
413     0    0        f
414     0    0        f
415     0    0        f
416     0    0        f
417     0    0        f
418     0    0        f
419     0    0        f
420     0    0        f
421     0    0        f
422     0    0        f
423     0    0        f
424     0    0        f
425     0    0        f
426     0    0        f
427     0    0        f
428     0    0        f
429     0    0        f
430     0    0        f
431     0    0        f
432     0    0        f
433     0    0        f
434     0    0        f
435     0    0        f
436     0    0        f
437     0    0        f
438     0    0        f
439     0    0        f
440     0    0        f
441     0    0        f
442     0    0        f
443     0    0        f
444     0    0        f
445     0    0        f
446     0    0        f
447     0    0        f
448     0    0        f
449     0    0        f
450     0    0        f
451     0    0        f
452     0    0        f
453     0    0        f
454     0    0        f
455     0    0        f
456     0    0        f
457     0    0        f
458     0    0        f
459     0    0        f
460     0    0        f
461     0    0        f
462     0    0        f
463     0    0        f
464     0    0        f
465     0    0        f
466     0    0        f
467     0    0        f
468     0    0        f
469     0    0        f
470     0    0        f
471     0    0        f
472     0    0        f
473     0    0        f
474     0    0        f
475     0    0        f
476     0    0        f
477     0    0        f
478     0    0        f
479     0    0        f
480     0    0        f
481     0    0        f
482     0    0        f
483     0    0        f
484     0    0        f
485     0    0        f
486     0    0        f
487     0    0        f
488     0    0        f
489     0    0        f
490     0    0        f
491     0    0        f
492     0    0        f
493     0    0        f
494     0    0        f
495     0    0        f
496     0    0        f
497     0    0        f
498     0    0        f
499     0    0        f
500     0    0        f
501     0    0        f
502     0    0        f
503     0    0        f
504     0    0        f
505     0    0        f
506     0    0        f
507     0    0        f
508     0    0        f
509     0    0        f
510     0    0        f
511     0    0        f
512     0    0        f
513     0    0        f
514     0    0        f
515     0    0        f
516     0    0        f
517     0    0        f
518     0    0        f
519     0    0        f
520     0    0        f
521     0    0        f
522     0    0        f
523     0    0        f
524     0    0        f
525     0    0        f
526     0    0        f
527     0    0        f
528     0    0        f
529     0    0        f
530     0    0        f
531     0    0        f
532     0    0        f
533     0    0        f
534     0    0        f
535     0    0        f
536     0    0        f
537     0    0        f
538     0    0        f
539     0    0        f
540     0    0        f
541     0    0        f
542     0    0        f
543     0    0        f
544     0    0        f
545     0    0        f
546     0    0        f
547     0    0        f
548     0    0        f
549     0    0        f
550     0    0        f
551     0    0        f
552     0    0        f
553     0    0        f
554     0    0        f
555     0    0        f
556     0    0        f
557     0    0        f
558     0    0        f
559     0    0        f
560     0    0        f
561     0    0        f
562     0    0        f
563     0    0        f
564     0    0        f
565     0    0        f
566     0    0        f
567     0    0        f
568     0    0        f
569     0    0        f
570     0    0        f
571     0    0        f
572     0    0        f
573     0    0        f
574     0    0        f
575     0    0        f
576     0    0        f
577     0    0        f
578     0    0        f
579     0    0        f
580     0    0        f
581     0    0        f
582     0    0        f
583     0    0        f
584     0    0        f
585     0    0        f
586     0    0        f
587     0    0        f
588     0    0        f
589     0    0        f
590     0    0        f
591     0    0        f
592     0    0        f
593     0    0        f
594     0    0        f
595     0    0        f
596     0    0        f
597     0    0        f
598     0    0        f
599     0    0        f
600     0    0        f
601     0    0        f
602     0    0        f
603     0    0        f
604     0    0        f
605     0    0        f
606     0    0        f
607     0    0        f
608     0    0        f
609     0    0        f
610     0    0        f
611     0    0        f
612     0    0        f
613     0    0        f
614     0    0        f
615     0    0        f
616     0    0        f
617     0    0        f
618     0    0        f
619     0    0        f
620     0    0        f
621     0    0        f
622     0    0        f
623     0    0        f
624     0    0        f
625     0    0        f
626     0    0        f
627     0    0        f
628     0    0        f
629     0    0        f
630     0    0        f
631     0    0        f
632     0    0        f
633     0    0        f
634     0    0        f
635     0    0        f
636     0    0        f
637     0    0        f
638     0    0        f
639     0    0        f
640     0    0        f
641     0    0        f
642     0    0        f
643     0    0        f
644     0    0        f
645     0    0        f
646     0    0        f
647     0    0        f
648     0    0        f
649     0    0        f
650     0    0        f
651     0    0        f
652     0    0        f
653     0    0        f
654     0    0        f
655     0    0        f
656     0    0        f
657     0    0        f
658     0    0        f
659     0    0        f
660     0    0        f
661     0    0        f
662     0    0        f
663     0    0        f
664     0    0        f
665     0    0        f
666     0    0        f
667     0    0        f
668     0    0        f
669     0    0        f
670     0    0        f
671     0    0        f
672     0    0        f
673     0    0        f
674     0    0        f
675     0    0        f
676     0    0        f
677     0    0        f
678     0    0        f
679     0    0        f
680     0    0        f
681     0    0        f
682     0    0        f
683     0    0        f
684     0    0        f
685     0    0        f
686     0    0        f
687     0    0        f
688     0    0        f
689     0    0        f
690     0    0        f
691     0    0        f
692     0    0        f
693     0    0        f
694     0    0        f
695     0    0        f
696     0    0        f
697     0    0        f
698     0    0        f
699     0    0        f
700     0    0        f
701     0    0        f
702     0    0        f
703     0    0        f
704     0    0        f
705     0    0        f
706     0    0        f
707     0    0        f
708     0    0        f
709     0    0        f
710     0    0        f
711     0    0        f
712     0    0        f
713     0    0        f
714     0    0        f
715     0    0        f
716     0    0        f
717     0    0        f
718     0    0        f
719     0    0        f
720     0    0        f
721     0    0        f
722     0    0        f
723     0    0        f
724     0    0        f
725     0    0        f
726     0    0        f
727     0    0        f
728     0    0        f
729     0    0        f
730     0    0        f
731     0    0        f
732     0    0        f
733     0    0        f
734     0    0        f
735     0    0        f
736     0    0        f
737     0    0        f
738     0    0        f
739     0    0        f
740     0    0        f
741     0    0        f
742     0    0        f
743     0    0        f
744     0    0        f
745     0    0        f
746     0    0        f
747     0    0        f
748     0    0        f
749     0    0        f
750     0    0        f
751     0    0        f
752     0    0        f
753     0    0        f
754     0    0        f
755     0    0        f
756     0    0        f
757     0    0        f
758     0    0        f
759     0    0        f
760     0    0        f
761     0    0        f
762     0    0        f
763     0    0        f
764     0    0        f
765     0    0        f
766     0    0        f
767     0    0        f
768     0    0        f
769     0    0        f
770     0    0        f
771     0    0        f
772     0    0        f
773     0    0        f
774     0    0        f
775     0    0        f
776     0    0        f
777     0    0        f
778     0    0        f
779     0    0        f
780     0    0        f
781     0    0        f
782     0    0        f
783     0    0        f
784     0    0        f
785     0    0        f
786     0    0        f
787     0    0        f
788     0    0        f
789     0    0        f
790     0    0        f
791     0    0        f
792     0    0        f
793     0    0        f
794     0    0        f
795     0    0        f
796     0    0        f
797     0    0        f
798     0    0        f
799     0    0        f
800     0    0        f
801     0    0        f
802     0    0        f
803     0    0        f
804     0    0        f
805     0    0        f
806     0    0        f
807     0    0        f
808     0    0        f
809     0    0        f
810     0    0        f
811     0    0        f
812     0    0        f
813     0    0        f
814     0    0        f
815     0    0        f
816     0    0        f
817     0    0        f
818     0    0        f
819     0    0        f
820     0    0        f
821     0    0        f
822     0    0        f
823     0    0        f
824     0    0        f
825     0    0        f
826     0    0        f
827     0    0        f
828     0    0        f
829     0    0        f
830     0    0        f
831     0    0        f
832     0    0        f
833     0    0        f
834     0    0        f
835     0    0        f
836     0    0        f
837     0    0        f
838     0    0        f
839     0    0        f
840     0    0        f
841     0    0        f
842     0    0        f
843     0    0        f
844     0    0        f
845     0    0        f
846     0    0        f
847     0    0        f
848     0    0        f
849     0    0        f
850     0    0        f
851     0    0        f
852     0    0        f
853     0    0        f
854     0    0        f
855     0    0        f
856     0    0        f
857     0    0        f
858     0    0        f
859     0    0        f
860     0    0        f
861     0    0        f
862     0    0        f
863     0    0        f
864     0    0        f
865     0    0        f
866     0    0        f
867     0    0        f
868     0    0        f
869     0    0        r
870     0    0        r
871     0    0        r
872     0    0        r
873     0    0        r
874     0    0        f
875     -112    99        f
876     -218    194        f
877     -218    194        l
878     -218    194        l
879     -218    194        l
880     -218    194        l
881     -218    194        l
882     -218    194        l
883     -218    194        l
884     -218    194        l
885     -321    285        f
886     -321    285        l
887     -418    372        f
888     -511    455        f
889     -600    534        f
890     -685    610        f
891     -767    682        f
892     -844    751        f
893     -918    817        f
894     -989    878        f
895     -1056    939        f
896     -1121    997        f
897     -1182    1051        f
898     -1241    1104        f
899     -1297    1153        f
900     -1351    1201        f
901     -1402    1246        f
902     -1451    1290        f
903     -1498    1331        f
904     -1542    1371        f
905     -1585    1409        f
906     -1625    1445        f
907     -1664    1479        f
908     -1701    1512        f
909     -1737    1544        f
910     -1770    1574        f
911     -1803    1603        f
912     -1834    1630        f
913     -1863    1655        f
914     -1891    1680        f
915     -1918    1705        f
916     -1944    1727        f
917     -1968    1748        f
918     -1992    1770        f
919     -2014    1789        f
920     -2036    1809        f
921     -2056    1827        f
922     -2075    1844        f
923     -2094    1860        f
924     -2112    1876        f
925     -2129    1891        f
926     -2145    1905        f
927     -2160    1919        f
928     -2175    1932        f
929     -2189    1945        f
930     -2203    1957        f
931     -2216    1968        f
932     -2228    1979        f
933     -2240    1989        f
934     -2251    1998        f
935     -2261    2009        f
936     -2272    2018        f
937     -2281    2026        f
938     -2291    2035        f
939     -2300    2043        f
940     -2308    2050        f
941     -2316    2057        f
942     -2324    2064        f
943     -2331    2071        f
944     -2339    2077        f
945     -2345    2083        f
946     -2352    2089        f
947     -2358    2094        f
948     -2364    2099        f
949     -2369    2104        f
950     -2375    2109        f
951     -2380    2114        f
952     -2385    2118        f
953     -2389    2122        f
954     -2394    2126        f
955     -2398    2130        f
956     -2402    2133        f
957     -2406    2137        f
958     -2410    2140        f
959     -2413    2143        f
960     -2417    2146        f
961     -2420    2149        f
962     -2423    2152        f
963     -2426    2155        f
964     -2429    2157        f
965     -2432    2159        f
966     -2434    2162        f
967     -2437    2164        f
968     -2439    2166        f
969     -2441    2168        f
970     -2443    2170        f
971     -2445    2172        f
972     -2447    2173        f
973     -2449    2175        f
974     -2449    2175        r
975     -2449    2175        r
976     -2449    2175        r
977     -2449    2175        r
978     -2449    2175        r
979     -2449    2175        r
980     -2449    2175        r
981     -2449    2175        r
982     -2449    2175        r
983     -2449    2175        r
984     -2449    2175        r
985     -2449    2175        r
986     -2449    2175        l
987     -2449    2175        r
988     -2449    2175        r
989     -2449    2175        r
990     -2449    2175        l
991     -2449    2175        r
992     -2449    2175        l
993     -2449    2175        l
994     -2449    2175        l
995     -2449    2175        l
996     -2449    2175        l
997     -2449    2175        r
998     -2449    2175        r
999     -2449    2175        l
1000     -2449    2175        l
1001     -2449    2175        r
1002     -2449    2175        r
1003     -2449    2175        r
1004     -2449    2175        r
1005     -2449    2175        r
1006     -2449    2175        r
1007     -2449    2175        f
1008     -2346    2200        f
1009     -2247    2224        f
1010     -2152    2246        f
1011     -2062    2268        f
1012     -1976    2289        f
1013     -1893    2308        f
1014     -1814    2327        f
1015     -1739    2345        f
1016     -1668    2363        f
1017     -1599    2379        f
1018     -1534    2395        f
1019     -1472    2410        f
1020     -1472    2410        l
1021     -1472    2410        l
1022     -1472    2410        l
1023     -1472    2410        l
1024     -1472    2410        l
1025     -1472    2410        l
1026     -1472    2410        l
1027     -1472    2410        l
1028     -1472    2410        l
1029     -1472    2410        l
1030     -1472    2410        l
1031     -1472    2410        l
1032     -1472    2410        l
1033     -1412    2424        f
1034     -1355    2438        f
1035     -1301    2451        f
1036     -1249    2463        f
1037     -1199    2475        f
1038     -1151    2486        f
1039     -1106    2497        f
1040     -1063    2508        f
1041     -1022    2517        f
1042     -982    2527        f
1043     -944    2536        f
1044     -908    2545        f
1045     -874    2553        f
1046     -841    2561        f
1047     -810    2568        f
1048     -780    2575        f
1049     -751    2582        f
1050     -724    2589        f
1051     -698    2595        f
1052     -673    2601        f
1053     -649    2606        f
1054     -626    2612        f
1055     -605    2617        f
1056     -584    2622        f
1057     -564    2627        f
1058     -545    2631        f
1059     -527    2636        f
1060     -509    2640        f
1061     -493    2644        f
1062     -478    2647        f
1063     -463    2651        f
1064     -448    2655        f
1065     -434    2658        f
1066     -421    2661        f
1067     -409    2664        f
1068     -397    2667        f
1069     -386    2670        f
1070     -375    2672        f
1071     -364    2675        f
1072     -354    2677        f
1073     -345    2679        f
1074     -336    2681        f
1075     -327    2684        f
1076     -319    2686        f
1077     -311    2687        f
1078     -303    2689        f
1079     -296    2691        f
1080     -289    2693        f
1081     -283    2694        f
1082     -276    2696        f
1083     -270    2697        f
1084     -265    2698        f
1085     -259    2700        f
1086     -254    2701        f
1087     -249    2702        f
1088     -244    2703        f
1089     -240    2704        f
1090     -235    2706        f
1091     -231    2707        f
1092     -227    2707        f
1093     -223    2708        f
1094     -220    2709        f
1095     -216    2710        f
1096     -213    2711        f
1097     -210    2712        f
1098     -206    2712        f
1099     -204    2713        f
1100     -200    2714        f
1101     -199    2714        f
1102     -196    2715        f
1103     -194    2716        f
1104     -191    2716        f
1105     -191    2716        r
1106     -191    2716        r
1107     -191    2716        r
1108     -191    2716        r
1109     -191    2716        r
1110     -191    2716        r
1111     -191    2716        f
1112     -256    2613        f
1113     -317    2515        f
1114     -376    2421        f
1115     -432    2331        f
1116     -484    2245        f
1117     -536    2163        f
1118     -585    2085        f
1119     -632    2010        f
1120     -676    1939        f
1121     -719    1871        f
1122     -760    1805        f
1123     -798    1744        f
1124     -835    1684        f
1125     -871    1628        f
1126     -905    1574        f
1127     -936    1522        f
1128     -936    1522        r
1129     -936    1522        r
1130     -936    1522        r
1131     -936    1522        r
1132     -936    1522        r
1133     -936    1522        r
1134     -968    1472        f
1135     -968    1472        r
1136     -968    1472        r
1137     -968    1472        r
1138     -968    1472        r
1139     -968    1472        r
1140     -968    1472        r
1141     -968    1472        r
1142     -968    1472        r
1143     -968    1472        r
1144     -968    1472        r
1145     -968    1472        r
1146     -968    1472        r
1147     -968    1472        r
1148     -968    1472        r
1149     -968    1472        r
1150     -968    1472        r
1151     -968    1472        r
1152     -968    1472        r
1153     -968    1472        r
1154     -968    1472        r
1155     -968    1472        r
1156     -968    1472        r
1157     -968    1472        r
1158     -968    1472        r
1159     -968    1472        r
1160     -968    1472        r
1161     -968    1472        r
1162     -968    1472        r
1163     -968    1472        r
1164     -968    1472        r
1165     -968    1472        r
1166     -968    1472        r
1167     -968    1472        r
1168     -968    1472        r
1169     -968    1472        r
1170     -968    1472        r
1171     -968    1472        r
1172     -968    1472        r
1173     -968    1472        r
1174     -997    1425        f
1175     -997    1425        r
1176     -997    1425        r
1177     -997    1425        r
1178     -997    1425        r
1179     -997    1425        r
1180     -997    1425        r
1181     -997    1425        r
1182     -997    1425        r
1183     -997    1425        r
1184     -997    1425        r
1185     -997    1425        r
1186     -997    1425        r
1187     -997    1425        f
1188     -1024    1353        f
1189     -1049    1285        f
1190     -1073    1220        f
1191     -1096    1157        f
1192     -1119    1097        f
1193     -1140    1040        f
1194     -1160    986        f
1195     -1179    934        f
1196     -1197    884        f
1197     -1215    836        f
1198     -1231    792        f
1199     -1247    748        f
1200     0    0        f
1200     0    0        f
1200     0    0        f
1200     0    0        f
1200     0    0        f
1200     0    0        f
1200     0    0        f
1200     0    0        f
1200     0    0        f
1200     0    0        f
1200     0    0        f
1200     0    0        f
1200     0    0        f
1200     0    0        f
1200     0    0        f
1200     0    0        f
1200     0    0        f
1200     0    0        f
1200     0    0        f
1200     0    0        f
1200     0    0        f
1200     0    0        f
1200     0    0        f
1200     0    0        f
1200     0    0        f
1200     0    0        f
1200     0    0        f
1200     0    0        f
1200     0    0        f
1200     0    0        f
1200     0    0        f
1200     0    0        f
1200     0    0        f
1200     0    0        f
1200     0    0        f
1200     0    0        f
1200     0    0        f
1200     0    0        f
1200     0    0        f
1200     0    0        f
1200     0    0        f
1200     0    0        f
1200     0    0        f
1200     0    0        f
1200     0    0        f
1200     0    0        f
1200     0    0        f
1200     0    0        f
1200     0    0        f
1200     0    0        f
1200     0    0        f
1200     0    0        f
1200     0    0        f
1200     0    0        f
1200     0    0        f
1200     0    0        f
1200     0    0        f
1200     0    0        f
1200     0    0        f
1200     0    0        f
1200     0    0        f
1200     0    0        f
1200     0    0        f
1200     0    0        f
1200     0    0        f
1200     0    0        f
1200     0    0        f
1200     0    0        f
1200     0    0        f
1200     0    0        f
1200     0    0        f
1200     0    0        f
1200     0    0        f
1200     0    0        f
1200     0    0        f
1200     0    0        f
1200     0    0        f
1200     0    0        f
1200     0    0        f
1200     0    0        f
1200     0    0        f
1200     0    0        f
1200     0    0        f
1200     0    0        f
1200     0    0        f
1200     0    0        f
1200     0    0        f
1200     0    0        f
1200     0    0        f
1200     0    0        f
1200     0    0        f
1200     0    0        f
1200     0    0        f
1200     0    0        f
1200     0    0        f
1200     0    0        f
1200     0    0        f
1200     0    0        f
1200     0    0        f
1200     0    0        f
1200     0    0        f
1200     0    0        f
1201     0    0        f
1202     0    0        f
1203     0    0        f
1204     0    0        f
1205     0    0        f
1206     0    0        f
1207     0    0        f
1208     0    0        f
1209     0    0        f
1210     0    0        f
1211     0    0        f
1212     0    0        f
1213     0    0        f
1214     0    0        f
1215     0    0        f
1216     0    0        f
1217     0    0        f
1218     0    0        f
1219     0    0        f
1220     0    0        f
1221     0    0        f
1222     0    0        f
1223     0    0        f
1224     0    0        f
1225     0    0        f
1226     0    0        f
1227     0    0        f
1228     0    0        f
1229     0    0        f
1230     0    0        f
1231     0    0        f
1232     0    0        f
1233     0    0        f
1234     0    0        f
1235     0    0        f
1236     0    0        f
1237     0    0        f
1238     0    0        f
1239     0    0        f
1240     0    0        f
1241     0    0        f
1242     0    0        f
1243     0    0        f
1244     0    0        f
1245     0    0        f
1246     0    0        f
1247     0    0        f
1248     0    0        f
1249     0    0        f
1250     0    0        f
1251     0    0        f
1252     0    0        f
1253     0    0        f
1254     0    0        f
1255     0    0        f
1256     0    0        f
1257     0    0        f
1258     0    0        f
1259     0    0        f
1260     0    0        f
1261     0    0        f
1262     0    0        f
1263     0    0        f
1264     0    0        f
1265     0    0        f
1266     0    0        f
1267     0    0        f
1268     0    0        f
1269     0    0        f
1270     0    0        f
1271     0    0        f
1272     0    0        f
1273     0    0        f
1274     0    0        f
1275     0    0        f
1276     0    0        f
1277     0    0        f
1278     0    0        f
1279     0    0        f
1280     0    0        f
1281     0    0        f
1282     0    0        f
1283     0    0        f
1284     0    0        f
1285     0    0        f
1286     0    0        f
1287     0    0        f
1288     0    0        f
1289     0    0        f
1290     0    0        f
1291     0    0        f
1292     0    0        f
1293     0    0        f
1294     0    0        f
1295     0    0        f
1296     0    0        f
1297     0    0        f
1298     0    0        f
1299     0    0        f
1300     0    0        f
1301     0    0        f
1302     0    0        f
1303     0    0        f
1304     0    0        f
1305     0    0        r
1306     0    0        r
1307     0    0        r
1308     0    0        r
1309     0    0        r
1310     0    0        r
1311     0    0        r
1312     0    0        r
1313     0    0        r
1314     0    0        r
1315     0    0        r
1316     0    0        r
1317     0    0        r
1318     0    0        f
1319     -69    31        f
1320     -135    62        f
1321     -199    91        f
1322     -199    91        l
1323     -199    91        l
1324     -199    91        l
1325     -199    91        l
1326     -199    91        l
1327     -199    91        l
1328     -199    91        f
1329     -128    63        f
1330     -60    35        f
1331     4    9        f
1332     66    -15        f
1333     125    -39        f
1334     181    -61        f
1335     235    -83        f
1336     286    -104        f
1337     335    -124        f
1338     382    -142        f
1339     426    -160        f
1340     470    -178        f
1341     509    -194        f
1342     549    -210        f
1343     587    -225        f
1344     622    -239        f
1345     656    -252        f
1346     689    -266        f
1347     720    -278        f
1348     749    -290        f
1349     777    -302        f
1350     803    -313        f
1351     830    -323        f
1352     855    -333        f
1353     877    -342        f
1354     901    -351        f
1355     922    -360        f
1356     943    -368        f
1357     961    -376        f
1358     981    -384        f
1359     998    -391        f
1360     1015    -398        f
1361     1032    -404        f
1362     1047    -409        f
1363     1062    -416        f
1364     1076    -422        f
1365     1090    -426        f
1366     1103    -433        f
1367     1115    -438        f
1368     1127    -442        f
1369     1138    -447        f
1370     1149    -451        f
1371     1159    -455        f
1372     1169    -459        f
1373     1178    -463        f
1374     1187    -467        f
1375     1195    -470        f
1376     1203    -473        f
1377     1211    -476        f
1378     1219    -479        f
1379     1226    -482        f
1380     1232    -484        f
1381     1239    -488        f
1382     1245    -490        f
1383     1251    -492        f
1384     1257    -495        f
1385     1262    -497        f
1386     1267    -499        f
1387     1272    -501        f
1388     1277    -503        f
1389     1281    -505        f
1390     1286    -505        f
1391     1290    -508        f
1392     1294    -509        f
1393     1297    -511        f
1394     1301    -512        f
1395     1304    -514        f
1396     1307    -515        f
1397     1311    -516        f
1398     1313    -518        f
1399     1316    -519        f
1400     1319    -520        f
1401     1322    -521        f
1402     1324    -522        f
1403     1326    -523        f
1404     1329    -524        f
1405     1331    -525        f
1406     1333    -525        f
1407     1335    -526        f
1408     1337    -527        f
1409     1338    -528        f
1410     1340    -528        f
1411     1342    -529        f
1412     1343    -530        f
1413     1345    -530        f
1414     1346    -531        f
1415     1348    -531        f
1416     1349    -532        f
1417     1349    -532        r
1418     1349    -532        r
1419     1349    -532        r
1420     1349    -532        r
1421     1349    -532        r
1422     1349    -532        r
1423     1349    -532        r
1424     1349    -532        r
1425     1349    -532        r
1426     1349    -532        l
1427     1349    -532        r
1428     1349    -532        l
1429     1349    -532        r
1430     1349    -532        r
1431     1349    -532        r
1432     1349    -532        r
1433     1349    -532        f
1434     1274    -514        f
1435     1203    -497        f
1436     1135    -480        f
1437     1070    -466        f
1438     1009    -451        f
1439     949    -437        f
1440     893    -424        f
1441     839    -411        f
1442     788    -399        f
1443     738    -387        f
1444     692    -376        f
1445     647    -365        f
1446     604    -355        f
1447     563    -346        f
1448     524    -336        f
1449     487    -327        f
1450     451    -319        f
1451     417    -311        f
1452     384    -303        f
1453     353    -296        f
1454     324    -289        f
1455     295    -282        f
1456     268    -276        f
1457     242    -270        f
1458     218    -264        f
1459     194    -258        f
1460     172    -252        f
1461     150    -248        f
1462     129    -243        f
1463     110    -238        f
1464     91    -234        f
1465     73    -229        f
1466     56    -225        f
1467     40    -221        f
1468     24    -218        f
1469     9    -214        f
1470     -4    -211        f
1471     -18    -208        f
1472     -31    -204        f
1473     -43    -202        f
1474     -55    -199        f
1475     -66    -196        f
1476     -77    -194        f
1477     -87    -191        f
1478     -87    -191        r
1479     -87    -191        r
1480     -87    -191        f
1481     -129    -119        f
1482     -170    -49        f
1483     -208    16        f
1484     -245    79        f
1485     -280    140        f
1486     -313    198        f
1487     -345    252        f
1488     -376    305        f
1489     -405    356        f
1490     -433    404        f
1491     -459    450        f
1492     -484    493        f
1493     -509    535        f
1494     -532    575        f
1495     -554    613        f
1496     -575    650        f
1497     -595    685        f
1498     -614    718        f
1499     -633    750        f
1500     -650    780        f
1501     -667    809        f
1502     -683    836        f
1503     -698    863        f
1504     -713    888        f
1505     -727    911        f
1506     -740    935        f
1507     -753    957        f
1508     -765    977        f
1509     -777    999        f
1510     -788    1018        f
1511     -798    1036        f
1512     -808    1054        f
1513     -818    1070        f
1514     -827    1086        f
1515     -836    1102        f
1516     -844    1116        f
1517     -852    1130        f
1518     -860    1143        f
1519     -867    1156        f
1520     -867    1156        r
1521     -867    1156        r
1522     -867    1156        r
1523     -867    1156        r
1524     -867    1156        f
1525     -964    1041        f
1526     -1056    932        f
1527     -1144    827        f
1528     -1228    727        f
1529     -1309    632        f
1530     -1385    541        f
1531     -1458    454        f
1532     -1528    371        f
1533     -1595    292        f
1534     -1659    216        f
1535     -1720    144        f
1536     -1778    75        f
1537     -1832    9        f
1538     -1886    -53        f
1539     -1937    -112        f
1540     -1985    -170        f
1541     -2032    -225        f
1542     -2076    -277        f
1543     -2118    -327        f
1544     -2158    -375        f
1545     -2158    -375        l
1546     -2158    -375        l
1547     -2158    -375        l
1548     -2158    -375        f
1549     -2075    -317        f
1550     -1995    -261        f
1551     -1919    -206        f
1552     -1846    -156        f
1553     -1777    -107        f
1554     -1710    -61        f
1555     -1647    -16        f
1556     -1586    25        f
1557     -1529    66        f
1558     -1474    104        f
1559     -1421    141        f
1560     -1371    176        f
1561     -1323    210        f
1562     -1277    242        f
1563     -1233    273        f
1564     -1191    303        f
1565     -1152    331        f
1566     -1113    357        f
1567     -1077    383        f
1568     -1042    407        f
1569     -1009    430        f
1570     -977    453        f
1571     -947    474        f
1572     -918    495        f
1573     -891    514        f
1574     -864    532        f
1575     -839    550        f
1576     -815    567        f
1577     -792    583        f
1578     -770    599        f
1579     -749    613        f
1580     -729    627        f
1581     -710    641        f
1582     -692    654        f
1583     -674    666        f
1584     -658    678        f
1585     -642    689        f
1586     -627    699        f
1587     -612    710        f
1588     -598    719        f
1589     -585    729        f
1590     -572    737        f
1591     -560    746        f
1592     -549    754        f
1593     -538    762        f
1594     -538    762        r
1595     -538    762        f
1596     -579    617        f
1597     -579    617        l
1598     -579    617        l
1599     -579    617        f
1600     -509    585        f
1601     -443    555        f
1602     -379    526        f
1603     -319    498        f
1604     -261    472        f
1605     -206    446        f
1606     -153    422        f
1607     -103    399        f
1608     -55    377        f
1609     -9    356        f
1610     34    336        f
1611     76    317        f
1612     115    299        f
1613     154    281        f
1614     190    265        f
1615     225    249        f
1616     259    233        f
1617     290    219        f
1618     321    204        f
1619     350    192        f
1620     377    179        f
1621     404    167        f
1622     429    155        f
1623     453    144        f
1624     476    134        f
1625     499    124        f
1626     520    113        f
1627     540    105        f
1628     559    96        f
1629     577    88        f
1630     595    80        f
1631     611    72        f
1632     627    65        f
1633     642    57        f
1634     657    51        f
1635     671    45        f
1636     684    39        f
1637     697    33        f
1638     709    27        f
1639     720    22        f
1640     731    17        f
1641     742    12        f
1642     752    8        f
1643     761    3        f
1644     771    0        f
1645     779    -4        f
1646     788    -8        f
1647     796    -11        f
1648     802    -15        f
1649     810    -18        f
1650     817    -21        f
1651     824    -24        f
1652     830    -27        f
1653     836    -30        f
1654     842    -33        f
1655     848    -35        f
1656     852    -38        f
1657     852    -38        r
1658     852    -38        r
1659     852    -38        f
1660     703    -40        f
1661     560    -42        f
1662     423    -44        f
1663     292    -45        f
1664     167    -47        f
1665     48    -49        f
1666     -65    -50        f
1667     -173    -52        f
1668     -277    -53        f
1669     -376    -55        f
1670     -471    -56        f
1671     -561    -56        f
1672     -647    -57        f
1673     -730    -59        f
1674     -808    -60        f
1675     -883    -61        f
1676     -955    -62        f
1677     -1023    -63        f
1678     -1089    -64        f
1679     -1151    -65        f
1680     -1211    -66        f
1681     -1268    -67        f
1682     -1322    -67        f
1683     -1374    -68        f
1684     -1424    -69        f
1685     -1471    -70        f
1686     -1516    -70        f
1687     -1559    -71        f
1688     -1601    -71        f
1689     -1639    -72        f
1690     -1678    -72        f
1691     -1713    -73        f
1692     -1748    -73        f
1693     -1780    -74        f
1694     -1812    -74        f
1695     -1842    -75        f
1696     -1870    -75        f
1697     -1897    -75        f
1698     -1923    -76        f
1699     -1948    -76        f
1700     -1972    -76        f
1701     -1995    -77        f
1702     -2017    -77        f
1703     -2037    -77        f
1704     -2057    -78        f
1705     -2076    -78        f
1706     -2094    -78        f
1707     -2111    -78        f
1708     -2127    -79        f
1709     -2143    -79        f
1710     -2158    -79        f
1711     -2172    -79        f
1712     -2186    -79        f
1713     -2199    -80        f
1714     -2212    -80        f
1715     -2224    -80        f
1716     -2235    -80        f
1717     -2246    -80        f
1718     -2256    -80        f
1719     -2266    -80        f
1720     -2276    -81        f
1721     -2285    -81        f
1722     -2293    -81        f
1723     -2293    -81        l
1724     -2293    -81        l
1725     -2293    -81        l
1726     -2293    -81        f
1727     -2226    52        f
1728     -2161    180        f
1729     -2099    302        f
1730     -2039    419        f
1731     -1984    530        f
1732     -1930    636        f
1733     -1879    738        f
1734     -1830    834        f
1735     -1782    927        f
1736     -1739    1016        f
1737     -1696    1100        f
1738     -1655    1181        f
1739     -1616    1258        f
1740     -1579    1332        f
1741     -1543    1402        f
1742     -1509    1469        f
1743     -1477    1533        f
1744     -1446    1594        f
1745     -1417    1653        f
1746     -1388    1707        f
1747     -1388    1707        r
1748     -1388    1707        r
1749     -1388    1707        r
1750     -1388    1707        r
1751     -1388    1707        f
1752     -1441    1653        f
1753     -1491    1600        f
1754     -1539    1549        f
1755     -1585    1501        f
1756     -1629    1455        f
1757     -1671    1411        f
1758     -1711    1369        f
1759     -1748    1328        f
1760     -1785    1290        f
1761     -1820    1253        f
1762     -1853    1218        f
1763     -1885    1185        f
1764     -1914    1153        f
1765     -1944    1123        f
1766     -1972    1094        f
1767     -1998    1066        f
1768     -2023    1039        f
1769     -2048    1014        f
1770     -2071    990        f
1771     -2093    967        f
1772     -2114    944        f
1773     -2134    924        f
1774     -2153    903        f
1775     -2171    884        f
1776     -2188    866        f
1777     -2205    849        f
1778     -2221    832        f
1779     -2236    816        f
1780     -2251    801        f
1781     -2265    786        f
1782     -2278    772        f
1783     -2290    759        f
1784     -2302    746        f
1785     -2314    734        f
1786     -2325    723        f
1787     -2335    712        f
1788     -2346    701        f
1789     -2355    691        f
1790     -2364    681        f
1791     -2373    672        f
1792     -2381    664        f
1793     -2389    655        f
1794     -2397    647        f
1795     -2404    640        f
1796     -2411    632        f
1797     -2418    625        f
1798     -2424    619        f
1799     -2430    612        f
1800     -2436    606        f
1801     -2441    600        f
1802     -2447    595        f
1803     -2452    590        f
1804     -2456    585        f
1805     -2461    580        f
1806     -2465    575        f
1807     -2470    571        f
1808     -2470    571        r
1809     -2470    571        r
1810     -2470    571        l
1811     -2470    571        l
1812     -2470    571        r
1813     -2470    571        r
1814     -2470    571        r
1815     -2470    571        l
1816     -2470    571        r
1817     -2470    571        r
1818     -2470    571        r
1819     -2470    571        r
1820     -2470    571        r
1821     -2470    571        r
1822     -2470    571        r
1823     -2470    571        f
1824     -2615    535        f
1825     -2755    501        f
1826     -2888    470        f
1827     -3015    438        f
1828     -3136    409        f
1829     -3252    381        f
1830     -3363    355        f
1831     -3469    329        f
1832     -3570    305        f
1833     -3665    281        f
1834     -3758    259        f
1835     -3846    238        f
1836     -3929    217        f
1837     -4010    198        f
1838     -4086    179        f
1839     -4160    162        f
1840     -4230    145        f
1841     -4297    129        f
1842     -4361    112        f
1843     -4421    99        f
1844     -4480    85        f
1845     -4480    85        l
1846     -4480    85        l
1847     -4535    71        f
1848     -4588    57        f
1849     -4639    46        f
1850     -4687    35        f
1851     -4733    23        f
1852     -4778    13        f
1853     -4820    2        f
1854     -4860    -6        f
1855     -4898    -16        f
1856     -4935    -24        f
1857     -4970    -33        f
1858     -5003    -41        f
1859     0    0        f
1860     0    0        f
1861     0    0        f
1862     0    0        f
1863     0    0        f
1864     0    0        f
1865     0    0        f
1866     0    0        f
1867     0    0        f
1868     0    0        f
1869     0    0        f
1870     0    0        f
1871     0    0        f
1872     0    0        f
1873     0    0        f
1874     0    0        f
1875     0    0        f
1876     0    0        f
1877     0    0        f
1878     0    0        f
1879     0    0        f
1880     0    0        f
1881     0    0        f
1882     0    0        f
1883     0    0        f
1884     0    0        f
1885     0    0        f
1886     0    0        f
1887     0    0        f
1888     0    0        f
1889     0    0        f
1890     0    0        f
1891     0    0        f
1892     0    0        f
1893     0    0        f
1894     0    0        f
1895     0    0        f
1896     0    0        f
1897     0    0        f
1898     0    0        f
1899     0    0        f
1900     0    0        f
1901     0    0        f
1902     0    0        f
1903     0    0        f
1904     0    0        f
1905     0    0        f
1906     0    0        f
1907     0    0        f
1908     0    0        f
1909     0    0        f
1910     0    0        f
1911     0    0        f
1912     0    0        f
1913     0    0        f
1914     0    0        f
1915     0    0        f
1916     0    0        f
1917     0    0        f
1918     0    0        f
1919     0    0        f
1920     0    0        f
1921     0    0        f
1922     0    0        f
1923     0    0        f
1924     0    0        f
1925     0    0        f
1926     0    0        f
1927     0    0        f
1928     0    0        f
1929     0    0        f
1930     0    0        f
1931     0    0        f
1932     0    0        f
1933     0    0        f
1934     0    0        f
1935     0    0        f
1936     0    0        f
1937     0    0        f
1938     0    0        f
1939     0    0        f
1940     0    0        f
1941     0    0        f
1942     0    0        f
1943     0    0        f
1944     0    0        f
1945     0    0        f
1946     0    0        f
1947     0    0        f
1948     0    0        f
1949     0    0        f
1950     0    0        f
1951     0    0        f
1952     0    0        f
1953     0    0        f
1954     0    0        f
1955     0    0        f
1956     0    0        f
1957     0    0        f
1958     0    0        f
1959     0    0        f
1960     0    0        f
1961     0    0        f
1962     0    0        f
1963     0    0        f
1964     0    0        f
1965     0    0        r
1966     0    0        r
1967     0    0        r
1968     0    0        r
1969     0    0        r
1970     0    0        r
1971     0    0        r
1972     0    0        f
1973     -64    -41        f
1974     -125    -80        f
1975     -184    -118        f
1976     -240    -154        f
1977     -294    -189        f
1978     -345    -221        f
1979     -393    -252        f
1980     -440    -283        f
1981     -484    -311        f
1982     -527    -339        f
1983     -567    -365        f
1984     -606    -390        f
1985     -643    -413        f
1986     -678    -436        f
1987     -712    -458        f
1988     -744    -479        f
1989     -775    -499        f
1990     -803    -518        f
1991     -832    -536        f
1992     -859    -553        f
1993     -885    -569        f
1994     -909    -585        f
1995     -933    -600        f
1996     -955    -614        f
1997     -976    -628        f
1998     -997    -641        f
1999     -1016    -654        f
2000     -1035    -665        f
2001     -1052    -677        f
2002     -1069    -688        f
2003     -1085    -698        f
2004     -1101    -708        f
2005     -1116    -717        f
2006     -1130    -726        f
2007     -1143    -735        f
2008     -1156    -743        f
2009     -1168    -751        f
2010     -1180    -759        f
2011     -1191    -766        f
2012     -1202    -773        f
2013     -1212    -779        f
2014     -1222    -785        f
2015     -1231    -791        f
2016     -1240    -797        f
2017     -1249    -802        f
2018     -1257    -808        f
2019     -1264    -813        f
2020     -1272    -817        f
2021     -1279    -822        f
2022     -1286    -826        f
2023     -1292    -830        f
2024     -1292    -830        l
2025     -1292    -830        l
2026     -1292    -830        l
2027     -1292    -830        f
2028     -1225    -713        f
2029     -1161    -601        f
2030     -1100    -495        f
2031     -1042    -393        f
2032     -986    -296        f
2033     -933    -202        f
2034     -882    -113        f
2035     -833    -28        f
2036     -787    51        f
2037     -743    128        f
2038     -700    202        f
2039     -660    273        f
2040     -622    340        f
2041     -585    405        f
2042     -550    466        f
2043     -516    525        f
2044     -484    581        f
2045     -484    581        l
2046     -484    581        l
2047     -484    581        l
2048     -454    634        f
2049     -454    634        l
2050     -454    634        l
2051     -454    634        l
2052     -454    634        l
2053     -454    634        l
2054     -454    634        l
2055     -424    685        f
2056     -424    685        l
2057     -424    685        f
2058     -353    618        f
2059     -285    555        f
2060     -221    494        f
2061     -159    436        f
2062     -100    380        f
2063     -43    327        f
2064     10    276        f
2065     62    227        f
2066     111    182        f
2067     158    138        f
2068     202    96        f
2069     246    56        f
2070     286    17        f
2071     326    -18        f
2072     363    -53        f
2073     398    -87        f
2074     433    -118        f
2075     465    -149        f
2076     496    -178        f
2077     526    -206        f
2078     554    -231        f
2079     581    -258        f
2080     607    -282        f
2081     632    -305        f
2082     655    -327        f
2083     678    -348        f
2084     699    -368        f
2085     720    -387        f
2086     739    -405        f
2087     758    -423        f
2088     776    -440        f
2089     793    -455        f
2090     809    -471        f
2091     825    -486        f
2092     840    -500        f
2093     853    -513        f
2094     867    -526        f
2095     880    -538        f
2096     893    -550        f
2097     905    -561        f
2098     916    -571        f
2099     927    -581        f
2100     936    -591        f
2101     947    -600        f
2102     956    -609        f
2103     965    -617        f
2104     974    -625        f
2105     982    -633        f
2106     990    -640        f
2107     997    -647        f
2108     997    -647        l
2109     997    -647        l
2110     997    -647        l
2111     997    -647        l
2112     997    -647        f
2113     1074    -653        f
2114     1146    -659        f
2115     1216    -665        f
2116     1282    -670        f
2117     1346    -675        f
2118     1406    -680        f
2119     1464    -685        f
2120     1519    -689        f
2121     1572    -693        f
2122     1622    -698        f
2123     1670    -701        f
2124     1716    -705        f
2125     1760    -709        f
2126     1801    -712        f
2127     1841    -715        f
2128     1880    -718        f
2129     1916    -721        f
2130     1951    -724        f
2131     1984    -727        f
2132     2016    -729        f
2133     2046    -732        f
2134     2075    -734        f
2135     2102    -736        f
2136     2129    -738        f
2137     2154    -740        f
2138     2178    -742        f
2139     2201    -744        f
2140     2223    -746        f
2141     2244    -748        f
2142     2264    -749        f
2143     2283    -751        f
2144     2301    -752        f
2145     2319    -754        f
2146     2335    -755        f
2147     2351    -756        f
2148     2366    -757        f
2149     2381    -759        f
2150     2395    -760        f
2151     2408    -761        f
2152     2421    -762        f
2153     2433    -763        f
2154     2444    -764        f
2155     2455    -765        f
2156     2466    -765        f
2157     2476    -766        f
2158     2486    -767        f
2159     2495    -768        f
2160     2503    -768        f
2161     2512    -769        f
2162     2520    -770        f
2163     2527    -770        f
2164     2535    -771        f
2165     2542    -772        f
2166     2548    -772        f
2167     2555    -773        f
2168     2561    -773        f
2169     2566    -774        f
2170     2572    -774        f
2171     2577    -774        f
2172     2582    -775        f
2173     2587    -775        f
2174     2592    -776        f
2175     2596    -776        f
2176     2600    -776        f
2177     2604    -777        f
2178     2608    -777        f
2179     2612    -777        f
2180     2615    -777        f
2181     2619    -778        f
2182     2622    -778        f
2183     2625    -778        f
2184     2628    -778        f
2185     2631    -779        f
2186     2633    -779        f
2187     2636    -779        f
2188     2638    -779        f
2189     2640    -779        f
2190     2643    -780        f
2191     2645    -780        f
2192     2647    -780        f
2193     2649    -780        f
2194     2651    -780        f
2195     2652    -780        f
2196     2654    -781        f
2197     2656    -781        f
2198     2657    -781        f
2199     2659    -781        f
2200     2660    -781        f
2201     2661    -781        f
2202     2662    -781        f
2203     2664    -781        f
2204     2665    -781        f
2205     2666    -781        f
2206     2667    -782        f
2207     2668    -782        f
2208     2669    -782        f
2209     2670    -782        f
2210     2671    -782        f
2211     2672    -782        f
2212     2672    -782        f
2213     2673    -782        f
2214     2673    -782        r
2215     2673    -782        r
2216     2673    -782        r
2217     2673    -782        r
2218     2673    -782        r
2219     2673    -782        r
2220     2673    -782        r
2221     2673    -782        r
2222     2673    -782        r
2223     2673    -782        r
2224     2673    -782        r
2225     2673    -782        f
2226     2592    -665        f
2227     2515    -553        f
2228     2441    -446        f
2229     2370    -345        f
2230     2302    -247        f
2231     2238    -154        f
2232     2176    -65        f
2233     2117    18        f
2234     2061    99        f
2235     2007    177        f
2236     1955    250        f
2237     1907    321        f
2238     1860    388        f
2239     1814    453        f
2240     1773    514        f
2241     1732    573        f
2242     1693    629        f
2243     1655    682        f
2244     1620    733        f
2245     1620    733        r
2246     1620    733        r
2247     1620    733        r
2248     1620    733        r
2249     1620    733        r
2250     1620    733        r
2251     1620    733        r
2252     1620    733        r
2253     1620    733        r
2254     1620    733        r
2255     1620    733        r
2256     1620    733        r
2257     1620    733        r
2258     1620    733        r
2259     1620    733        r
2260     1620    733        r
2261     1620    733        f
2262     1539    607        f
2263     1461    487        f
2264     1387    372        f
2265     1316    262        f
2266     1248    157        f
2267     1184    56        f
2268     1122    -37        f
2269     1063    -129        f
2270     1007    -216        f
2271     952    -299        f
2272     902    -379        f
2273     852    -455        f
2274     807    -528        f
2275     762    -597        f
2276     719    -663        f
2277     679    -727        f
2278     640    -787        f
2279     603    -844        f
2280     567    -900        f
2281     534    -952        f
2282     501    -1002        f
2283     470    -1051        f
2284     441    -1097        f
2285     413    -1141        f
2286     386    -1183        f
2287     360    -1222        f
2288     336    -1261        f
2289     313    -1297        f
2290     290    -1332        f
2291     269    -1365        f
2292     249    -1397        f
2293     229    -1427        f
2294     211    -1456        f
2295     193    -1484        f
2296     176    -1510        f
2297     160    -1535        f
2298     145    -1560        f
2299     130    -1583        f
2300     115    -1604        f
2301     102    -1625        f
2302     90    -1645        f
2303     77    -1664        f
2304     66    -1682        f
2305     55    -1700        f
2306     44    -1717        f
2307     34    -1732        f
2308     24    -1748        f
2309     15    -1763        f
2310     6    -1777        f
2311     -2    -1789        f
2312     -10    -1802        f
2313     -17    -1814        f
2314     -25    -1826        f
2315     -32    -1837        f
2316     -32    -1837        r
2317     -32    -1837        r
2318     -32    -1837        r
2319     -32    -1837        f
2320     -125    -1780        f
2321     -215    -1726        f
2322     -300    -1673        f
2323     -382    -1623        f
2324     -459    -1577        f
2325     -534    -1532        f
2326     -605    -1489        f
2327     -672    -1447        f
2328     -737    -1408        f
2329     -799    -1371        f
2330     -858    -1335        f
2331     -914    -1301        f
2332     -968    -1268        f
2333     -1019    -1237        f
2334     -1069    -1207        f
2335     -1116    -1178        f
2336     -1161    -1151        f
2337     -1161    -1151        r
2338     -1161    -1151        r
2339     -1161    -1151        f
2340     -1209    -1086        f
2341     -1256    -1024        f
2342     -1300    -965        f
2343     -1343    -909        f
2344     -1383    -855        f
2345     -1422    -803        f
2346     -1459    -755        f
2347     -1494    -708        f
2348     -1528    -663        f
2349     -1560    -620        f
2350     -1591    -579        f
2351     -1620    -540        f
2352     -1648    -503        f
2353     -1648    -503        r
2354     -1648    -503        f
2355     -1723    -494        f
2356     -1797    -486        f
2357     -1866    -478        f
2358     -1932    -470        f
2359     -1996    -463        f
2360     -2056    -455        f
2361     -2114    -450        f
2362     -2169    -443        f
2363     -2222    -437        f
2364     -2272    -430        f
2365     -2321    -426        f
2366     -2367    -421        f
2367     -2411    -416        f
2368     -2453    -411        f
2369     -2493    -405        f
2370     -2531    -401        f
2371     -2567    -398        f
2372     -2602    -394        f
2373     -2635    -390        f
2374     -2667    -386        f
2375     -2698    -383        f
2376     -2727    -380        f
2377     -2754    -377        f
2378     -2781    -374        f
2379     -2806    -371        f
2380     -2830    -368        f
2381     -2853    -365        f
2382     -2875    -363        f
2383     -2896    -360        f
2384     -2916    -358        f
2385     -2935    -356        f
2386     -2953    -354        f
2387     -2971    -352        f
2388     -2987    -350        f
2389     -3003    -348        f
2390     -3018    -346        f
2391     -3033    -345        f
2392     -3033    -345        l
2393     -3033    -345        l
2394     -3033    -345        l
2395     -3033    -345        l
2396     -3033    -345        f
2397     -2913    -434        f
2398     -2799    -521        f
2399     -2690    -604        f
