step   ball_X    ball_Y    side
2     0    0        f
3     0    0        f
4     0    0        f
5     0    0        f
6     0    0        f
7     0    0        f
8     0    0        f
9     0    0        f
10     0    0        f
11     0    0        f
12     0    0        f
13     0    0        f
14     0    0        f
15     0    0        f
16     0    0        f
17     0    0        f
18     0    0        f
19     0    0        f
20     0    0        f
21     0    0        f
22     0    0        f
23     0    0        f
24     0    0        f
25     0    0        f
26     0    0        f
27     0    0        f
28     0    0        f
29     0    0        f
30     0    0        f
31     0    0        f
32     0    0        f
33     0    0        f
34     0    0        f
35     0    0        f
36     0    0        f
37     0    0        f
38     0    0        f
39     0    0        f
40     0    0        f
41     0    0        f
42     0    0        f
43     0    0        f
44     0    0        f
45     0    0        f
46     0    0        f
47     0    0        f
48     0    0        f
49     0    0        f
50     0    0        f
51     0    0        f
52     0    0        f
53     0    0        f
54     0    0        f
55     0    0        f
56     0    0        f
57     0    0        f
58     0    0        f
59     0    0        f
60     0    0        f
61     0    0        f
62     0    0        f
63     0    0        f
64     0    0        f
65     0    0        f
66     0    0        f
67     0    0        f
68     0    0        f
69     0    0        f
70     0    0        f
71     0    0        f
72     0    0        f
73     0    0        f
74     0    0        f
75     0    0        f
76     0    0        f
77     0    0        f
78     0    0        f
79     0    0        f
80     0    0        f
81     0    0        f
82     0    0        f
83     0    0        f
84     0    0        f
85     0    0        f
86     0    0        f
87     0    0        f
88     0    0        f
89     0    0        f
90     0    0        f
91     0    0        f
92     0    0        f
93     0    0        f
94     0    0        f
95     0    0        f
96     0    0        f
97     0    0        f
98     0    0        f
99     0    0        f
100     0    0        f
101     0    0        f
102     0    0        f
103     0    0        f
104     0    0        f
105     0    0        l
106     0    0        l
107     0    0        l
108     0    0        l
109     0    0        l
110     0    0        l
111     0    0        f
112     74    16        f
113     145    32        f
114     214    47        f
115     279    62        f
116     341    76        f
117     400    89        f
118     457    102        f
119     511    113        f
120     562    125        f
121     612    136        f
122     659    147        f
123     704    157        f
124     747    166        f
125     788    176        f
126     827    184        f
127     864    193        f
128     900    200        f
129     934    208        f
130     967    216        f
131     998    222        f
132     1028    229        f
133     1056    235        f
134     1083    241        f
135     1109    247        f
136     1134    252        f
137     1158    258        f
138     1180    263        f
139     1202    268        f
140     1222    272        f
141     1242    277        f
142     1261    281        f
143     1279    285        f
144     1296    289        f
145     1312    292        f
146     1328    296        f
147     1342    299        f
148     1357    302        f
149     1370    305        f
150     1383    308        f
151     1396    311        f
152     1407    313        f
153     1419    316        f
154     1430    318        f
155     1440    321        f
156     1450    323        f
157     1450    323        r
158     1450    323        r
159     1450    323        f
160     1335    282        f
161     1226    243        f
162     1122    206        f
163     1022    171        f
164     927    137        f
165     836    104        f
166     749    74        f
167     666    44        f
168     587    16        f
169     512    -10        f
170     440    -36        f
171     371    -60        f
172     305    -84        f
173     242    -106        f
174     182    -127        f
175     125    -148        f
176     70    -167        f
177     17    -186        f
178     -32    -204        f
179     -79    -221        f
180     -125    -237        f
181     -168    -252        f
182     -210    -267        f
183     -249    -281        f
184     -287    -295        f
185     -323    -308        f
186     -358    -320        f
187     -391    -332        f
188     -422    -343        f
189     -453    -354        f
190     -480    -364        f
191     -509    -374        f
192     -535    -383        f
193     -560    -392        f
194     -584    -400        f
195     -607    -409        f
196     -629    -416        f
197     -649    -424        f
198     -669    -430        f
199     -688    -438        f
200     -707    -444        f
201     -724    -450        f
202     -740    -455        f
203     -756    -462        f
204     -771    -467        f
205     -786    -472        f
206     -800    -476        f
207     -813    -482        f
208     -825    -486        f
209     -836    -491        f
210     -849    -495        f
211     -860    -499        f
212     -869    -501        f
213     -880    -505        f
214     -890    -509        f
215     -899    -513        f
216     -907    -516        f
217     -916    -519        f
218     -924    -521        f
219     -931    -524        f
220     -938    -527        f
221     -944    -529        f
222     -944    -529        r
223     -944    -529        r
224     -944    -529        f
225     -1006    -392        f
226     -1064    -261        f
227     -1120    -136        f
228     -1173    -17        f
229     -1224    96        f
230     -1272    204        f
231     -1318    309        f
232     -1363    408        f
233     -1405    503        f
234     -1445    594        f
235     -1484    680        f
236     -1520    763        f
237     -1555    842        f
238     -1589    918        f
239     -1621    990        f
240     -1651    1059        f
241     -1680    1125        f
242     -1707    1187        f
243     -1735    1247        f
244     -1760    1305        f
245     -1784    1359        f
246     -1807    1411        f
247     -1829    1461        f
248     -1850    1509        f
249     -1870    1554        f
250     -1889    1597        f
251     -1907    1639        f
252     -1926    1678        f
253     -1942    1716        f
254     -1957    1752        f
255     -1973    1787        f
256     -1988    1820        f
257     -2002    1851        f
258     -2014    1880        f
259     -2028    1910        f
260     -2039    1938        f
261     -2052    1964        f
262     -2063    1989        f
263     -2074    2013        f
264     -2084    2036        f
265     -2093    2058        f
266     -2103    2078        f
267     -2111    2098        f
268     -2120    2117        f
269     -2128    2136        f
270     -2136    2153        f
271     -2143    2170        f
272     -2150    2185        f
273     -2157    2201        f
274     -2163    2215        f
275     -2169    2229        f
276     -2175    2242        f
277     -2180    2255        f
278     -2186    2267        f
279     -2191    2278        f
280     -2196    2289        f
281     -2196    2289        r
282     -2196    2289        r
283     -2196    2289        f
284     -2232    2222        f
285     -2232    2222        l
286     -2232    2222        l
287     -2232    2222        f
288     -2123    2240        f
289     -2018    2257        f
290     -1918    2273        f
291     -1823    2288        f
292     -1730    2303        f
293     -1644    2317        f
294     -1561    2331        f
295     -1482    2344        f
296     -1406    2356        f
297     -1333    2368        f
298     -1264    2379        f
299     -1198    2390        f
300     0    0        f
300     0    0        f
300     0    0        f
300     0    0        f
300     0    0        f
300     0    0        f
300     0    0        f
300     0    0        f
300     0    0        f
300     0    0        f
300     0    0        f
300     0    0        f
300     0    0        f
300     0    0        f
300     0    0        f
300     0    0        f
300     0    0        f
300     0    0        f
300     0    0        f
300     0    0        f
300     0    0        f
300     0    0        f
300     0    0        f
300     0    0        f
300     0    0        f
300     0    0        f
300     0    0        f
300     0    0        f
300     0    0        f
300     0    0        f
300     0    0        f
300     0    0        f
300     0    0        f
300     0    0        f
300     0    0        f
300     0    0        f
300     0    0        f
300     0    0        f
300     0    0        f
300     0    0        f
300     0    0        f
300     0    0        f
300     0    0        f
300     0    0        f
300     0    0        f
300     0    0        f
300     0    0        f
300     0    0        f
300     0    0        f
300     0    0        f
300     0    0        f
300     0    0        f
300     0    0        f
300     0    0        f
300     0    0        f
300     0    0        f
300     0    0        f
300     0    0        f
300     0    0        f
300     0    0        f
300     0    0        f
300     0    0        f
300     0    0        f
300     0    0        f
300     0    0        f
300     0    0        f
300     0    0        f
300     0    0        f
300     0    0        f
300     0    0        f
300     0    0        f
300     0    0        f
300     0    0        f
300     0    0        f
300     0    0        f
300     0    0        f
300     0    0        f
300     0    0        f
300     0    0        f
300     0    0        f
300     0    0        f
300     0    0        f
300     0    0        f
300     0    0        f
300     0    0        f
300     0    0        f
300     0    0        f
300     0    0        f
300     0    0        f
300     0    0        f
300     0    0        f
300     0    0        f
300     0    0        f
300     0    0        f
300     0    0        f
300     0    0        f
300     0    0        f
300     0    0        f
300     0    0        f
300     0    0        f
300     0    0        f
300     0    0        f
301     0    0        f
302     0    0        f
303     0    0        f
304     0    0        f
305     0    0        f
306     0    0        f
307     0    0        f
308     0    0        f
309     0    0        f
310     0    0        f
311     0    0        f
312     0    0        f
313     0    0        f
314     0    0        f
315     0    0        f
316     0    0        f
317     0    0        f
318     0    0        f
319     0    0        f
320     0    0        f
321     0    0        f
322     0    0        f
323     0    0        f
324     0    0        f
325     0    0        f
326     0    0        f
327     0    0        f
328     0    0        f
329     0    0        f
330     0    0        f
331     0    0        f
332     0    0        f
333     0    0        f
334     0    0        f
335     0    0        f
336     0    0        f
337     0    0        f
338     0    0        f
339     0    0        f
340     0    0        f
341     0    0        f
342     0    0        f
343     0    0        f
344     0    0        f
345     0    0        f
346     0    0        f
347     0    0        f
348     0    0        f
349     0    0        f
350     0    0        f
351     0    0        f
352     0    0        f
353     0    0        f
354     0    0        f
355     0    0        f
356     0    0        f
357     0    0        f
358     0    0        f
359     0    0        f
360     0    0        f
361     0    0        f
362     0    0        f
363     0    0        f
364     0    0        f
365     0    0        f
366     0    0        f
367     0    0        f
368     0    0        f
369     0    0        f
370     0    0        f
371     0    0        f
372     0    0        f
373     0    0        f
374     0    0        f
375     0    0        f
376     0    0        f
377     0    0        f
378     0    0        f
379     0    0        f
380     0    0        f
381     0    0        f
382     0    0        f
383     0    0        f
384     0    0        f
385     0    0        f
386     0    0        f
387     0    0        f
388     0    0        f
389     0    0        f
390     0    0        f
391     0    0        f
392     0    0        f
393     0    0        f
394     0    0        f
395     0    0        f
396     0    0        f
397     0    0        f
398     0    0        f
399     0    0        f
400     0    0        f
401     0    0        f
402     0    0        f
403     0    0        f
404     0    0        f
405     0    0        r
406     0    0        r
407     0    0        r
408     0    0        r
409     0    0        r
410     0    0        r
411     0    0        r
412     0    0        r
413     0    0        r
414     0    0        r
415     0    0        r
416     0    0        r
417     0    0        r
418     0    0        r
419     0    0        r
420     0    0        r
421     0    0        r
422     0    0        r
423     0    0        r
424     0    0        l
425     0    0        l
426     0    0        r
427     0    0        r
428     0    0        r
429     0    0        f
430     -75    -11        f
431     -147    -22        f
432     -216    -32        f
433     -282    -42        f
434     -345    -51        f
435     -405    -61        f
436     -463    -69        f
437     -518    -77        f
438     -570    -85        f
439     -620    -93        f
440     -668    -100        f
441     -713    -107        f
442     -756    -112        f
443     -798    -120        f
444     -838    -126        f
445     -876    -131        f
446     -911    -137        f
447     -946    -142        f
448     -978    -147        f
449     -1011    -152        f
450     -1041    -156        f
451     -1070    -160        f
452     -1097    -165        f
453     -1123    -168        f
454     -1148    -172        f
455     -1172    -176        f
456     -1195    -179        f
457     -1217    -183        f
458     -1237    -186        f
459     -1257    -189        f
460     -1276    -191        f
461     -1294    -194        f
462     -1312    -197        f
463     -1328    -199        f
464     -1344    -202        f
465     -1359    -204        f
466     -1374    -206        f
467     -1387    -208        f
468     -1400    -210        f
469     -1413    -212        f
470     -1425    -214        f
471     -1437    -216        f
472     -1447    -217        f
473     -1458    -219        f
474     -1468    -220        f
475     -1477    -222        f
476     -1487    -223        f
477     -1495    -224        f
478     -1504    -225        f
479     -1512    -227        f
480     -1512    -227        l
481     -1512    -227        l
482     -1512    -227        f
483     -1393    -135        f
484     -1279    -48        f
485     -1171    35        f
486     -1067    113        f
487     -968    191        f
488     -874    263        f
489     -784    333        f
490     -698    399        f
491     -616    463        f
492     -538    523        f
493     -463    581        f
494     -391    636        f
495     -391    636        l
496     -391    636        f
497     -312    581        f
498     -237    529        f
499     -165    479        f
500     -97    430        f
501     -32    385        f
502     30    342        f
503     90    300        f
504     146    260        f
505     200    222        f
506     252    186        f
507     302    151        f
508     350    118        f
509     395    87        f
510     438    56        f
511     479    28        f
512     479    28        l
513     479    28        f
514     555    42        f
515     626    55        f
516     695    68        f
517     760    81        f
518     823    93        f
519     882    104        f
520     939    114        f
521     994    125        f
522     1046    135        f
523     1095    145        f
524     1143    154        f
525     1188    162        f
526     1231    170        f
527     1272    178        f
528     1312    186        f
529     1349    193        f
530     1385    200        f
531     1420    206        f
532     1452    212        f
533     1484    218        f
534     1513    224        f
535     1542    229        f
536     1569    235        f
537     1595    240        f
538     1620    244        f
539     1644    249        f
540     1666    252        f
541     1688    257        f
542     1709    261        f
543     1728    265        f
544     1747    268        f
545     1764    272        f
546     1782    275        f
547     1798    278        f
548     1814    281        f
549     1829    284        f
550     1844    287        f
551     1857    289        f
552     1870    292        f
553     1882    294        f
554     1895    296        f
555     1905    299        f
556     1917    301        f
557     1927    303        f
558     1937    305        f
559     1946    306        f
560     1955    308        f
561     1964    310        f
562     1972    311        f
563     1980    313        f
564     1988    314        f
565     1995    315        f
566     2002    317        f
567     2007    318        f
568     2014    319        f
569     2020    320        f
570     2026    321        f
571     2032    322        f
572     2037    323        f
573     2037    323        r
574     2037    323        l
575     2037    323        r
576     2037    323        r
577     2037    323        r
578     2037    323        r
579     2037    323        r
580     2037    323        r
581     2037    323        r
582     2037    323        r
583     2037    323        f
584     2037    323        l
585     2037    323        l
586     2037    323        f
587     2185    302        f
588     2185    302        r
589     2185    302        f
590     2141    158        f
591     2100    21        f
592     2060    -108        f
593     2021    -233        f
594     1985    -352        f
595     1950    -466        f
596     1917    -575        f
597     1886    -679        f
598     1855    -777        f
599     1826    -872        f
