step   ball_X    ball_Y    side
0     0    0        f
0     0    0        f
0     0    0        f
0     0    0        f
0     0    0        f
0     0    0        f
0     0    0        f
0     0    0        f
1     0    0        f
2     0    0        f
3     0    0        f
4     0    0        f
5     0    0        f
6     0    0        f
7     0    0        f
8     0    0        f
9     0    0        f
10     0    0        f
11     0    0        f
12     0    0        f
13     0    0        f
14     0    0        f
15     0    0        f
16     0    0        f
17     0    0        f
18     0    0        f
19     0    0        f
20     0    0        f
21     0    0        f
22     0    0        f
23     0    0        f
24     0    0        f
25     0    0        f
26     0    0        f
27     0    0        f
28     0    0        f
29     0    0        f
30     0    0        f
31     0    0        f
32     0    0        f
33     0    0        f
34     0    0        f
35     0    0        f
36     0    0        f
37     0    0        f
38     0    0        f
39     0    0        f
40     0    0        f
41     0    0        f
42     0    0        f
43     0    0        f
44     0    0        f
45     0    0        f
46     0    0        f
47     0    0        f
48     0    0        f
49     0    0        f
50     0    0        f
51     0    0        f
52     0    0        f
53     0    0        f
54     0    0        f
55     0    0        f
56     0    0        f
57     0    0        f
58     0    0        f
59     0    0        f
60     0    0        f
61     0    0        f
62     0    0        f
63     0    0        f
64     0    0        f
65     0    0        f
66     0    0        f
67     0    0        f
68     0    0        f
69     0    0        f
70     0    0        f
71     0    0        f
72     0    0        f
73     0    0        f
74     0    0        f
75     0    0        f
76     0    0        f
77     0    0        f
78     0    0        f
79     0    0        f
80     0    0        f
81     0    0        f
82     0    0        f
83     0    0        f
84     0    0        f
85     0    0        f
86     0    0        f
87     0    0        f
88     0    0        f
89     0    0        f
90     0    0        f
91     0    0        f
92     0    0        f
93     0    0        f
94     0    0        f
95     0    0        f
96     0    0        f
97     0    0        f
98     0    0        f
99     0    0        f
100     0    0        f
101     0    0        f
102     0    0        f
103     0    0        f
104     0    0        f
105     0    0        l
106     0    0        l
107     0    0        l
108     0    0        l
109     0    0        l
110     0    0        l
111     0    0        l
112     0    0        f
113     75    10        f
114     148    20        f
115     217    28        f
116     283    38        f
117     346    46        f
118     405    54        f
119     463    62        f
120     519    70        f
121     571    77        f
122     621    84        f
123     669    90        f
124     715    96        f
125     758    102        f
126     800    108        f
127     840    112        f
128     877    118        f
129     914    123        f
130     948    128        f
131     981    132        f
132     1013    137        f
133     1043    141        f
134     1072    144        f
135     1100    148        f
136     1126    152        f
137     1151    155        f
138     1175    158        f
139     1198    162        f
140     1220    164        f
141     1240    167        f
142     1260    170        f
143     1279    173        f
144     1298    175        f
145     1315    177        f
146     1331    180        f
147     1347    182        f
148     1362    184        f
149     1377    186        f
150     1391    188        f
151     1404    189        f
152     1416    191        f
153     1428    193        f
154     1440    194        f
155     1451    196        f
156     1461    197        f
157     1471    199        f
158     1481    200        f
159     1490    200        f
160     1499    202        f
161     1507    202        f
162     1515    204        f
163     1522    206        f
164     1522    206        r
165     1522    206        r
166     1522    206        f
167     1420    133        f
168     1321    63        f
169     1227    -2        f
170     1138    -66        f
171     1052    -126        f
172     969    -184        f
173     892    -239        f
174     818    -292        f
175     747    -342        f
176     678    -390        f
177     613    -436        f
178     551    -480        f
179     492    -522        f
180     436    -562        f
181     382    -600        f
182     330    -637        f
183     281    -672        f
184     234    -705        f
185     188    -736        f
186     146    -767        f
187     105    -796        f
188     65    -823        f
189     28    -850        f
190     -7    -875        f
191     -41    -899        f
192     -74    -922        f
193     -105    -944        f
194     -134    -965        f
195     -163    -985        f
196     -190    -1005        f
197     -216    -1023        f
198     -241    -1040        f
199     -264    -1057        f
200     -287    -1073        f
201     -308    -1088        f
202     -329    -1103        f
203     -349    -1117        f
204     -367    -1130        f
205     -385    -1143        f
206     -403    -1155        f
207     -419    -1166        f
208     -434    -1177        f
209     -449    -1188        f
210     -463    -1198        f
211     -476    -1207        f
212     -490    -1217        f
213     -503    -1225        f
214     -514    -1234        f
215     -526    -1242        f
216     -536    -1249        f
217     -547    -1257        f
218     -557    -1264        f
219     -557    -1264        r
220     -557    -1264        r
221     -557    -1264        f
222     -675    -1171        f
223     -675    -1171        l
224     -675    -1171        f
225     -619    -1118        f
226     -566    -1068        f
227     -516    -1019        f
228     -468    -974        f
229     -421    -930        f
230     -377    -888        f
231     -335    -848        f
232     -295    -810        f
233     -257    -773        f
234     -220    -739        f
235     -185    -705        f
236     -152    -674        f
237     -120    -643        f
238     -89    -614        f
239     -60    -587        f
240     -33    -560        f
241     -6    -535        f
242     18    -511        f
243     43    -488        f
244     66    -466        f
245     88    -445        f
246     109    -425        f
247     129    -405        f
248     148    -388        f
249     167    -370        f
250     184    -354        f
251     200    -338        f
252     217    -323        f
253     231    -308        f
254     247    -294        f
255     261    -281        f
256     274    -269        f
257     287    -257        f
258     299    -245        f
259     311    -234        f
260     322    -224        f
261     332    -214        f
262     342    -204        f
263     352    -195        f
264     361    -186        f
265     370    -178        f
266     378    -170        f
267     386    -163        f
268     394    -155        f
269     394    -155        r
270     394    -155        r
271     394    -155        f
272     244    -143        f
273     102    -132        f
274     -34    -121        f
275     -164    -110        f
276     -288    -100        f
277     -407    -90        f
278     -520    -81        f
279     -629    -72        f
280     -732    -64        f
281     -831    -56        f
282     -925    -48        f
283     -1015    -41        f
284     -1101    -34        f
285     -1183    -27        f
286     -1261    -21        f
287     -1336    -15        f
288     -1408    -9        f
289     -1408    -9        r
290     -1408    -9        f
291     -1482    -25        f
292     -1554    -41        f
293     -1622    -56        f
294     -1687    -71        f
295     -1748    -84        f
296     -1807    -98        f
297     -1864    -110        f
298     -1919    -122        f
299     -1971    -134        f
300     0    0        f
300     0    0        f
300     0    0        f
300     0    0        f
300     0    0        f
300     0    0        f
300     0    0        f
300     0    0        f
300     0    0        f
300     0    0        f
300     0    0        f
300     0    0        f
300     0    0        f
300     0    0        f
300     0    0        f
300     0    0        f
300     0    0        f
300     0    0        f
300     0    0        f
300     0    0        f
300     0    0        f
300     0    0        f
300     0    0        f
300     0    0        f
300     0    0        f
300     0    0        f
300     0    0        f
300     0    0        f
300     0    0        f
300     0    0        f
300     0    0        f
300     0    0        f
300     0    0        f
300     0    0        f
300     0    0        f
300     0    0        f
300     0    0        f
300     0    0        f
300     0    0        f
300     0    0        f
300     0    0        f
300     0    0        f
300     0    0        f
300     0    0        f
300     0    0        f
300     0    0        f
300     0    0        f
300     0    0        f
300     0    0        f
300     0    0        f
300     0    0        f
300     0    0        f
300     0    0        f
300     0    0        f
300     0    0        f
300     0    0        f
300     0    0        f
300     0    0        f
300     0    0        f
300     0    0        f
300     0    0        f
300     0    0        f
300     0    0        f
300     0    0        f
300     0    0        f
300     0    0        f
300     0    0        f
300     0    0        f
300     0    0        f
300     0    0        f
300     0    0        f
300     0    0        f
300     0    0        f
300     0    0        f
300     0    0        f
300     0    0        f
300     0    0        f
300     0    0        f
300     0    0        f
300     0    0        f
300     0    0        f
300     0    0        f
300     0    0        f
300     0    0        f
300     0    0        f
300     0    0        f
300     0    0        f
300     0    0        f
300     0    0        f
300     0    0        f
300     0    0        f
300     0    0        f
300     0    0        f
300     0    0        f
300     0    0        f
300     0    0        f
300     0    0        f
300     0    0        f
300     0    0        f
300     0    0        f
300     0    0        f
300     0    0        f
301     0    0        f
302     0    0        f
303     0    0        f
304     0    0        f
305     0    0        f
306     0    0        f
307     0    0        f
308     0    0        f
309     0    0        f
310     0    0        f
311     0    0        f
312     0    0        f
313     0    0        f
314     0    0        f
315     0    0        f
316     0    0        f
317     0    0        f
318     0    0        f
319     0    0        f
320     0    0        f
321     0    0        f
322     0    0        f
323     0    0        f
324     0    0        f
325     0    0        f
326     0    0        f
327     0    0        f
328     0    0        f
329     0    0        f
330     0    0        f
331     0    0        f
332     0    0        f
333     0    0        f
334     0    0        f
335     0    0        f
336     0    0        f
337     0    0        f
338     0    0        f
339     0    0        f
340     0    0        f
341     0    0        f
342     0    0        f
343     0    0        f
344     0    0        f
345     0    0        f
346     0    0        f
347     0    0        f
348     0    0        f
349     0    0        f
350     0    0        f
351     0    0        f
352     0    0        f
353     0    0        f
354     0    0        f
355     0    0        f
356     0    0        f
357     0    0        f
358     0    0        f
359     0    0        f
360     0    0        f
361     0    0        f
362     0    0        f
363     0    0        f
364     0    0        f
365     0    0        f
366     0    0        f
367     0    0        f
368     0    0        f
369     0    0        f
370     0    0        f
371     0    0        f
372     0    0        f
373     0    0        f
374     0    0        f
375     0    0        f
376     0    0        f
377     0    0        f
378     0    0        f
379     0    0        f
380     0    0        f
381     0    0        f
382     0    0        f
383     0    0        f
384     0    0        f
385     0    0        f
386     0    0        f
387     0    0        f
388     0    0        f
389     0    0        f
390     0    0        f
391     0    0        f
392     0    0        f
393     0    0        f
394     0    0        f
395     0    0        f
396     0    0        f
397     0    0        f
398     0    0        f
399     0    0        f
400     0    0        f
401     0    0        f
402     0    0        f
403     0    0        f
404     0    0        f
405     0    0        r
406     0    0        r
407     0    0        f
408     -71    -26        f
409     -140    -50        f
410     -206    -74        f
411     -268    -97        f
412     -328    -118        f
413     -385    -139        f
414     -440    -159        f
415     -492    -178        f
416     -542    -196        f
417     -589    -213        f
418     -635    -229        f
419     -678    -245        f
420     -719    -260        f
421     -759    -274        f
422     -797    -288        f
423     -833    -301        f
424     -867    -313        f
425     -900    -325        f
426     -932    -336        f
427     -961    -347        f
428     -990    -358        f
429     -1018    -368        f
430     -1044    -377        f
431     -1069    -386        f
432     -1093    -394        f
433     -1116    -403        f
434     -1137    -411        f
435     -1158    -418        f
436     -1178    -425        f
437     -1197    -432        f
438     -1215    -438        f
439     -1232    -445        f
440     -1249    -451        f
441     -1265    -455        f
442     -1280    -462        f
443     -1294    -467        f
444     -1308    -472        f
445     -1321    -476        f
446     -1334    -480        f
447     -1345    -484        f
448     -1357    -488        f
449     -1368    -493        f
450     -1378    -497        f
451     -1388    -501        f
452     -1398    -504        f
453     -1407    -507        f
454     -1415    -509        f
455     -1424    -513        f
456     -1431    -516        f
457     -1439    -519        f
458     -1446    -521        f
459     -1453    -524        f
460     -1460    -526        f
461     -1466    -529        f
462     -1472    -531        f
463     -1478    -533        f
464     -1483    -535        f
465     -1488    -537        f
466     -1493    -538        f
467     -1498    -540        f
468     -1503    -542        f
469     -1507    -543        f
470     -1511    -545        f
471     -1515    -546        f
472     -1519    -548        f
473     -1522    -549        f
474     -1526    -550        f
475     -1529    -551        f
476     -1529    -551        l
477     -1529    -551        l
478     -1529    -551        f
479     -1458    -524        f
480     -1390    -497        f
481     -1325    -472        f
482     -1325    -472        r
483     -1325    -472        f
484     -1385    -424        f
485     -1442    -379        f
486     -1497    -336        f
487     -1549    -295        f
488     -1599    -254        f
489     -1647    -218        f
490     -1692    -182        f
491     -1692    -182        l
492     -1692    -182        f
493     -1616    -176        f
494     -1543    -171        f
495     -1474    -166        f
496     -1407    -161        f
497     -1344    -157        f
498     -1283    -153        f
499     -1225    -148        f
500     -1170    -144        f
501     -1117    -141        f
502     -1067    -137        f
503     -1018    -133        f
504     -972    -130        f
505     -928    -127        f
506     -886    -124        f
507     -847    -121        f
508     -808    -118        f
509     -772    -115        f
510     -737    -112        f
511     -704    -111        f
512     -672    -109        f
513     -641    -106        f
514     -612    -104        f
515     -585    -102        f
516     -558    -100        f
517     -533    -98        f
518     -509    -97        f
519     -486    -95        f
520     -463    -94        f
521     -442    -92        f
522     -422    -91        f
523     -403    -89        f
524     -385    -88        f
525     -367    -87        f
526     -351    -85        f
527     -335    -84        f
528     -319    -83        f
529     -305    -82        f
530     -291    -81        f
531     -278    -80        f
532     -265    -79        f
533     -252    -78        f
534     -241    -78        f
535     -229    -77        f
536     -220    -76        f
537     -210    -75        f
538     -200    -75        f
539     -191    -74        f
540     -182    -73        f
541     -174    -73        f
542     -166    -72        f
543     -158    -72        f
544     -151    -71        f
545     -144    -70        f
546     -137    -70        f
547     -131    -70        f
548     -124    -69        f
549     -119    -69        f
550     -112    -68        f
551     -108    -68        f
552     -103    -68        f
553     -98    -67        f
554     -93    -67        f
555     -89    -67        f
556     -85    -66        f
557     -81    -66        f
558     -77    -66        f
559     -73    -65        f
560     -70    -65        f
561     -70    -65        l
562     -70    -65        l
563     -70    -65        f
564     -10    51        f
565     47    164        f
566     102    271        f
567     154    373        f
568     204    471        f
569     250    564        f
570     297    653        f
571     340    738        f
572     382    819        f
573     422    897        f
574     459    971        f
575     496    1042        f
576     530    1109        f
577     563    1174        f
578     595    1235        f
579     625    1294        f
580     654    1351        f
581     681    1404        f
582     708    1456        f
583     733    1505        f
584     757    1551        f
585     780    1596        f
586     801    1639        f
587     822    1680        f
588     842    1719        f
589     861    1755        f
590     880    1791        f
591     897    1825        f
592     913    1857        f
593     928    1889        f
594     944    1918        f
595     959    1946        f
596     973    1973        f
597     986    1998        f
598     998    2023        f
599     1010    2047        f
