step   ball_X    ball_Y    side
335     1371    -35        f
336     1283    -16        f
337     1198    2        f
338     1118    20        f
339     1041    37        f
340     968    54        f
341     897    69        f
342     831    84        f
343     767    98        f
344     706    112        f
345     647    125        f
346     591    137        f
347     538    149        f
348     487    161        f
349     438    171        f
350     392    182        f
351     392    182        r
352     348    192        f
353     348    192        r
354     348    192        r
355     306    200        f
356     306    200        r
357     306    200        r
358     265    210        f
359     265    210        r
360     265    210        r
361     227    219        f
362     227    219        r
363     227    219        r
364     227    219        r
365     227    219        r
366     190    227        f
367     190    227        r
368     190    227        r
369     190    227        r
370     190    227        r
371     190    227        r
372     190    227        r
373     190    227        f
374     59    198        f
375     -64    171        f
376     -183    146        f
377     -297    121        f
378     -405    97        f
379     -509    75        f
380     -608    53        f
381     -702    33        f
382     -792    13        f
383     -878    -4        f
384     -961    -22        f
385     -1039    -39        f
386     -1115    -56        f
387     -1186    -71        f
388     -1255    -86        f
389     -1320    -100        f
390     -1383    -113        f
391     -1442    -127        f
392     -1499    -139        f
393     -1553    -151        f
394     -1605    -162        f
395     -1655    -173        f
396     -1702    -183        f
397     -1748    -193        f
398     -1791    -202        f
399     -1832    -212        f
400     -1872    -220        f
401     -1909    -227        f
402     -1945    -236        f
403     -1980    -244        f
404     -2013    -250        f
405     -2044    -258        f
406     -2074    -264        f
407     -2102    -270        f
408     -2130    -276        f
409     -2156    -282        f
410     -2181    -287        f
411     -2205    -293        f
412     -2227    -297        f
413     -2249    -302        f
414     -2270    -307        f
415     -2270    -307        l
416     -2270    -307        l
417     -2270    -307        f
418     -2163    -277        f
419     -2163    -277        r
420     -2163    -277        f
421     -2311    -252        f
422     -2453    -231        f
423     -2588    -210        f
424     -2717    -189        f
425     -2840    -170        f
426     -2958    -151        f
427     -3071    -133        f
428     -3178    -115        f
429     -3178    -115        l
430     -3178    -115        f
431     -3062    -22        f
432     -2951    68        f
433     -2844    154        f
434     -2743    236        f
435     -2646    315        f
436     -2554    390        f
437     -2465    462        f
438     -2381    531        f
439     -2300    596        f
440     -2223    659        f
441     -2150    719        f
442     -2079    776        f
443     -2012    831        f
444     -1948    883        f
445     -1887    933        f
446     -1829    980        f
447     -1773    1026        f
448     -1720    1069        f
449     -1669    1111        f
450     -1620    1150        f
451     -1574    1188        f
452     -1530    1224        f
453     -1487    1259        f
454     -1447    1292        f
455     -1408    1323        f
456     -1372    1353        f
457     -1336    1382        f
458     -1303    1410        f
459     -1271    1436        f
460     -1240    1461        f
461     -1211    1485        f
462     -1183    1508        f
463     -1156    1530        f
464     -1131    1551        f
465     -1106    1571        f
466     -1083    1590        f
467     -1061    1607        f
468     -1040    1626        f
469     -1019    1642        f
470     -1000    1657        f
471     -981    1673        f
472     -964    1688        f
473     -947    1701        f
474     -931    1714        f
475     -915    1727        f
476     -901    1739        f
477     -886    1751        f
478     -873    1762        f
479     -860    1772        f
480     -848    1782        f
481     -836    1791        f
482     -825    1801        f
483     -815    1809        f
484     -805    1817        f
485     -795    1825        f
486     -786    1832        f
487     -777    1839        f
488     -768    1847        f
489     -760    1854        f
490     -760    1854        l
491     -760    1854        l
492     -760    1854        f
493     -641    1886        f
494     -641    1886        r
495     -641    1886        f
496     -697    1832        f
497     -750    1782        f
498     -800    1735        f
499     -849    1689        f
500     -894    1645        f
501     -939    1603        f
502     -981    1564        f
503     -1021    1526        f
504     -1060    1489        f
505     -1096    1454        f
506     -1131    1421        f
507     -1165    1390        f
508     -1197    1360        f
509     -1228    1331        f
510     -1257    1303        f
511     -1285    1277        f
512     -1311    1252        f
513     -1337    1228        f
514     -1361    1205        f
515     -1384    1183        f
516     -1406    1162        f
517     -1427    1143        f
518     -1447    1124        f
519     -1467    1105        f
520     -1485    1088        f
521     -1503    1071        f
522     -1520    1056        f
523     -1536    1041        f
524     -1551    1026        f
525     -1566    1011        f
526     -1579    999        f
527     -1593    986        f
528     -1605    975        f
529     -1618    963        f
530     -1629    952        f
531     -1639    942        f
532     -1651    932        f
533     -1661    922        f
534     -1671    913        f
535     -1680    905        f
536     -1689    896        f
537     -1697    888        f
538     -1705    881        f
539     -1713    874        f
540     -1720    867        f
541     -1727    860        f
542     -1734    853        f
543     -1739    848        f
544     -1746    842        f
545     -1752    836        f
546     -1752    836        l
547     -1752    836        l
548     -1752    836        l
549     -1752    836        f
550     -1617    902        f
551     -1489    966        f
552     -1366    1026        f
553     -1249    1084        f
554     -1137    1139        f
555     -1030    1192        f
556     -927    1242        f
557     -831    1290        f
558     -738    1336        f
559     -649    1379        f
560     -564    1421        f
561     -483    1461        f
562     -405    1499        f
563     -331    1536        f
564     -261    1571        f
565     -193    1604        f
566     -129    1636        f
567     -67    1666        f
568     -8    1695        f
569     47    1723        f
570     47    1723        l
571     47    1723        f
572     128    1757        f
573     204    1792        f
574     280    1823        f
575     350    1855        f
576     418    1884        f
577     483    1912        f
578     544    1939        f
579     603    1964        f
580     660    1989        f
581     714    2012        f
582     765    2034        f
583     814    2055        f
584     861    2076        f
585     906    2095        f
586     948    2114        f
587     989    2131        f
588     1028    2148        f
589     1028    2148        l
590     1028    2148        l
591     1028    2148        l
592     1028    2148        l
593     1028    2148        l
594     1028    2148        l
595     1028    2148        l
596     1028    2148        l
597     1065    2164        f
598     1065    2164        l
599     1065    2164        l
600     1065    2164        f
601     1054    2067        f
602     1044    1975        f
603     1034    1887        f
604     1024    1802        f
605     1015    1722        f
606     1006    1645        f
607     998    1571        f
608     990    1501        f
609     982    1434        f
610     975    1370        f
611     968    1309        f
612     961    1250        f
613     955    1194        f
614     949    1141        f
615     944    1090        f
616     938    1041        f
617     933    994        f
618     927    950        f
619     923    908        f
620     918    868        f
621     914    828        f
622     910    792        f
623     906    757        f
624     902    723        f
625     898    691        f
626     894    660        f
627     892    630        f
628     889    602        f
629     886    576        f
630     883    550        f
631     880    525        f
632     877    501        f
633     875    480        f
634     872    458        f
635     869    438        f
636     868    418        f
637     866    400        f
638     864    382        f
639     861    365        f
640     860    349        f
641     858    333        f
642     857    318        f
643     855    304        f
644     853    291        f
645     852    278        f
646     851    266        f
647     849    254        f
648     848    243        f
649     847    231        f
650     846    222        f
651     844    212        f
652     844    212        r
653     844    212        r
654     844    212        f
655     774    241        f
656     707    269        f
657     642    295        f
658     580    321        f
659     522    345        f
660     465    368        f
661     412    390        f
662     361    411        f
663     312    432        f
664     265    451        f
665     220    469        f
666     178    487        f
667     137    504        f
668     98    520        f
669     61    535        f
670     25    550        f
671     -8    564        f
672     -40    577        f
673     -71    590        f
674     -101    602        f
675     -129    614        f
676     -156    625        f
677     -181    635        f
678     -206    646        f
679     -229    655        f
680     -252    665        f
681     -273    673        f
682     -294    682        f
683     -313    690        f
684     -332    698        f
685     -350    705        f
686     -367    712        f
687     -383    719        f
688     -399    725        f
689     -413    731        f
690     -428    737        f
691     -441    743        f
692     -454    748        f
693     -466    753        f
694     -478    758        f
695     -488    763        f
696     -500    767        f
697     -509    771        f
698     -520    775        f
699     -530    779        f
700     -539    783        f
701     -547    786        f
702     -555    790        f
703     -563    793        f
704     -570    796        f
705     -577    799        f
706     -584    802        f
707     -591    803        f
708     -597    807        f
709     -603    809        f
710     -608    811        f
711     -614    814        f
712     -619    816        f
713     -624    818        f
714     -629    819        f
715     -633    822        f
716     -633    822        r
717     -633    822        r
718     -633    822        f
719     -723    922        f
720     -810    1018        f
721     -892    1109        f
722     -971    1197        f
723     -1046    1280        f
724     -1118    1360        f
725     -1186    1436        f
726     -1251    1509        f
727     -1314    1578        f
728     -1374    1644        f
729     -1431    1707        f
730     -1485    1768        f
731     -1537    1826        f
732     -1587    1880        f
733     -1634    1932        f
734     -1634    1932        r
735     -1634    1932        f
736     -1705    1907        f
737     -1773    1882        f
738     -1839    1859        f
739     -1902    1836        f
740     -1962    1814        f
741     -2019    1793        f
742     -2074    1773        f
743     -2126    1754        f
744     -2175    1736        f
745     -2223    1719        f
746     -2268    1703        f
747     -2312    1687        f
748     -2353    1672        f
749     -2393    1657        f
750     -2431    1644        f
751     -2467    1630        f
752     -2501    1618        f
753     -2534    1605        f
754     -2565    1595        f
755     -2595    1584        f
756     -2624    1574        f
757     -2651    1564        f
758     -2678    1554        f
759     -2702    1545        f
760     -2726    1537        f
761     -2749    1528        f
762     -2771    1520        f
763     -2791    1513        f
764     -2811    1506        f
765     -2830    1499        f
766     -2848    1492        f
767     -2865    1486        f
768     -2882    1480        f
769     -2898    1474        f
770     -2913    1469        f
771     -2927    1463        f
772     -2941    1459        f
773     -2954    1454        f
774     -2966    1449        f
775     -2978    1445        f
776     -2989    1441        f
777     -3000    1437        f
778     -3000    1437        l
779     -3000    1437        l
780     -3000    1437        f
781     -2859    1486        f
782     -2723    1533        f
783     -2594    1579        f
784     -2471    1622        f
785     -2353    1663        f
786     -2353    1663        l
787     -2353    1663        l
788     -2353    1663        l
789     -2353    1663        l
790     -2353    1663        l
791     -2353    1663        l
792     -2353    1663        l
793     -2353    1663        l
794     -2353    1663        l
795     -2353    1663        l
796     -2353    1663        l
797     -2353    1663        f
798     -2231    1705        f
799     -2115    1745        f
800     -2004    1784        f
801     -1898    1820        f
802     -1796    1855        f
803     -1700    1889        f
804     -1607    1921        f
805     -1519    1952        f
806     -1435    1980        f
807     -1355    2009        f
808     -1278    2035        f
809     -1205    2061        f
810     -1135    2085        f
811     -1068    2108        f
812     -1003    2130        f
813     -943    2151        f
814     -885    2171        f
815     -828    2190        f
816     -776    2209        f
817     -726    2226        f
818     -677    2243        f
819     -631    2259        f
820     -587    2274        f
821     -545    2289        f
822     -504    2303        f
823     -466    2316        f
824     -429    2329        f
825     -394    2341        f
826     -361    2353        f
827     -329    2364        f
828     -298    2374        f
829     -298    2374        l
830     -269    2385        f
831     -269    2385        l
832     -241    2394        f
833     -241    2394        l
834     -215    2403        f
835     -215    2403        l
836     -215    2403        l
837     -190    2412        f
838     -190    2412        l
839     -190    2412        l
840     -190    2412        f
841     -88    2302        f
842     8    2196        f
843     100    2095        f
844     188    1998        f
845     273    1907        f
846     353    1819        f
847     430    1735        f
848     503    1655        f
849     573    1579        f
850     640    1506        f
851     704    1437        f
852     765    1370        f
853     824    1307        f
854     878    1246        f
855     932    1188        f
856     983    1133        f
857     1032    1080        f
858     1078    1030        f
859     1122    982        f
860     1165    936        f
861     1205    892        f
862     1243    850        f
863     1280    810        f
864     1316    772        f
865     1349    736        f
866     1349    736        r
867     1349    736        f
868     1290    687        f
869     1234    640        f
870     1181    595        f
871     1181    595        l
872     1181    595        f
873     1241    548        f
874     1298    503        f
875     1353    459        f
876     1405    419        f
877     1455    379        f
878     1503    342        f
879     1549    306        f
880     1592    272        f
881     1634    239        f
882     1673    206        f
883     1712    177        f
884     1748    149        f
885     1782    122        f
886     1816    96        f
887     1847    71        f
888     1877    47        f
889     1905    24        f
890     1934    3        f
891     1960    -17        f
892     1985    -37        f
893     2009    -56        f
894     2032    -74        f
895     2054    -91        f
896     2074    -107        f
897     2094    -123        f
898     2113    -138        f
899     2131    -152        f
900     2149    -166        f
901     2165    -179        f
902     2181    -192        f
903     2196    -204        f
904     2211    -215        f
905     2224    -225        f
906     2238    -236        f
907     2250    -246        f
908     2262    -256        f
909     2274    -265        f
910     2285    -273        f
911     2295    -281        f
912     2305    -289        f
913     2315    -297        f
914     2324    -304        f
915     2332    -311        f
916     2341    -318        f
917     2349    -324        f
918     2356    -330        f
919     2364    -336        f
920     2370    -341        f
921     2377    -346        f
922     2377    -346        r
923     2377    -346        r
924     2377    -346        f
925     2233    -303        f
926     2096    -262        f
927     2096    -262        l
928     2096    -262        f
929     2245    -250        f
930     2388    -239        f
931     2525    -227        f
932     2655    -218        f
933     2779    -208        f
934     2898    -199        f
935     3011    -190        f
936     3119    -181        f
937     3222    -173        f
938     3321    -165        f
939     3415    -158        f
940     3506    -151        f
941     3592    -144        f
942     3674    -137        f
943     3752    -131        f
944     3827    -125        f
945     3899    -119        f
946     3967    -113        f
947     4033    -109        f
948     4095    -104        f
949     4155    -99        f
950     4211    -95        f
951     4211    -95        r
952     4211    -95        f
953     4069    -49        f
954     3932    -5        f
955     3802    36        f
956     3678    76        f
957     3559    113        f
958     3446    151        f
959     3338    185        f
960     3235    219        f
961     3136    250        f
962     3042    281        f
963     2952    310        f
964     2866    338        f
965     2784    364        f
966     2705    389        f
967     2630    413        f
968     2559    436        f
969     2491    458        f
970     2425    480        f
971     2363    500        f
972     2304    519        f
973     2247    537        f
974     2193    555        f
975     2141    571        f
976     2092    587        f
977     2044    603        f
978     1998    617        f
979     1955    631        f
980     1914    645        f
981     1876    657        f
982     1839    669        f
983     1803    681        f
984     1769    692        f
985     1736    703        f
986     1705    713        f
987     1675    722        f
988     1647    732        f
989     1620    740        f
990     1594    749        f
991     1569    757        f
992     1545    765        f
993     1523    772        f
994     1501    779        f
995     1481    786        f
996     1461    792        f
997     1442    798        f
998     1425    803        f
999     1407    810        f
1000     1391    815        f
1001     1376    819        f
1002     1361    825        f
1003     1347    830        f
1004     1333    834        f
1005     1320    838        f
1006     1308    842        f
1007     1296    846        f
1008     1285    850        f
1009     1274    852        f
1010     1263    857        f
1011     1254    860        f
1012     1244    863        f
1013     1235    866        f
1014     1227    869        f
1015     1219    871        f
1016     1219    871        r
1017     1219    871        r
1018     1219    871        f
1019     1146    847        f
1020     1077    824        f
1021     1011    801        f
1022     948    780        f
1023     886    760        f
1024     830    740        f
1025     775    722        f
1026     722    704        f
1027     672    687        f
1028     624    671        f
1029     579    655        f
1030     535    641        f
1031     493    627        f
1032     454    613        f
1033     416    600        f
1034     379    588        f
1035     345    576        f
1036     312    565        f
1037     280    554        f
1038     250    544        f
1039     221    534        f
1040     194    525        f
1041     167    516        f
1042     142    508        f
1043     118    500        f
1044     95    492        f
1045     74    484        f
1046     53    476        f
1047     33    471        f
1048     14    463        f
1049     -4    458        f
1050     -21    451        f
1051     -37    447        f
1052     -53    441        f
1053     -68    436        f
1054     -83    430        f
1055     -97    426        f
1056     -110    422        f
1057     -122    418        f
1058     -134    413        f
1059     -146    409        f
1060     -157    405        f
1061     -167    403        f
1062     -177    399        f
1063     -187    396        f
1064     -196    393        f
1065     -204    390        f
1066     -213    387        f
1067     -221    385        f
1068     -227    382        f
1069     -236    380        f
1070     -243    377        f
1071     -249    375        f
1072     -249    375        r
1073     -249    375        r
1074     -249    375        r
1075     -249    375        r
1076     -249    375        r
1077     -249    375        r
1078     -249    375        r
1079     -249    375        r
1080     -249    375        r
1081     -249    375        r
1082     -249    375        l
1083     -249    375        l
1084     -249    375        l
1085     -249    375        l
1086     -249    375        l
1087     -249    375        l
1088     -249    375        l
1089     -249    375        l
1090     -249    375        l
1091     -249    375        l
1092     -249    375        l
1093     -249    375        l
1094     -249    375        l
1095     -249    375        l
1096     -249    375        l
1097     -249    375        l
1098     -249    375        l
1099     -249    375        l
1100     -249    375        l
1101     -249    375        l
1102     -254    373        f
1103     -254    373        l
1104     -254    373        l
1105     -254    373        l
1106     -254    373        l
1107     -261    371        f
1108     -261    371        l
1109     -261    371        l
1110     -261    371        l
1111     -261    371        l
1112     -261    371        l
1113     -267    369        f
1114     -267    369        l
1115     -267    369        l
1116     -267    369        l
1117     -267    369        l
1118     -267    369        l
1119     -267    369        l
1120     -267    369        l
1121     -267    369        l
1122     -267    369        l
1123     -267    369        l
1124     -267    369        f
1125     -198    400        f
1126     -131    430        f
1127     -67    459        f
1128     -7    487        f
1129     50    513        f
1130     106    538        f
1131     159    562        f
1132     209    585        f
1133     257    607        f
1134     304    628        f
1135     348    648        f
1136     390    667        f
1137     430    685        f
1138     468    702        f
1139     505    719        f
1140     540    734        f
1141     573    750        f
1142     605    764        f
1143     636    778        f
1144     665    791        f
1145     693    803        f
1146     719    816        f
1147     744    827        f
1148     769    838        f
1149     792    848        f
1150     814    858        f
1151     835    868        f
1152     855    877        f
1153     874    886        f
1154     893    894        f
1155     910    902        f
1156     927    909        f
1157     943    917        f
1158     958    924        f
1159     973    930        f
1160     986    936        f
1161     986    936        r
1162     986    936        r
1163     986    936        f
1164     886    1033        f
1165     791    1126        f
1166     699    1214        f
1167     612    1299        f
1168     528    1380        f
1169     449    1457        f
1170     373    1530        f
1171     300    1601        f
1172     229    1668        f
1173     164    1732        f
1174     100    1793        f
1175     40    1852        f
1176     -17    1907        f
1177     -72    1961        f
1178     -125    2012        f
1179     -125    2012        l
1180     -125    2012        f
1181     -62    1918        f
1182     -2    1829        f
1183     55    1744        f
1184     109    1663        f
1185     162    1585        f
1186     212    1511        f
1187     259    1440        f
1188     305    1373        f
1189     348    1308        f
1190     390    1246        f
1191     430    1187        f
1192     468    1131        f
1193     504    1077        f
1194     538    1026        f
1195     571    977        f
1196     571    977        l
1197     571    977        f
1198     648    977        f
1199     721    978        f
1200     791    980        f
1201     857    981        f
1202     921    982        f
1203     982    983        f
1204     1040    984        f
1205     1096    984        f
1206     1149    985        f
1207     1199    986        f
1208     1247    986        f
1209     1294    986        f
1210     1338    988        f
1211     1380    988        f
1212     1420    989        f
1213     1458    989        f
1214     1495    990        f
1215     1530    990        f
1216     1564    991        f
1217     1596    991        f
1218     1596    991        r
1219     1596    991        f
1220     1480    941        f
1221     1369    894        f
1222     1264    848        f
1223     1163    805        f
1224     1067    763        f
1225     975    723        f
1226     975    723        r
1227     975    723        f
1228     886    687        f
1229     802    651        f
1230     721    618        f
1231     644    586        f
1232     570    555        f
1233     500    526        f
1234     433    498        f
1235     369    471        f
1236     308    445        f
1237     249    421        f
1238     193    398        f
1239     140    376        f
1240     89    355        f
1241     89    355        r
1242     89    355        f
1243     25    312        f
1244     -34    272        f
1245     -93    233        f
1246     -148    197        f
1247     -200    162        f
1248     -252    128        f
1249     -300    96        f
1250     -346    65        f
1251     -391    36        f
1252     -433    8        f
1253     -473    -17        f
1254     -512    -43        f
1255     -548    -67        f
1256     -583    -90        f
1257     -617    -112        f
1258     -649    -134        f
1259     -679    -154        f
1260     -709    -173        f
1261     -736    -192        f
1262     -763    -209        f
1263     -788    -225        f
1264     -813    -242        f
1265     -836    -258        f
1266     -858    -272        f
1267     -878    -286        f
1268     -899    -300        f
1269     -918    -313        f
1270     -936    -325        f
1271     -953    -337        f
1272     -971    -348        f
1273     -986    -358        f
1274     -1002    -369        f
1275     -1017    -378        f
1276     -1031    -388        f
1277     -1044    -397        f
1278     -1057    -405        f
1279     -1069    -413        f
1280     -1081    -421        f
1281     -1092    -428        f
1282     -1102    -434        f
1283     -1112    -442        f
1284     -1112    -442        l
1285     -1112    -442        f
1286     -1044    -308        f
1287     -978    -181        f
1288     -917    -59        f
1289     -857    56        f
1290     -801    167        f
1291     -747    274        f
1292     -695    375        f
1293     -645    472        f
1294     -598    564        f
1295     -553    653        f
1296     -509    737        f
1297     -469    818        f
1298     -430    894        f
1299     -392    968        f
1300     -357    1038        f
1301     -322    1105        f
1302     -290    1169        f
1303     -259    1230        f
1304     -229    1289        f
1305     -200    1344        f
1306     -173    1398        f
1307     -147    1448        f
1308     -123    1497        f
1309     -99    1543        f
1310     -76    1587        f
1311     -55    1630        f
1312     -34    1670        f
1313     -15    1709        f
1314     3    1745        f
1315     3    1745        l
1316     3    1745        l
1317     3    1745        f
1318     9    1596        f
1319     15    1453        f
1320     20    1316        f
1321     26    1186        f
1322     31    1061        f
1323     31    1061        l
1324     31    1061        l
1325     31    1061        f
1326     90    1013        f
1327     147    967        f
1328     200    924        f
1329     252    882        f
1330     302    842        f
1331     350    803        f
1332     395    767        f
1333     438    732        f
1334     479    699        f
1335     518    667        f
1336     556    637        f
1337     592    608        f
1338     626    581        f
1339     659    554        f
1340     690    529        f
1341     720    505        f
1342     749    482        f
1343     776    459        f
1344     802    438        f
1345     827    419        f
1346     851    399        f
1347     873    381        f
1348     894    364        f
1349     916    347        f
1350     935    331        f
1351     953    316        f
1352     972    301        f
1353     990    287        f
1354     1006    274        f
1355     1022    261        f
1356     1037    249        f
1357     1051    237        f
1358     1065    225        f
1359     1078    216        f
1360     1090    206        f
1361     1102    196        f
1362     1113    187        f
1363     1124    178        f
1364     1135    170        f
1365     1145    162        f
1366     1154    154        f
1367     1163    147        f
1368     1172    140        f
1369     1180    133        f
1370     1180    133        r
1371     1180    133        f
1372     1079    146        f
1373     982    159        f
1374     890    171        f
1375     801    183        f
1376     717    194        f
1377     637    204        f
1378     560    214        f
1379     486    224        f
1380     416    233        f
1381     349    242        f
1382     285    250        f
1383     224    258        f
1384     166    266        f
1385     110    273        f
1386     56    280        f
1387     5    287        f
1388     5    287        r
1389     5    287        f
1390     -69    273        f
1391     -141    261        f
1392     -210    249        f
1393     -275    237        f
1394     -338    225        f
1395     -398    216        f
1396     -455    204        f
1397     -509    196        f
1398     -561    187        f
1399     -611    178        f
1400     -658    170        f
1401     -704    162        f
1402     -747    154        f
1403     -788    147        f
1404     -827    140        f
1405     -866    133        f
1406     -902    127        f
1407     -936    121        f
1408     -969    114        f
1409     -1000    109        f
1410     -1030    104        f
1411     -1059    99        f
1412     -1086    94        f
1413     -1112    90        f
1414     -1137    85        f
1415     -1161    81        f
1416     -1184    77        f
1417     -1205    73        f
1418     -1226    69        f
1419     -1246    66        f
1420     -1265    63        f
1421     -1283    59        f
1422     -1300    56        f
1423     -1316    53        f
1424     -1332    51        f
1425     -1347    48        f
1426     -1362    45        f
1427     -1375    43        f
1428     -1388    41        f
1429     -1401    39        f
1430     -1413    36        f
1431     -1424    34        f
1432     -1435    32        f
1433     -1445    31        f
1434     -1455    28        f
1435     -1465    27        f
1436     -1474    26        f
1437     -1482    24        f
1438     -1491    23        f
1439     -1498    21        f
1440     -1506    20        f
1441     -1513    19        f
1442     -1520    17        f
1443     -1526    16        f
1444     -1533    15        f
1445     -1539    14        f
1446     -1544    13        f
1447     -1550    12        f
1448     -1555    11        f
1449     -1560    10        f
1450     -1565    9        f
1451     -1569    9        f
1452     -1574    8        f
1453     -1578    7        f
1454     -1582    6        f
1455     -1586    6        f
1456     -1589    5        f
1457     -1593    5        f
1458     -1596    4        f
1459     -1599    3        f
1460     -1602    3        f
1461     -1605    2        f
1462     -1607    2        f
1463     -1607    2        r
1464     -1607    2        r
1465     -1607    2        f
1466     -1682    -7        f
1467     -1755    -16        f
1468     -1825    -25        f
1469     -1891    -33        f
1470     -1954    -41        f
1471     -2014    -49        f
1472     -2072    -56        f
1473     -2127    -63        f
1474     -2179    -70        f
1475     -2229    -76        f
1476     -2277    -82        f
1477     -2277    -82        l
1478     -2277    -82        f
1479     -2151    -20        f
1480     -2030    39        f
1481     -2030    39        r
1482     -2030    39        r
1483     -2030    39        f
1484     -2180    39        f
1485     -2323    40        f
1486     -2460    40        f
1487     -2460    40        l
1488     -2460    40        l
1489     -2460    40        f
1490     -2338    105        f
1491     -2222    166        f
1492     -2110    225        f
1493     -2004    282        f
1494     -1903    335        f
1495     -1805    387        f
1496     -1713    436        f
1497     -1625    482        f
1498     -1540    527        f
1499     -1460    570        f
1500     -1383    611        f
1501     -1309    649        f
1502     -1239    687        f
1503     -1172    722        f
1504     -1108    756        f
1505     -1047    789        f
1506     -989    819        f
1507     -933    849        f
1508     -880    877        f
1509     -828    903        f
1510     -781    930        f
1511     -734    955        f
1512     -690    978        f
1513     -648    1001        f
1514     -608    1023        f
1515     -569    1043        f
1516     -533    1063        f
1517     -497    1081        f
1518     -463    1099        f
1519     -432    1116        f
1520     -401    1133        f
1521     -372    1148        f
1522     -345    1163        f
1523     -318    1177        f
1524     -293    1191        f
1525     -268    1203        f
1526     -245    1216        f
1527     -223    1228        f
1528     -202    1239        f
1529     -182    1250        f
1530     -163    1260        f
1531     -144    1270        f
1532     -127    1279        f
1533     -110    1288        f
1534     -94    1297        f
1535     -79    1305        f
1536     -64    1312        f
1537     -50    1320        f
1538     -37    1327        f
1539     -24    1334        f
1540     -12    1340        f
1541     0    1346        f
1542     10    1352        f
1543     20    1358        f
1544     31    1363        f
1545     40    1369        f
1546     49    1373        f
1547     57    1378        f
1548     67    1383        f
1549     75    1387        f
1550     82    1391        f
1551     90    1395        f
1552     97    1399        f
1553     103    1402        f
1554     110    1406        f
1555     115    1409        f
1556     122    1412        f
1557     127    1415        f
1558     133    1418        f
1559     138    1421        f
1560     138    1421        l
1561     138    1421        l
1562     138    1421        f
1563     214    1421        f
1564     287    1421        f
1565     357    1422        f
1566     423    1422        f
1567     487    1422        f
1568     548    1423        f
1569     606    1423        f
1570     661    1423        f
1571     714    1424        f
1572     764    1424        f
1573     811    1424        f
1574     858    1424        f
1575     902    1425        f
1576     944    1425        f
1577     984    1425        f
1578     1022    1425        f
1579     1059    1425        f
1580     1094    1426        f
1581     1127    1426        f
1582     1159    1426        f
1583     1189    1426        f
1584     1218    1426        f
1585     1246    1426        f
1586     1272    1426        f
1587     1298    1427        f
1588     1322    1427        f
1589     1345    1427        f
1590     1367    1427        f
1591     1388    1427        f
1592     1408    1427        f
1593     1427    1427        f
1594     1446    1427        f
1595     1463    1427        f
1596     1480    1428        f
1597     1496    1428        f
1598     1511    1428        f
1599     1526    1428        f
1600     1540    1428        f
1601     1553    1428        f
1602     1553    1428        r
1603     1553    1428        r
1604     1553    1428        f
1605     1481    1303        f
1606     1413    1184        f
1607     1347    1070        f
1608     1285    961        f
1609     1225    857        f
1610     1168    758        f
1611     1113    663        f
1612     1062    573        f
1613     1011    486        f
1614     964    404        f
1615     919    325        f
1616     876    249        f
1617     835    177        f
1618     796    109        f
1619     758    43        f
1620     722    -19        f
1621     688    -79        f
1622     655    -136        f
1623     624    -191        f
1624     594    -243        f
1625     566    -293        f
1626     539    -340        f
1627     513    -386        f
1628     488    -429        f
1629     463    -470        f
1630     441    -509        f
1631     420    -548        f
1632     399    -584        f
1633     380    -619        f
1634     361    -651        f
1635     343    -683        f
1636     326    -713        f
1637     309    -742        f
1638     293    -769        f
1639     279    -795        f
1640     264    -819        f
1641     250    -844        f
1642     238    -867        f
1643     225    -889        f
1644     213    -909        f
1645     202    -928        f
1646     191    -948        f
1647     181    -966        f
1648     171    -983        f
1649     161    -1000        f
1650     152    -1016        f
1651     144    -1031        f
1652     136    -1045        f
1653     128    -1059        f
1654     120    -1072        f
1655     112    -1084        f
1656     106    -1096        f
1657     100    -1108        f
1658     93    -1118        f
1659     87    -1129        f
1660     82    -1139        f
1661     76    -1148        f
1662     71    -1157        f
1663     66    -1166        f
1664     61    -1174        f
1665     56    -1182        f
1666     53    -1189        f
1667     49    -1197        f
1668     45    -1203        f
1669     41    -1210        f
1670     37    -1216        f
1671     34    -1222        f
1672     31    -1228        f
1673     27    -1233        f
1674     24    -1238        f
1675     22    -1243        f
1676     19    -1248        f
1677     16    -1253        f
1678     14    -1257        f
1679     11    -1261        f
1680     9    -1265        f
1681     7    -1269        f
1682     5    -1272        f
1683     3    -1276        f
1684     1    -1279        f
1685     0    -1282        f
1686     0    -1282        l
1687     0    -1282        l
1688     0    -1282        l
1689     0    -1282        f
1690     75    -1274        f
1691     148    -1267        f
1692     217    -1259        f
1693     284    -1253        f
1694     347    -1246        f
1695     407    -1240        f
1696     465    -1234        f
1697     520    -1228        f
1698     573    -1223        f
1699     623    -1217        f
1700     671    -1212        f
1701     717    -1208        f
1702     761    -1203        f
1703     802    -1199        f
1704     843    -1195        f
1705     881    -1191        f
1706     917    -1187        f
1707     952    -1183        f
1708     985    -1180        f
1709     1017    -1176        f
1710     1047    -1173        f
1711     1076    -1170        f
1712     1104    -1167        f
1713     1130    -1165        f
1714     1155    -1162        f
1715     1179    -1160        f
1716     1202    -1157        f
1717     1202    -1157        r
1718     1202    -1157        f
1719     1063    -1102        f
1720     928    -1050        f
1721     802    -1000        f
1722     680    -952        f
1723     564    -906        f
1724     453    -863        f
1725     347    -821        f
1726     246    -781        f
1727     150    -743        f
1728     57    -707        f
1729     -28    -673        f
1730     -112    -639        f
1731     -194    -608        f
1732     -271    -577        f
1733     -344    -549        f
1734     -413    -521        f
1735     -480    -495        f
1736     -545    -469        f
1737     -606    -445        f
1738     -664    -422        f
1739     -719    -400        f
1740     -772    -380        f
1741     -823    -360        f
1742     -871    -340        f
1743     -918    -322        f
1744     -961    -305        f
1745     -1003    -288        f
1746     -1044    -272        f
1747     -1082    -257        f
1748     -1119    -242        f
1749     -1154    -227        f
1750     -1188    -215        f
1751     -1220    -202        f
1752     -1250    -190        f
1753     -1279    -179        f
1754     -1307    -168        f
1755     -1334    -157        f
1756     -1334    -157        r
1757     -1334    -157        r
1758     -1334    -157        r
1759     -1359    -147        f
1760     -1359    -147        r
1761     -1359    -147        r
1762     -1359    -147        r
1763     -1384    -138        f
1764     -1384    -138        r
1765     -1384    -138        r
1766     -1384    -138        r
1767     -1384    -138        f
1768     -1459    -149        f
1769     -1531    -161        f
1770     -1600    -171        f
1771     -1666    -182        f
1772     -1729    -191        f
1773     -1789    -200        f
1774     -1847    -210        f
1775     -1902    -218        f
1776     -1954    -225        f
1777     -2004    -234        f
1778     -2052    -241        f
1779     -2098    -248        f
1780     -2141    -254        f
1781     -2183    -262        f
1782     -2222    -268        f
1783     -2260    -274        f
1784     -2297    -279        f
1785     -2331    -285        f
1786     -2364    -290        f
1787     -2396    -295        f
1788     -2426    -299        f
1789     -2455    -304        f
1790     -2482    -308        f
1791     -2508    -312        f
1792     -2533    -316        f
1793     -2557    -320        f
1794     -2580    -323        f
1795     -2602    -327        f
1796     -2623    -330        f
1797     -2642    -333        f
1798     -2661    -336        f
1799     -2680    -339        f
1800     -2697    -342        f
1801     -2713    -344        f
1802     -2729    -347        f
1803     -2744    -349        f
1804     -2759    -351        f
1805     -2773    -353        f
1806     -2786    -355        f
1807     -2798    -357        f
1808     -2810    -359        f
1809     -2822    -361        f
1810     -2833    -363        f
1811     -2843    -364        f
1812     -2853    -366        f
1813     -2863    -367        f
1814     -2872    -369        f
1815     -2881    -370        f
1816     -2889    -371        f
1817     -2889    -371        l
1818     -2889    -371        l
1819     -2889    -371        f
1820     -2779    -269        f
1821     -2674    -172        f
1822     -2574    -79        f
1823     -2478    9        f
1824     -2387    94        f
1825     -2300    175        f
1826     -2216    252        f
1827     -2137    327        f
1828     -2061    397        f
1829     -1988    465        f
1830     -1918    529        f
1831     -1852    591        f
1832     -1789    649        f
1833     -1729    706        f
1834     -1671    759        f
1835     -1616    810        f
1836     -1563    859        f
1837     -1513    906        f
1838     -1465    951        f
1839     -1419    993        f
1840     -1376    1034        f
1841     -1334    1073        f
1842     -1294    1110        f
1843     -1256    1145        f
1844     -1220    1179        f
1845     -1185    1211        f
1846     -1152    1242        f
1847     -1120    1271        f
1848     -1090    1300        f
1849     -1061    1326        f
1850     -1034    1352        f
1851     -1008    1377        f
1852     -1008    1377        l
1853     -1008    1377        l
1854     -1008    1377        f
1855     -956    1316        f
1856     -907    1258        f
1857     -859    1203        f
1858     -814    1151        f
1859     -771    1100        f
1860     -730    1052        f
1861     -691    1007        f
1862     -654    963        f
1863     -618    921        f
1864     -584    881        f
1865     -551    843        f
1866     -520    806        f
1867     -490    772        f
1868     -462    738        f
1869     -434    707        f
1870     -409    676        f
1871     -384    647        f
1872     -361    620        f
1873     -338    593        f
1874     -317    568        f
1875     -296    544        f
1876     -276    521        f
1877     -258    499        f
1878     -240    478        f
1879     -223    458        f
1880     -206    438        f
1881     -191    421        f
1882     -176    403        f
1883     -162    387        f
1884     -148    371        f
1885     -135    355        f
1886     -123    341        f
1887     -111    327        f
1888     -100    314        f
1889     -89    301        f
1890     -79    289        f
1891     -69    278        f
1892     -59    266        f
1893     -50    256        f
1894     -42    246        f
1895     -34    236        f
1896     -26    227        f
1897     -19    218        f
1898     -11    210        f
1899     -5    202        f
1900     1    194        f
1901     7    187        f
1902     13    180        f
1903     19    173        f
1904     24    167        f
1905     28    161        f
1906     34    155        f
1907     39    150        f
1908     43    145        f
1909     43    145        l
1910     43    145        l
1911     43    145        f
1912     94    21        f
1913     143    -96        f
1914     189    -208        f
1915     234    -316        f
1916     276    -418        f
1917     317    -516        f
1918     355    -609        f
1919     392    -699        f
1920     426    -784        f
1921     461    -865        f
1922     493    -943        f
1923     524    -1017        f
1924     553    -1088        f
1925     581    -1156        f
1926     608    -1221        f
1927     608    -1221        l
1928     608    -1221        f
1929     696    -1116        f
1930     780    -1017        f
1931     861    -922        f
1932     938    -832        f
1933     1011    -745        f
1934     1081    -663        f
1935     1148    -584        f
1936     1212    -508        f
1937     1273    -437        f
1938     1331    -368        f
1939     1387    -302        f
1940     1440    -240        f
1941     1491    -180        f
1942     1539    -123        f
1943     1585    -68        f
1944     1630    -16        f
1945     1672    33        f
1946     1712    80        f
1947     1751    126        f
1948     1751    126        l
1949     1751    126        f
1950     1901    122        f
1951     2044    117        f
1952     2180    113        f
1953     2311    110        f
1954     2435    106        f
1955     2554    103        f
1956     2668    100        f
1957     2777    97        f
1958     2880    94        f
1959     2979    91        f
1960     3074    88        f
1961     3164    86        f
1962     3250    83        f
1963     3333    81        f
1964     3411    79        f
1965     3486    77        f
1966     3486    77        r
1967     3486    77        r
1968     3486    77        r
1969     3486    77        r
1970     3486    77        r
1971     3486    77        r
1972     3486    77        r
1973     3486    77        r
1974     3486    77        r
1975     3486    77        r
1976     3486    77        r
1977     3486    77        r
1978     3486    77        r
1979     3486    77        r
1980     3486    77        r
1981     3486    77        r
1982     3486    77        r
1983     3486    77        r
1984     3486    77        r
1985     3486    77        r
1986     3486    77        r
1987     3486    77        r
1988     3486    77        r
1989     3486    77        r
1990     3486    77        r
1991     3486    77        r
1992     3486    77        r
1993     3486    77        r
1994     3486    77        r
1995     3486    77        r
1996     3486    77        r
1997     3486    77        r
1998     3486    77        r
1999     3486    77        r
2000     3486    77        r
2001     3486    77        r
2002     3486    77        r
2003     3486    77        r
2004     3486    77        r
2005     3486    77        r
2006     3486    77        r
2007     3486    77        r
2008     3486    77        r
2009     3486    77        r
2010     3486    77        r
2011     3486    77        f
2012     3358    2        f
2013     3358    2        l
2014     3358    2        f
2015     3508    7        f
2016     3508    7        r
2017     3508    7        r
2018     3508    7        r
2019     3508    7        r
2020     3508    7        r
2021     3508    7        r
2022     3508    7        f
2023     3508    7        l
2024     3508    7        l
2025     3508    7        f
2026     3658    11        f
2027     3801    16        f
2028     3938    21        f
2029     4069    25        f
2030     4166    -68        r
2031     4108    47        r
2032     4125    -111        r
2033     4148    -76        r
2034     4078    59        r
2035     4071    -117        r
2036     4116    44        r
2037     4127    -54        r
2038     3984    63        r
2039     4107    42        r
2040     3977    -90        r
2041     3957    55        r
2042     3972    65        r
2043     3911    -20        r
2044     4020    59        r
2045     4049    -109        r
2046     4074    -63        r
2047     3917    13        r
2048     4033    7        r
2049     3890    -113        r
2050     3885    -108        r
2051     3946    -171        r
2052     3990    0        r
2053     4069    -109        r
2054     4043    -42        r
2055     4036    -190        r
2056     3894    -172        r
2057     3976    -52        r
2058     3940    -72        r
2059     3989    -82        r
2060     4013    -271        r
2061     3940    -295        r
2062     4056    -213        r
2063     3992    -329        r
2064     4043    -295        r
2065     4038    -317        r
2066     3993    -221        r
2067     4015    -266        r
2068     4008    -284        r
2069     3842    -352        r
2070     3840    -420        r
2071     3865    -487        r
2072     3892    -527        r
2073     3968    -391        r
2074     3871    -400        r
2075     3988    -522        r
2076     3908    -448        r
2077     3790    -573        r
2078     3854    -681        r
2079     3857    -526        r
2080     3790    -705        r
2081     3934    -629        r
2082     3845    -608        r
2083     3744    -716        r
2084     3771    -830        r
2085     3911    -789        r
2086     3890    -767        r
2087     3895    -841        r
2088     3876    -913        r
2089     3713    -960        r
2090     3683    -936        r
2091     3808    -877        r
2092     3813    -1065        r
2093     3822    -966        r
2094     3828    -1075        r
2095     3809    -1127        r
2096     3699    -1202        r
2097     3768    -1214        r
2098     3618    -1215        r
2099     3628    -1272        r
2100     3593    -1267        r
2101     3584    -1300        r
2102     3577    -1338        r
2103     3734    -1366        r
2104     3561    -1411        r
2105     3721    -1394        r
2106     3622    -1515        r
2107     3696    -1482        r
2108     3696    -1482        r
2109     3696    -1482        f
2110     3546    -1479        f
2111     3403    -1476        f
2112     3265    -1473        f
2113     3135    -1470        f
2114     3010    -1468        f
2115     2891    -1465        f
2116     2777    -1463        f
2117     2668    -1461        f
2118     2564    -1458        f
2119     2464    -1456        f
2120     2369    -1454        f
2121     2279    -1452        f
2122     2192    -1451        f
2123     2109    -1449        f
2124     2030    -1447        f
2125     1954    -1446        f
2126     1882    -1444        f
2127     1813    -1443        f
2128     1747    -1441        f
2129     1685    -1440        f
2130     1625    -1439        f
2131     1567    -1438        f
2132     1512    -1436        f
2133     1460    -1435        f
2134     1410    -1434        f
2135     1363    -1433        f
2136     1317    -1432        f
2137     1274    -1431        f
2138     1232    -1431        f
2139     1192    -1430        f
2140     1154    -1429        f
2141     1118    -1428        f
2142     1084    -1428        f
2143     1051    -1427        f
2144     1019    -1426        f
2145     989    -1426        f
2146     960    -1425        f
2147     933    -1424        f
2148     906    -1424        f
2149     881    -1423        f
2150     857    -1423        f
2151     835    -1422        f
2152     813    -1422        f
2153     792    -1421        f
2154     772    -1421        f
2155     753    -1421        f
2156     735    -1420        f
2157     718    -1420        f
2158     701    -1420        f
2159     685    -1419        f
2160     670    -1419        f
2161     656    -1419        f
2162     642    -1418        f
2163     629    -1418        f
2164     617    -1418        f
2165     605    -1417        f
2166     593    -1417        f
2167     582    -1417        f
2168     572    -1417        f
2169     562    -1417        f
2170     552    -1416        f
2171     543    -1416        f
2172     534    -1416        f
2173     526    -1416        f
2174     526    -1416        l
2175     526    -1416        f
2176     597    -1386        f
2177     597    -1386        r
2178     597    -1386        r
2179     597    -1386        f
2180     493    -1317        f
2181     393    -1252        f
2182     299    -1189        f
2183     208    -1130        f
2184     121    -1073        f
2185     39    -1019        f
2186     -39    -967        f
2187     -113    -917        f
2188     -186    -869        f
2189     -254    -824        f
2190     -321    -781        f
2191     -384    -740        f
2192     -444    -700        f
2193     -501    -663        f
2194     -555    -627        f
2195     -608    -592        f
2196     -657    -560        f
2197     -657    -560        r
2198     -657    -560        f
2199     -724    -522        f
2200     -787    -484        f
2201     -848    -451        f
2202     -906    -417        f
2203     -961    -386        f
2204     -1014    -356        f
2205     -1064    -327        f
2206     -1112    -299        f
2207     -1158    -273        f
2208     -1202    -248        f
2209     -1244    -224        f
2210     -1284    -200        f
2211     -1322    -179        f
2212     -1359    -158        f
2213     -1394    -138        f
2214     -1427    -119        f
2215     -1459    -101        f
2216     -1490    -83        f
2217     -1519    -67        f
2218     -1547    -51        f
2219     -1573    -36        f
2220     -1598    -21        f
2221     -1622    -7        f
2222     -1645    5        f
2223     -1668    17        f
2224     -1689    30        f
2225     -1709    41        f
2226     -1728    52        f
2227     -1746    63        f
2228     -1764    73        f
2229     -1780    82        f
2230     -1796    91        f
2231     -1812    100        f
2232     -1826    109        f
2233     -1839    117        f
2234     -1853    124        f
2235     -1866    131        f
2236     -1878    138        f
2237     -1889    145        f
2238     -1900    151        f
2239     -1911    158        f
2240     -1921    163        f
2241     -1930    169        f
2242     -1930    169        l
2243     -1930    169        l
2244     -1930    169        f
2245     -1782    143        f
2246     -1642    118        f
2247     -1507    95        f
2248     -1378    72        f
2249     -1378    72        r
2250     -1378    72        f
2251     -1447    39        f
2252     -1513    8        f
2253     -1576    -21        f
2254     -1636    -50        f
2255     -1693    -78        f
2256     -1748    -104        f
2257     -1800    -129        f
2258     -1850    -153        f
2259     -1898    -175        f
2260     -1944    -197        f
2261     -1987    -218        f
2262     -2029    -238        f
2263     -2069    -257        f
2264     -2107    -275        f
2265     -2143    -292        f
2266     -2177    -308        f
2267     -2210    -324        f
2268     -2242    -339        f
2269     -2272    -354        f
2270     -2301    -367        f
2271     -2329    -380        f
2272     -2355    -393        f
2273     -2380    -405        f
2274     -2404    -416        f
2275     -2427    -426        f
2276     -2449    -438        f
2277     -2470    -448        f
2278     -2490    -457        f
2279     -2509    -466        f
2280     -2527    -475        f
2281     -2545    -483        f
2282     -2562    -491        f
2283     -2577    -499        f
2284     -2593    -505        f
2285     -2607    -513        f
2286     -2621    -519        f
2287     -2634    -526        f
2288     -2647    -532        f
2289     -2659    -537        f
2290     -2671    -543        f
2291     -2682    -548        f
2292     -2692    -553        f
2293     -2702    -558        f
2294     -2712    -562        f
2295     -2721    -567        f
2296     -2730    -571        f
2297     -2738    -575        f
2298     -2746    -579        f
2299     -2754    -582        f
2300     -2761    -586        f
2301     -2768    -589        f
2302     -2775    -592        f
2303     -2781    -595        f
2304     -2787    -598        f
2305     -2793    -601        f
2306     -2798    -603        f
2307     -2798    -603        l
2308     -2798    -603        l
2309     -2798    -603        f
2310     -2726    -488        f
2311     -2658    -380        f
2312     -2592    -276        f
2313     -2529    -176        f
2314     -2469    -81        f
2315     -2412    8        f
2316     -2357    95        f
