step   ball_X    ball_Y    side
0     0    0        f
0     0    0        f
0     0    0        f
0     0    0        f
0     0    0        f
1     0    0        f
2     0    0        f
3     0    0        f
4     0    0        f
5     0    0        f
6     0    0        f
7     0    0        f
8     0    0        f
9     0    0        f
10     0    0        f
11     0    0        f
12     0    0        f
13     0    0        f
14     0    0        f
15     0    0        f
16     0    0        f
17     0    0        f
18     0    0        f
19     0    0        f
20     0    0        f
21     0    0        f
22     0    0        f
23     0    0        f
24     0    0        f
25     0    0        f
26     0    0        f
27     0    0        f
28     0    0        f
29     0    0        f
30     0    0        f
31     0    0        f
32     0    0        f
33     0    0        f
34     0    0        f
35     0    0        f
36     0    0        f
37     0    0        f
38     0    0        f
39     0    0        f
40     0    0        f
41     0    0        f
42     0    0        f
43     0    0        f
44     0    0        f
45     0    0        f
46     0    0        f
47     0    0        f
48     0    0        f
49     0    0        f
50     0    0        f
51     0    0        f
52     0    0        f
53     0    0        f
54     0    0        f
55     0    0        f
56     0    0        f
57     0    0        f
58     0    0        f
59     0    0        f
60     0    0        f
61     0    0        f
62     0    0        f
63     0    0        f
64     0    0        f
65     0    0        f
66     0    0        f
67     0    0        f
68     0    0        f
69     0    0        f
70     0    0        f
71     0    0        f
72     0    0        f
73     0    0        f
74     0    0        f
75     0    0        f
76     0    0        f
77     0    0        f
78     0    0        f
79     0    0        f
80     0    0        f
81     0    0        f
82     0    0        f
83     0    0        f
84     0    0        f
85     0    0        f
86     0    0        f
87     0    0        f
88     0    0        f
89     0    0        f
90     0    0        f
91     0    0        f
92     0    0        f
93     0    0        f
94     0    0        f
95     0    0        f
96     0    0        f
97     0    0        f
98     0    0        f
99     0    0        f
100     0    0        f
101     0    0        f
102     0    0        f
103     0    0        f
104     0    0        f
105     0    0        l
106     0    0        l
107     0    0        l
108     0    0        l
109     0    0        l
110     0    0        l
111     0    0        f
112     75    11        f
113     147    23        f
114     216    34        f
115     282    44        f
116     345    54        f
117     405    63        f
118     462    72        f
119     517    81        f
120     569    89        f
121     619    97        f
122     667    105        f
123     712    112        f
124     756    119        f
125     797    125        f
126     836    131        f
127     875    137        f
128     911    143        f
129     946    148        f
130     978    154        f
131     1010    159        f
132     1040    163        f
133     1069    168        f
134     1097    172        f
135     1123    176        f
136     1148    180        f
137     1172    184        f
138     1194    188        f
139     1216    191        f
140     1237    194        f
141     1257    197        f
142     1276    200        f
143     1294    202        f
144     1311    206        f
145     1328    209        f
146     1343    211        f
147     1358    213        f
148     1373    216        f
149     1386    218        f
150     1400    220        f
151     1412    222        f
152     1424    224        f
153     1435    225        f
154     1446    227        f
155     1457    229        f
156     1467    231        f
157     1476    231        f
158     1485    233        f
159     1494    235        f
160     1502    236        f
161     1502    236        r
162     1502    236        r
163     1502    236        f
164     1397    200        f
165     1296    168        f
166     1200    136        f
167     1108    106        f
168     1021    77        f
169     936    49        f
170     857    23        f
171     780    -2        f
172     708    -26        f
173     638    -49        f
174     571    -71        f
175     508    -92        f
176     447    -112        f
177     389    -131        f
178     334    -149        f
179     281    -167        f
180     229    -184        f
181     182    -199        f
182     136    -215        f
183     91    -229        f
184     49    -243        f
185     9    -256        f
186     -28    -269        f
187     -65    -281        f
188     -100    -293        f
189     -133    -304        f
190     -165    -314        f
191     -165    -314        r
192     -165    -314        r
193     -165    -314        f
194     -248    -189        f
195     -248    -189        l
196     -248    -189        f
197     -172    -197        f
198     -99    -204        f
199     -28    -212        f
200     36    -219        f
201     99    -225        f
202     160    -231        f
203     218    -238        f
204     273    -243        f
205     326    -249        f
206     377    -254        f
207     425    -259        f
208     471    -264        f
209     515    -269        f
210     557    -273        f
211     597    -277        f
212     635    -281        f
213     672    -285        f
214     707    -289        f
215     741    -292        f
216     773    -295        f
217     802    -299        f
218     832    -302        f
219     860    -305        f
220     886    -307        f
221     911    -310        f
222     936    -313        f
223     959    -315        f
224     981    -317        f
225     1002    -319        f
226     1023    -322        f
227     1042    -324        f
228     1060    -325        f
229     1078    -327        f
230     1094    -329        f
231     1110    -331        f
232     1126    -332        f
233     1140    -334        f
234     1154    -335        f
235     1167    -337        f
236     1180    -338        f
237     1192    -339        f
238     1204    -340        f
239     1215    -342        f
240     1226    -343        f
241     1236    -344        f
242     1245    -345        f
243     1254    -346        f
244     1263    -347        f
245     1272    -347        f
246     1280    -348        f
247     1287    -349        f
248     1295    -350        f
249     1302    -351        f
250     1308    -351        f
251     1315    -352        f
252     1321    -353        f
253     1327    -353        f
254     1332    -354        f
255     1338    -354        f
256     1343    -355        f
257     1347    -355        f
258     1352    -356        f
259     1352    -356        r
260     1352    -356        r
261     1352    -356        f
262     1247    -455        f
263     1247    -455        l
264     1247    -455        f
265     1322    -444        f
266     1394    -433        f
267     1463    -422        f
268     1529    -411        f
269     1592    -401        f
270     1652    -392        f
271     1709    -383        f
272     1764    -374        f
273     1816    -366        f
274     1866    -358        f
275     1914    -350        f
276     1959    -343        f
277     2003    -336        f
278     2044    -329        f
279     2084    -323        f
280     2122    -317        f
281     2158    -311        f
282     2193    -306        f
283     2226    -301        f
284     2257    -296        f
285     2287    -291        f
286     2316    -286        f
287     2343    -282        f
288     2370    -278        f
289     2395    -274        f
290     2419    -270        f
291     2442    -266        f
292     2464    -263        f
293     2484    -260        f
294     2504    -256        f
295     2523    -252        f
296     2542    -250        f
297     2559    -248        f
298     2576    -245        f
299     2591    -243        f
300     0    0        f
300     0    0        f
300     0    0        f
300     0    0        f
300     0    0        f
300     0    0        f
300     0    0        f
300     0    0        f
300     0    0        f
300     0    0        f
300     0    0        f
300     0    0        f
300     0    0        f
300     0    0        f
300     0    0        f
300     0    0        f
300     0    0        f
300     0    0        f
300     0    0        f
300     0    0        f
300     0    0        f
300     0    0        f
300     0    0        f
300     0    0        f
300     0    0        f
300     0    0        f
300     0    0        f
300     0    0        f
300     0    0        f
300     0    0        f
300     0    0        f
300     0    0        f
300     0    0        f
300     0    0        f
300     0    0        f
300     0    0        f
300     0    0        f
300     0    0        f
300     0    0        f
300     0    0        f
300     0    0        f
300     0    0        f
300     0    0        f
300     0    0        f
300     0    0        f
300     0    0        f
300     0    0        f
300     0    0        f
300     0    0        f
300     0    0        f
300     0    0        f
300     0    0        f
300     0    0        f
300     0    0        f
300     0    0        f
300     0    0        f
300     0    0        f
300     0    0        f
300     0    0        f
300     0    0        f
300     0    0        f
300     0    0        f
300     0    0        f
300     0    0        f
300     0    0        f
300     0    0        f
300     0    0        f
300     0    0        f
300     0    0        f
300     0    0        f
300     0    0        f
300     0    0        f
300     0    0        f
300     0    0        f
300     0    0        f
300     0    0        f
300     0    0        f
300     0    0        f
300     0    0        f
300     0    0        f
300     0    0        f
300     0    0        f
300     0    0        f
300     0    0        f
300     0    0        f
300     0    0        f
300     0    0        f
300     0    0        f
300     0    0        f
300     0    0        f
300     0    0        f
300     0    0        f
300     0    0        f
300     0    0        f
300     0    0        f
300     0    0        f
300     0    0        f
300     0    0        f
300     0    0        f
300     0    0        f
300     0    0        f
300     0    0        f
301     0    0        f
302     0    0        f
303     0    0        f
304     0    0        f
305     0    0        f
306     0    0        f
307     0    0        f
308     0    0        f
309     0    0        f
310     0    0        f
311     0    0        f
312     0    0        f
313     0    0        f
314     0    0        f
315     0    0        f
316     0    0        f
317     0    0        f
318     0    0        f
319     0    0        f
320     0    0        f
321     0    0        f
322     0    0        f
323     0    0        f
324     0    0        f
325     0    0        f
326     0    0        f
327     0    0        f
328     0    0        f
329     0    0        f
330     0    0        f
331     0    0        f
332     0    0        f
333     0    0        f
334     0    0        f
335     0    0        f
336     0    0        f
337     0    0        f
338     0    0        f
339     0    0        f
340     0    0        f
341     0    0        f
342     0    0        f
343     0    0        f
344     0    0        f
345     0    0        f
346     0    0        f
347     0    0        f
348     0    0        f
349     0    0        f
350     0    0        f
351     0    0        f
352     0    0        f
353     0    0        f
354     0    0        f
355     0    0        f
356     0    0        f
357     0    0        f
358     0    0        f
359     0    0        f
360     0    0        f
361     0    0        f
362     0    0        f
363     0    0        f
364     0    0        f
365     0    0        f
366     0    0        f
367     0    0        f
368     0    0        f
369     0    0        f
370     0    0        f
371     0    0        f
372     0    0        f
373     0    0        f
374     0    0        f
375     0    0        f
376     0    0        f
377     0    0        f
378     0    0        f
379     0    0        f
380     0    0        f
381     0    0        f
382     0    0        f
383     0    0        f
384     0    0        f
385     0    0        f
386     0    0        f
387     0    0        f
388     0    0        f
389     0    0        f
390     0    0        f
391     0    0        f
392     0    0        f
393     0    0        f
394     0    0        f
395     0    0        f
396     0    0        f
397     0    0        f
398     0    0        f
399     0    0        f
400     0    0        f
401     0    0        f
402     0    0        f
403     0    0        f
404     0    0        f
405     0    0        r
406     0    0        r
407     0    0        f
408     -74    -16        f
409     -146    -32        f
410     -214    -47        f
411     -279    -61        f
412     -341    -74        f
413     -400    -88        f
414     -457    -100        f
415     -511    -112        f
416     -563    -123        f
417     -612    -134        f
418     -660    -145        f
419     -705    -154        f
420     -748    -164        f
421     -789    -173        f
422     -827    -182        f
423     -866    -190        f
424     -902    -198        f
425     -936    -204        f
426     -968    -212        f
427     -999    -219        f
428     -1029    -225        f
429     -1058    -231        f
430     -1085    -238        f
431     -1111    -244        f
432     -1135    -249        f
433     -1159    -254        f
434     -1182    -259        f
435     -1203    -264        f
436     -1224    -269        f
437     -1243    -273        f
438     -1262    -277        f
439     -1280    -281        f
440     -1297    -285        f
441     -1313    -289        f
442     -1329    -292        f
443     -1344    -295        f
444     -1358    -298        f
445     -1372    -301        f
446     -1385    -304        f
447     -1397    -307        f
448     -1409    -310        f
449     -1420    -312        f
450     -1431    -315        f
451     -1442    -317        f
452     -1451    -319        f
453     -1461    -321        f
454     -1470    -323        f
455     -1478    -325        f
456     -1478    -325        l
457     -1478    -325        l
458     -1478    -325        f
459     -1358    -308        f
460     -1243    -292        f
461     -1133    -277        f
462     -1029    -262        f
463     -928    -249        f
464     -833    -235        f
465     -742    -223        f
466     -655    -211        f
467     -572    -199        f
468     -572    -199        r
469     -572    -199        f
470     -633    -65        f
471     -691    61        f
472     -747    183        f
473     -801    300        f
474     -852    411        f
475     -900    517        f
476     -947    618        f
477     -991    715        f
478     -1033    807        f
479     -1074    896        f
480     -1113    980        f
481     -1149    1060        f
482     -1185    1137        f
483     -1218    1211        f
484     -1251    1281        f
485     -1281    1348        f
486     -1311    1412        f
487     -1339    1473        f
488     -1366    1531        f
489     -1391    1587        f
490     -1416    1639        f
491     -1439    1691        f
492     -1461    1739        f
493     -1483    1786        f
494     -1503    1830        f
495     -1522    1872        f
496     -1541    1912        f
497     -1559    1951        f
498     -1575    1987        f
499     -1592    2022        f
500     -1607    2056        f
501     -1622    2088        f
502     -1636    2119        f
503     -1648    2148        f
504     -1662    2176        f
505     -1673    2202        f
506     -1686    2228        f
507     -1697    2252        f
508     -1707    2275        f
509     -1718    2297        f
510     -1728    2318        f
511     -1737    2338        f
512     -1746    2358        f
513     -1754    2376        f
514     -1762    2394        f
515     -1770    2410        f
516     -1777    2426        f
517     -1784    2442        f
518     -1791    2456        f
519     -1797    2470        f
520     -1804    2483        f
521     -1809    2496        f
522     -1814    2508        f
523     -1820    2520        f
524     -1825    2531        f
525     -1830    2542        f
526     -1835    2552        f
527     -1839    2561        f
528     -1844    2571        f
529     -1844    2571        r
530     -1844    2571        r
531     -1844    2571        f
532     -1889    2510        f
533     -1935    2452        f
534     -1978    2397        f
535     -2019    2345        f
536     -2058    2294        f
537     -2096    2246        f
538     -2131    2200        f
539     -2165    2157        f
540     -2198    2115        f
541     -2229    2075        f
542     -2259    2037        f
543     -2287    2000        f
544     -2314    1964        f
545     -2340    1932        f
546     -2364    1900        f
547     -2388    1870        f
548     -2410    1841        f
549     -2432    1813        f
550     -2452    1787        f
551     -2472    1762        f
552     -2491    1737        f
553     -2509    1714        f
554     -2526    1693        f
555     -2542    1672        f
556     -2557    1652        f
557     -2572    1632        f
558     -2586    1614        f
559     -2600    1597        f
560     -2613    1580        f
561     -2625    1564        f
562     -2637    1549        f
563     -2648    1535        f
564     -2659    1521        f
565     -2669    1507        f
566     -2679    1495        f
567     -2688    1483        f
568     -2697    1471        f
569     -2706    1460        f
570     -2714    1450        f
571     -2722    1440        f
572     -2729    1430        f
573     -2736    1421        f
574     -2743    1412        f
575     -2750    1404        f
576     -2756    1396        f
577     -2762    1388        f
578     -2768    1381        f
579     -2773    1374        f
580     -2778    1368        f
581     -2783    1361        f
582     -2788    1355        f
583     -2788    1355        l
584     -2788    1355        l
585     -2788    1355        f
586     -2644    1312        f
587     -2507    1271        f
588     -2376    1231        f
589     -2251    1194        f
590     -2131    1158        f
591     -2017    1123        f
592     -1907    1091        f
593     -1804    1059        f
594     -1704    1029        f
595     -1609    1001        f
596     -1518    973        f
597     -1431    947        f
598     -1348    922        f
599     -1269    899        f
