step   ball_X    ball_Y    side
0     0    0        f
0     0    0        f
0     0    0        f
0     0    0        f
0     0    0        f
0     0    0        f
0     0    0        f
0     0    0        f
0     0    0        f
0     0    0        f
0     0    0        f
0     0    0        f
0     0    0        f
0     0    0        f
0     0    0        f
0     0    0        f
0     0    0        f
0     0    0        f
0     0    0        f
0     0    0        f
0     0    0        f
0     0    0        f
0     0    0        f
0     0    0        f
0     0    0        f
0     0    0        f
0     0    0        f
0     0    0        f
0     0    0        f
0     0    0        f
0     0    0        f
0     0    0        f
0     0    0        f
0     0    0        f
0     0    0        f
0     0    0        f
0     0    0        f
0     0    0        f
0     0    0        f
0     0    0        f
0     0    0        f
0     0    0        f
0     0    0        f
0     0    0        f
0     0    0        f
0     0    0        f
0     0    0        f
0     0    0        f
0     0    0        f
0     0    0        f
0     0    0        f
0     0    0        f
0     0    0        f
0     0    0        f
0     0    0        f
0     0    0        f
0     0    0        f
0     0    0        f
0     0    0        f
0     0    0        f
0     0    0        f
0     0    0        f
0     0    0        f
0     0    0        f
0     0    0        f
0     0    0        f
0     0    0        f
0     0    0        f
0     0    0        f
0     0    0        f
0     0    0        f
1     0    0        f
2     0    0        f
3     0    0        f
4     0    0        f
5     0    0        f
6     0    0        f
7     0    0        f
8     0    0        f
9     0    0        f
10     0    0        f
11     0    0        f
12     0    0        f
13     0    0        f
14     0    0        f
15     0    0        f
16     0    0        f
17     0    0        f
18     0    0        f
19     0    0        f
20     0    0        f
21     0    0        f
22     0    0        f
23     0    0        f
24     0    0        f
25     0    0        f
26     0    0        f
27     0    0        f
28     0    0        f
29     0    0        f
30     0    0        f
31     0    0        f
32     0    0        f
33     0    0        f
34     0    0        f
35     0    0        f
36     0    0        f
37     0    0        f
38     0    0        f
39     0    0        f
40     0    0        f
41     0    0        f
42     0    0        f
43     0    0        f
44     0    0        f
45     0    0        f
46     0    0        f
47     0    0        f
48     0    0        f
49     0    0        f
50     0    0        f
51     0    0        f
52     0    0        f
53     0    0        f
54     0    0        f
55     0    0        f
56     0    0        f
57     0    0        f
58     0    0        f
59     0    0        f
60     0    0        f
61     0    0        f
62     0    0        f
63     0    0        f
64     0    0        f
65     0    0        f
66     0    0        f
67     0    0        f
68     0    0        f
69     0    0        f
70     0    0        f
71     0    0        f
72     0    0        f
73     0    0        f
74     0    0        f
75     0    0        f
76     0    0        f
77     0    0        f
78     0    0        f
79     0    0        f
80     0    0        f
81     0    0        f
82     0    0        f
83     0    0        f
84     0    0        f
85     0    0        f
86     0    0        f
87     0    0        f
88     0    0        f
89     0    0        f
90     0    0        f
91     0    0        f
92     0    0        f
93     0    0        f
94     0    0        f
95     0    0        f
96     0    0        f
97     0    0        f
98     0    0        f
99     0    0        f
100     0    0        f
101     0    0        f
102     0    0        f
103     0    0        f
104     0    0        f
105     0    0        l
106     0    0        l
107     0    0        l
108     0    0        l
109     0    0        l
110     0    0        l
111     0    0        l
112     0    0        l
113     0    0        l
114     0    0        l
115     0    0        l
116     0    0        l
117     0    0        l
118     0    0        l
119     0    0        l
120     0    0        l
121     0    0        l
122     0    0        l
123     0    0        l
124     0    0        l
125     0    0        l
126     0    0        l
127     0    0        l
128     0    0        l
129     0    0        r
130     0    0        r
131     0    0        l
132     0    0        r
133     0    0        l
134     0    0        r
135     0    0        l
136     0    0        r
137     0    0        r
138     0    0        r
139     0    0        r
140     0    0        r
141     0    0        r
142     0    0        r
143     0    0        l
144     0    0        l
145     0    0        l
146     0    0        r
147     0    0        r
148     0    0        l
149     0    0        r
150     0    0        l
151     0    0        l
152     0    0        r
153     0    0        r
154     0    0        r
155     0    0        l
156     0    0        l
157     0    0        l
158     0    0        r
159     0    0        r
160     0    0        r
161     0    0        r
162     0    0        r
163     0    0        r
164     0    0        r
165     0    0        r
166     0    0        r
167     0    0        r
168     0    0        r
169     0    0        r
170     0    0        r
171     0    0        r
172     0    0        r
173     0    0        r
174     0    0        r
175     0    0        r
176     0    0        r
177     0    0        f
178     -74    -15        f
179     -146    -30        f
180     -214    -44        f
181     -279    -57        f
182     -342    -71        f
183     -401    -84        f
184     -458    -95        f
185     -512    -107        f
186     -564    -118        f
187     -613    -128        f
188     -661    -138        f
189     -706    -147        f
190     -749    -156        f
191     -790    -165        f
192     -828    -173        f
193     -867    -181        f
194     -902    -189        f
195     -936    -196        f
196     -969    -202        f
197     -1001    -209        f
198     -1031    -216        f
199     -1059    -222        f
200     -1059    -222        l
201     -1059    -222        l
202     -1059    -222        f
203     -985    -239        f
204     -914    -256        f
205     -846    -272        f
206     -781    -287        f
207     -719    -302        f
208     -660    -316        f
209     -603    -329        f
210     -549    -342        f
211     -498    -354        f
212     -448    -365        f
213     -401    -377        f
214     -356    -387        f
215     -314    -397        f
216     -273    -407        f
217     -234    -416        f
218     -196    -425        f
219     -161    -433        f
220     -127    -441        f
221     -94    -449        f
222     -63    -455        f
223     -34    -463        f
224     -5    -470        f
225     21    -476        f
226     47    -482        f
227     71    -488        f
228     95    -494        f
229     118    -499        f
230     139    -504        f
231     160    -509        f
232     179    -514        f
233     198    -518        f
234     216    -522        f
235     233    -526        f
236     249    -530        f
237     265    -534        f
238     280    -537        f
239     294    -541        f
240     308    -544        f
241     321    -547        f
242     333    -550        f
243     345    -553        f
244     356    -555        f
245     367    -558        f
246     377    -560        f
247     387    -562        f
248     397    -565        f
249     405    -567        f
250     413    -569        f
251     422    -571        f
252     422    -571        l
253     422    -571        l
254     422    -571        l
255     422    -571        f
256     422    -571        f
257     422    -571        f
258     422    -571        f
259     422    -571        r
260     422    -571        r
261     422    -571        f
262     352    -540        f
263     286    -509        f
264     222    -482        f
265     161    -455        f
266     103    -429        f
267     47    -405        f
268     -5    -381        f
269     -56    -359        f
270     -104    -338        f
271     -151    -317        f
272     -195    -298        f
273     -237    -279        f
274     -277    -261        f
275     -316    -244        f
276     -352    -227        f
277     -387    -212        f
278     -421    -198        f
279     -453    -183        f
280     -483    -170        f
281     -512    -157        f
282     -540    -145        f
283     -567    -133        f
284     -592    -122        f
285     -616    -111        f
286     -640    -101        f
287     -662    -91        f
288     -683    -82        f
289     -703    -73        f
290     -722    -64        f
291     -740    -56        f
292     -758    -48        f
293     -775    -41        f
294     -791    -34        f
295     -806    -27        f
296     -821    -20        f
297     -834    -14        f
298     -848    -8        f
299     -860    -3        f
300     -873    2        f
301     -884    7        f
302     -884    7        l
303     -884    7        r
304     -884    7        r
305     -884    7        r
306     -884    7        f
307     -884    7        f
308     -884    7        f
309     -884    7        f
310     -884    7        f
311     -884    7        f
312     -884    7        f
313     -884    7        f
314     -884    7        f
315     -884    7        f
316     -884    7        f
317     -884    7        f
318     -884    7        f
319     -884    7        f
320     -884    7        f
321     -884    7        f
322     -884    7        f
323     -884    7        f
324     -884    7        f
325     -884    7        f
326     -884    7        f
327     -884    7        f
328     -884    7        f
329     -884    7        f
330     -884    7        f
331     -884    7        f
332     -884    7        f
333     -884    7        f
334     -884    7        f
335     -884    7        f
336     -884    7        f
337     -884    7        f
338     -884    7        f
339     -884    7        f
340     -884    7        f
341     -884    7        f
342     -884    7        f
343     -884    7        f
344     -884    7        f
345     -884    7        f
346     -884    7        f
347     -884    7        f
348     -884    7        f
349     -884    7        f
350     -884    7        f
351     -884    7        f
352     -884    7        l
353     -884    7        l
354     -884    7        l
355     -884    7        l
356     -884    7        f
357     -808    16        f
358     -736    25        f
359     -666    33        f
360     -600    41        f
361     -537    48        f
362     -476    55        f
363     -419    62        f
364     -364    68        f
365     -312    75        f
366     -262    80        f
367     -214    86        f
368     -168    92        f
369     -124    97        f
370     -83    102        f
371     -43    106        f
372     -5    111        f
373     30    114        f
374     65    119        f
375     98    123        f
376     130    127        f
377     160    130        f
378     189    134        f
379     216    137        f
380     243    140        f
381     268    143        f
382     292    146        f
383     315    149        f
384     337    151        f
385     357    154        f
386     377    156        f
387     396    158        f
388     415    160        f
389     432    162        f
390     449    164        f
391     463    166        f
392     480    168        f
393     494    170        f
394     508    171        f
395     521    173        f
396     534    174        f
397     546    176        f
398     557    177        f
399     568    179        f
400     579    180        f
401     589    181        f
402     598    182        f
403     607    183        f
404     616    184        f
405     624    185        f
406     632    186        f
407     640    187        f
408     647    188        f
409     654    189        f
410     661    189        f
411     667    190        f
412     673    191        f
413     679    192        f
414     684    192        f
415     684    192        l
416     684    192        l
417     684    192        l
418     684    192        r
419     684    192        r
420     684    192        r
421     684    192        f
422     608    188        f
423     535    183        f
424     465    179        f
425     399    175        f
426     335    171        f
427     274    167        f
428     216    164        f
429     161    160        f
430     108    157        f
431     57    154        f
432     9    151        f
