step   ball_X    ball_Y    side
413     -547    -1539        f
414     -480    -1549        f
415     -480    -1549        r
416     -480    -1549        r
417     -480    -1549        r
418     -480    -1549        r
419     -480    -1549        r
420     -480    -1549        r
421     -419    -1560        f
422     -419    -1560        r
423     -419    -1560        r
424     -419    -1560        r
425     -419    -1560        r
426     -419    -1560        r
427     -419    -1560        r
428     -419    -1560        r
429     -419    -1560        r
430     -419    -1560        r
431     -359    -1569        f
432     -359    -1569        r
433     -359    -1569        r
434     -359    -1569        r
435     -359    -1569        r
436     -359    -1569        r
437     -359    -1569        r
438     -301    -1579        f
439     -246    -1588        f
440     -194    -1596        f
441     -144    -1604        f
442     -96    -1612        f
443     -51    -1619        f
444     -7    -1626        f
445     33    -1632        f
446     73    -1639        f
447     111    -1646        f
448     147    -1652        f
449     181    -1657        f
450     214    -1662        f
451     246    -1668        f
452     276    -1672        f
453     305    -1677        f
454     332    -1682        f
455     358    -1686        f
456     383    -1689        f
457     407    -1694        f
458     430    -1697        f
459     451    -1701        f
460     473    -1704        f
461     493    -1707        f
462     512    -1711        f
463     530    -1714        f
464     547    -1716        f
465     563    -1719        f
466     579    -1722        f
467     594    -1723        f
468     609    -1727        f
469     622    -1729        f
470     636    -1730        f
471     648    -1732        f
472     660    -1735        f
473     671    -1737        f
474     682    -1739        f
475     693    -1739        f
476     703    -1742        f
477     712    -1743        f
478     721    -1745        f
479     730    -1746        f
480     738    -1748        f
481     746    -1748        f
482     754    -1750        f
483     761    -1751        f
484     768    -1752        f
485     774    -1753        f
486     781    -1755        f
487     787    -1755        f
488     792    -1755        f
489     798    -1757        f
490     802    -1757        f
491     808    -1759        f
492     813    -1760        f
493     817    -1760        f
494     822    -1761        f
495     826    -1762        f
496     830    -1763        f
497     834    -1763        f
498     836    -1764        f
499     841    -1764        f
500     844    -1764        f
501     847    -1764        f
502     850    -1766        f
503     852    -1766        f
504     856    -1767        f
505     858    -1767        f
506     861    -1768        f
507     863    -1768        f
508     865    -1768        f
509     868    -1769        f
510     868    -1769        r
511     868    -1769        r
512     868    -1769        r
513     868    -1769        r
514     868    -1769        r
515     868    -1769        r
516     868    -1769        r
517     868    -1769        r
518     868    -1769        r
519     868    -1769        r
520     868    -1769        r
521     868    -1769        r
522     868    -1769        r
523     868    -1769        r
524     868    -1769        r
525     868    -1769        r
526     868    -1769        f
527     726    -1817        f
528     590    -1862        f
529     459    -1905        f
530     336    -1948        f
531     218    -1988        f
532     105    -2026        f
533     -2    -2062        f
534     -105    -2097        f
535     -202    -2130        f
536     -297    -2162        f
537     -387    -2192        f
538     -473    -2221        f
539     -555    -2249        f
540     -634    -2275        f
541     -708    -2300        f
542     -780    -2324        f
543     -848    -2347        f
544     -913    -2369        f
545     -976    -2390        f
546     -1035    -2410        f
547     -1092    -2429        f
548     -1146    -2448        f
549     -1198    -2465        f
550     -1247    -2482        f
551     -1294    -2498        f
552     -1339    -2513        f
553     -1382    -2527        f
554     -1424    -2541        f
555     -1463    -2555        f
556     -1500    -2567        f
557     -1536    -2579        f
558     -1570    -2591        f
559     -1603    -2602        f
560     -1634    -2612        f
561     -1664    -2622        f
562     -1693    -2632        f
563     -1720    -2641        f
564     -1746    -2650        f
565     -1771    -2658        f
566     -1794    -2666        f
567     -1817    -2674        f
568     -1838    -2681        f
569     -1859    -2688        f
570     -1879    -2695        f
571     -1897    -2701        f
572     -1914    -2707        f
573     -1932    -2713        f
574     -1948    -2718        f
575     -1964    -2723        f
576     -1979    -2728        f
577     -1994    -2733        f
578     -2007    -2738        f
579     -2020    -2742        f
580     -2032    -2746        f
581     -2045    -2750        f
582     -2056    -2754        f
583     -2067    -2758        f
584     -2077    -2761        f
585     -2087    -2765        f
586     -2096    -2768        f
587     -2105    -2771        f
588     -2114    -2774        f
589     -2122    -2777        f
590     -2130    -2779        f
591     -2137    -2782        f
592     -2144    -2784        f
593     -2151    -2787        f
594     -2158    -2789        f
595     -2164    -2791        f
596     -2170    -2793        f
597     -2175    -2795        f
598     -2175    -2795        l
599     -2175    -2795        l
600     -2175    -2795        l
601     -2175    -2795        l
602     -2175    -2795        l
603     -2175    -2795        l
604     -2175    -2795        r
605     -2175    -2795        l
606     -2175    -2795        l
607     -2175    -2795        l
608     -2175    -2795        l
609     -2175    -2795        l
610     -2175    -2795        l
611     -2175    -2795        l
612     -2175    -2795        r
613     -2175    -2795        r
614     -2175    -2795        r
615     -2175    -2795        r
616     -2175    -2795        r
617     -2175    -2795        l
618     -2175    -2795        r
619     -2175    -2795        r
620     -2175    -2795        l
621     -2175    -2795        r
622     -2175    -2795        r
623     -2175    -2795        r
624     -2175    -2795        l
625     -2175    -2795        l
626     -2175    -2795        r
627     -2175    -2795        r
628     -2175    -2795        l
629     -2175    -2795        r
630     -2175    -2795        r
631     -2175    -2795        r
632     -2175    -2795        r
633     -2175    -2795        r
634     -2175    -2795        r
635     -2175    -2795        r
636     -2175    -2795        r
637     -2175    -2795        r
638     -2175    -2795        r
639     -2175    -2795        r
640     -2175    -2795        r
641     -2175    -2795        r
642     -2175    -2795        r
643     -2175    -2795        r
644     -2175    -2795        r
645     -2175    -2795        r
646     -2175    -2795        r
647     -2175    -2795        r
648     -2175    -2795        r
649     -2175    -2795        r
650     -2175    -2795        r
651     -2175    -2795        r
652     -2175    -2795        r
653     -2175    -2795        f
654     -2247    -2769        f
655     -2247    -2769        l
656     -2247    -2769        l
657     -2247    -2769        l
658     -2247    -2769        l
659     -2247    -2769        l
660     -2247    -2769        l
661     -2247    -2769        l
662     -2247    -2769        l
663     -2247    -2769        l
664     -2247    -2769        l
665     -2247    -2769        l
666     -2247    -2769        l
667     -2247    -2769        l
668     -2247    -2769        l
669     -2247    -2769        l
670     -2247    -2769        f
671     -2218    -2622        f
672     -2189    -2482        f
673     -2162    -2348        f
674     -2136    -2220        f
675     -2111    -2097        f
676     -2088    -1980        f
677     -2065    -1868        f
678     -2044    -1762        f
679     -2023    -1660        f
680     -2023    -1660        l
681     -2023    -1660        l
682     -2023    -1660        l
683     -2023    -1660        l
684     -2023    -1660        l
685     -2023    -1660        l
686     -2023    -1660        f
687     -1980    -1516        f
688     -1939    -1379        f
689     -1900    -1248        f
690     -1863    -1123        f
691     -1827    -1002        f
692     -1793    -889        f
693     -1761    -779        f
694     -1730    -675        f
695     -1700    -576        f
696     -1672    -480        f
697     -1645    -390        f
698     -1619    -303        f
699     -1595    -221        f
700     -1595    -221        l
701     -1595    -221        l
702     -1595    -221        l
703     -1595    -221        l
704     -1595    -221        l
705     -1595    -221        l
706     -1595    -221        l
707     -1595    -221        f
708     -1543    -112        f
709     -1493    -9        f
710     -1446    89        f
711     -1401    183        f
712     -1358    273        f
713     -1317    359        f
714     -1278    441        f
715     -1240    520        f
716     -1204    595        f
717     -1170    666        f
718     -1137    735        f
719     -1106    800        f
720     -1076    861        f
721     -1048    922        f
722     -1021    978        f
723     -994    1033        f
724     -969    1085        f
725     -946    1134        f
726     -923    1182        f
727     -902    1227        f
728     -881    1270        f
729     -861    1311        f
730     -843    1350        f
731     -825    1388        f
732     -808    1424        f
733     -791    1458        f
734     -776    1491        f
735     -761    1522        f
736     -747    1552        f
737     -733    1580        f
738     -720    1607        f
739     -707    1634        f
740     -696    1657        f
741     -684    1682        f
742     -673    1705        f
743     -663    1726        f
744     -653    1747        f
745     -644    1767        f
746     -635    1786        f
747     -626    1804        f
748     -618    1821        f
749     -610    1837        f
750     -602    1853        f
751     -595    1868        f
752     -589    1882        f
753     -582    1896        f
754     -576    1909        f
755     -570    1921        f
756     -564    1932        f
757     -559    1945        f
758     -553    1955        f
759     -548    1966        f
760     -544    1976        f
761     -539    1985        f
762     -535    1994        f
763     -531    2003        f
764     -527    2011        f
765     -523    2019        f
766     -519    2027        f
767     -516    2034        f
768     -513    2041        f
769     -509    2047        f
770     -507    2054        f
771     -504    2060        f
772     -501    2065        f
773     -499    2071        f
774     -496    2076        f
775     -494    2081        f
776     -491    2086        f
777     -488    2090        f
778     -487    2095        f
779     -484    2099        f
780     -483    2103        f
781     -482    2106        f
782     -480    2110        f
783     -480    2110        r
784     -480    2110        l
785     -480    2110        r
786     -480    2110        l
787     -480    2110        r
788     -480    2110        r
789     -480    2110        r
790     -480    2110        l
791     -480    2110        l
792     -480    2110        r
793     -480    2110        l
794     -480    2110        r
795     -480    2110        r
796     -480    2110        r
797     -480    2110        r
798     -480    2110        f
799     -532    2054        f
800     -581    2000        f
801     -629    1948        f
802     -674    1900        f
803     -717    1853        f
804     -758    1807        f
805     -797    1764        f
806     -797    1764        l
807     -797    1764        l
808     -797    1764        l
809     -797    1764        l
810     -797    1764        l
811     -797    1764        l
812     -797    1764        l
813     -797    1764        l
814     -797    1764        l
815     -797    1764        l
816     -797    1764        l
817     -797    1764        l
818     -797    1764        l
819     -797    1764        l
820     -797    1764        l
821     -797    1764        f
822     -778    1689        f
823     -759    1618        f
824     -741    1549        f
825     -723    1483        f
826     -707    1421        f
827     -691    1361        f
828     -676    1304        f
829     -662    1249        f
830     -648    1197        f
831     -635    1147        f
832     -623    1099        f
833     -623    1099        l
834     -623    1099        f
835     -556    1062        f
836     -493    1026        f
837     -432    991        f
838     -374    958        f
839     -319    927        f
840     -266    897        f
841     -215    868        f
842     -167    841        f
843     -121    815        f
844     -77    790        f
845     -35    766        f
846     4    744        f
847     42    722        f
848     79    701        f
849     112    681        f
850     147    662        f
851     179    644        f
852     209    627        f
853     238    611        f
854     266    595        f
855     292    580        f
856     318    566        f
857     342    552        f
858     365    539        f
859     387    526        f
860     408    515        f
861     428    503        f
862     447    492        f
863     466    482        f
864     483    472        f
865     500    463        f
866     516    453        f
867     531    445        f
868     546    437        f
869     559    429        f
870     573    421        f
871     585    413        f
872     597    407        f
873     609    401        f
874     620    394        f
875     630    388        f
876     640    383        f
877     640    383        l
878     640    383        l
879     640    383        l
880     640    383        f
881     695    243        f
882     746    109        f
883     796    -18        f
884     843    -139        f
885     888    -256        f
886     931    -367        f
887     972    -473        f
888     1011    -575        f
889     1049    -671        f
890     1085    -764        f
891     1119    -852        f
892     1152    -936        f
893     1183    -1017        f
894     1213    -1093        f
895     1241    -1167        f
896     1268    -1236        f
897     1294    -1303        f
898     1319    -1367        f
899     1342    -1428        f
900     1365    -1486        f
901     1387    -1541        f
902     1407    -1594        f
903     1407    -1594        l
904     1407    -1594        l
905     1407    -1594        f
906     1454    -1534        f
907     1499    -1476        f
908     1542    -1421        f
909     1583    -1369        f
910     1622    -1319        f
911     1660    -1271        f
912     1695    -1225        f
913     1730    -1181        f
914     1762    -1139        f
915     1793    -1100        f
916     1823    -1061        f
917     1851    -1025        f
918     1879    -990        f
919     1905    -957        f
920     1929    -925        f
921     1953    -894        f
922     1953    -894        r
923     1953    -894        r
924     1953    -894        r
925     1953    -894        r
926     1953    -894        r
927     1953    -894        r
928     1953    -894        f
929     1857    -849        f
930     1766    -803        f
931     1678    -762        f
932     1595    -721        f
933     1515    -682        f
934     1439    -645        f
935     1367    -610        f
936     1297    -576        f
937     1231    -544        f
938     1168    -513        f
939     1107    -484        f
940     1049    -455        f
941     994    -429        f
942     941    -404        f
943     891    -379        f
944     843    -356        f
945     797    -334        f
946     753    -312        f
947     711    -292        f
948     711    -292        r
949     711    -292        f
950     645    -254        f
951     581    -218        f
952     521    -184        f
953     463    -151        f
954     407    -120        f
955     355    -90        f
956     304    -61        f
957     256    -34        f
958     210    -8        f
959     166    16        f
960     124    40        f
961     84    63        f
962     45    84        f
963     9    105        f
964     -25    125        f
965     -59    144        f
966     -90    162        f
967     -121    179        f
968     -150    195        f
969     -178    211        f
970     -204    225        f
971     -229    240        f
972     -254    254        f
973     -277    267        f
974     -299    280        f
975     -320    292        f
976     -340    303        f
977     -359    314        f
978     -378    324        f
979     -395    334        f
980     -412    344        f
981     -428    353        f
982     -443    362        f
983     -458    370        f
984     -458    370        l
985     -458    370        l
986     -458    370        f
987     -357    468        f
988     -261    563        f
989     -169    653        f
990     -81    739        f
991     1    821        f
992     81    899        f
993     157    974        f
994     229    1045        f
995     300    1114        f
996     366    1179        f
997     430    1241        f
998     490    1301        f
999     548    1358        f
1000     604    1412        f
1001     656    1464        f
1002     707    1514        f
1003     755    1561        f
1004     801    1605        f
1005     844    1648        f
1006     886    1691        f
1007     927    1730        f
1008     965    1767        f
1009     1002    1803        f
1010     1002    1803        l
1011     1037    1837        f
1012     1037    1837        l
1013     1037    1837        f
1014     1094    1787        f
1015     1149    1739        f
1016     1202    1693        f
1017     1252    1648        f
1018     1300    1607        f
1019     1345    1567        f
1020     1389    1529        f
1021     1430    1492        f
1022     1470    1457        f
1023     1508    1424        f
1024     1544    1392        f
1025     1579    1362        f
1026     1612    1333        f
1027     1643    1305        f
1028     1673    1279        f
1029     1702    1254        f
1030     1730    1230        f
1031     1755    1207        f
1032     1780    1185        f
1033     1805    1164        f
1034     1827    1144        f
1035     1848    1125        f
1036     1870    1107        f
1037     1889    1089        f
1038     1909    1073        f
1039     1927    1057        f
1040     1944    1042        f
1041     1961    1027        f
1042     1977    1013        f
1043     1992    1000        f
1044     2005    986        f
1045     2020    975        f
1046     2032    964        f
1047     2045    952        f
1048     2057    942        f
1049     2069    932        f
1050     2080    923        f
1051     2090    914        f
1052     2100    905        f
1053     2110    896        f
1054     2119    888        f
1055     2127    881        f
1056     2136    874        f
1057     2144    867        f
1058     2151    860        f
1059     2158    853        f
1060     2165    848        f
1061     2172    842        f
1062     2178    836        f
1063     2184    831        f
1064     2190    826        f
1065     2196    821        f
1066     2201    817        f
1067     2201    817        r
1068     2201    817        r
1069     2201    817        r
1070     2201    817        r
1071     2201    817        r
1072     2201    817        r
1073     2201    817        f
1074     2063    876        f
1075     1932    934        f
1076     1807    988        f
1077     1687    1040        f
1078     1573    1090        f
1079     1464    1138        f
1080     1360    1183        f
1081     1260    1227        f
1082     1166    1268        f
1083     1075    1308        f
1084     989    1346        f
1085     906    1382        f
1086     827    1416        f
1087     753    1449        f
1088     681    1481        f
1089     612    1511        f
1090     547    1540        f
1091     484    1567        f
1092     425    1593        f
1093     367    1618        f
1094     313    1642        f
1095     261    1664        f
1096     211    1687        f
1097     164    1707        f
1098     118    1728        f
1099     75    1747        f
1100     34    1764        f
1101     -5    1782        f
1102     -43    1798        f
1103     -79    1814        f
1104     -112    1830        f
1105     -146    1844        f
1106     -177    1857        f
1107     -206    1871        f
1108     -235    1884        f
1109     -263    1896        f
1110     -289    1907        f
1111     -314    1918        f
1112     -337    1929        f
1113     -360    1939        f
1114     -382    1948        f
1115     -401    1957        f
1116     -422    1966        f
1117     -441    1973        f
1118     -459    1982        f
1119     -476    1989        f
1120     -493    1997        f
1121     -508    2004        f
1122     -523    2011        f
1123     -538    2017        f
1124     -551    2023        f
1125     -564    2029        f
1126     -577    2034        f
1127     -589    2039        f
1128     -600    2045        f
1129     -611    2049        f
1130     -621    2054        f
1131     -631    2058        f
1132     -641    2062        f
1133     -650    2066        f
1134     -658    2070        f
1135     -666    2074        f
1136     -674    2077        f
1137     -682    2081        f
1138     -689    2084        f
1139     -696    2087        f
1140     -696    2087        r
1141     -696    2087        r
1142     -696    2087        r
1143     -696    2087        f
1144     -772    2086        f
1145     -844    2085        f
1146     -915    2085        f
1147     -982    2084        f
1148     -1045    2083        f
1149     -1106    2083        f
1150     -1164    2082        f
1151     -1219    2082        f
1152     -1272    2081        f
1153     -1323    2081        f
1154     -1371    2080        f
1155     -1417    2080        f
1156     -1461    2079        f
1157     -1503    2079        f
1158     -1544    2079        f
1159     -1582    2078        f
1160     -1619    2078        f
1161     -1654    2078        f
1162     -1687    2077        f
1163     -1719    2077        f
1164     -1750    2077        f
1165     -1779    2076        f
1166     -1807    2076        f
1167     -1832    2076        f
1168     -1859    2076        f
1169     -1882    2075        f
1170     -1905    2075        f
1171     -1928    2075        f
1172     -1948    2075        f
1173     -1969    2075        f
1174     -1989    2074        f
1175     -1989    2074        l
1176     -1989    2074        l
1177     -1989    2074        l
1178     -1989    2074        f
1179     -1850    2099        f
1180     -1717    2123        f
1181     -1591    2146        f
1182     -1470    2168        f
1183     -1354    2189        f
1184     -1244    2209        f
1185     -1139    2228        f
1186     -1139    2228        l
1187     -1139    2228        l
1188     -1139    2228        f
1189     -1073    2093        f
1190     -1010    1964        f
1191     -949    1842        f
1192     -892    1723        f
1193     -836    1612        f
1194     -784    1506        f
1195     -734    1403        f
1196     -686    1306        f
1197     -640    1212        f
1198     -596    1123        f
1199     -555    1038        f
1200     0    0        f
1200     0    0        f
1200     0    0        f
1200     0    0        f
1200     0    0        f
1200     0    0        f
1200     0    0        f
1200     0    0        f
1200     0    0        f
1200     0    0        f
1200     0    0        f
1200     0    0        f
1200     0    0        f
1200     0    0        f
1200     0    0        f
1200     0    0        f
1200     0    0        f
1200     0    0        f
1200     0    0        f
1200     0    0        f
1200     0    0        f
1200     0    0        f
1200     0    0        f
1200     0    0        f
1200     0    0        f
1200     0    0        f
1200     0    0        f
1200     0    0        f
1200     0    0        f
1200     0    0        f
1200     0    0        f
1200     0    0        f
1200     0    0        f
1200     0    0        f
1200     0    0        f
1200     0    0        f
1200     0    0        f
1200     0    0        f
1200     0    0        f
1200     0    0        f
1200     0    0        f
1200     0    0        f
1200     0    0        f
1200     0    0        f
1200     0    0        f
1200     0    0        f
1200     0    0        f
1200     0    0        f
1200     0    0        f
1200     0    0        f
1200     0    0        f
1200     0    0        f
1200     0    0        f
1200     0    0        f
1200     0    0        f
1200     0    0        f
1200     0    0        f
1200     0    0        f
1200     0    0        f
1200     0    0        f
1200     0    0        f
1200     0    0        f
1200     0    0        f
1200     0    0        f
1200     0    0        f
1200     0    0        f
1200     0    0        f
1200     0    0        f
1200     0    0        f
1200     0    0        f
1200     0    0        f
1200     0    0        f
1200     0    0        f
1200     0    0        f
1200     0    0        f
1200     0    0        f
1200     0    0        f
1200     0    0        f
1200     0    0        f
1200     0    0        f
1200     0    0        f
1200     0    0        f
1200     0    0        f
1200     0    0        f
1200     0    0        f
1200     0    0        f
1200     0    0        f
1200     0    0        f
1200     0    0        f
1200     0    0        f
1200     0    0        f
1200     0    0        f
1200     0    0        f
1200     0    0        f
1200     0    0        f
1200     0    0        f
1200     0    0        f
1200     0    0        f
1200     0    0        f
1200     0    0        f
1200     0    0        f
1200     0    0        f
1201     0    0        f
1202     0    0        f
1203     0    0        f
1204     0    0        f
1205     0    0        f
1206     0    0        f
1207     0    0        f
1208     0    0        f
1209     0    0        f
1210     0    0        f
1211     0    0        f
1212     0    0        f
1213     0    0        f
1214     0    0        f
1215     0    0        f
1216     0    0        f
1217     0    0        f
1218     0    0        f
1219     0    0        f
1220     0    0        f
1221     0    0        f
1222     0    0        f
1223     0    0        f
1224     0    0        f
1225     0    0        f
1226     0    0        f
1227     0    0        f
1228     0    0        f
1229     0    0        f
1230     0    0        f
1231     0    0        f
1232     0    0        f
1233     0    0        f
1234     0    0        f
1235     0    0        f
1236     0    0        f
1237     0    0        f
1238     0    0        f
1239     0    0        f
1240     0    0        f
1241     0    0        f
1242     0    0        f
1243     0    0        f
1244     0    0        f
1245     0    0        f
1246     0    0        f
1247     0    0        f
1248     0    0        f
1249     0    0        f
1250     0    0        f
1251     0    0        f
1252     0    0        f
1253     0    0        f
1254     0    0        f
1255     0    0        f
1256     0    0        f
1257     0    0        f
1258     0    0        f
1259     0    0        f
1260     0    0        f
1261     0    0        f
1262     0    0        f
1263     0    0        f
1264     0    0        f
1265     0    0        f
1266     0    0        f
1267     0    0        f
1268     0    0        f
1269     0    0        f
1270     0    0        f
1271     0    0        f
1272     0    0        f
1273     0    0        f
1274     0    0        f
1275     0    0        f
1276     0    0        f
1277     0    0        f
1278     0    0        f
1279     0    0        f
1280     0    0        f
1281     0    0        f
1282     0    0        f
1283     0    0        f
1284     0    0        f
1285     0    0        f
1286     0    0        f
1287     0    0        f
1288     0    0        f
1289     0    0        f
1290     0    0        f
1291     0    0        f
1292     0    0        f
1293     0    0        f
1294     0    0        f
1295     0    0        f
1296     0    0        f
1297     0    0        f
1298     0    0        f
1299     0    0        f
1300     0    0        f
1301     0    0        f
1302     0    0        f
1303     0    0        f
1304     0    0        f
1305     0    0        r
1306     0    0        r
1307     0    0        r
1308     0    0        r
1309     0    0        r
1310     0    0        r
1311     0    0        r
1312     0    0        r
1313     0    0        r
1314     0    0        r
1315     0    0        r
1316     0    0        r
1317     0    0        f
1318     -70    -28        f
1319     -137    -57        f
1320     -202    -85        f
1321     -263    -111        f
1322     -322    -136        f
1323     -378    -159        f
1324     -430    -182        f
1325     -482    -204        f
1326     -531    -224        f
1327     -578    -244        f
1328     -622    -263        f
1329     -665    -281        f
1330     -705    -298        f
1331     -744    -314        f
1332     -781    -330        f
1333     -816    -345        f
1334     -850    -360        f
1335     -882    -373        f
1336     -913    -386        f
1337     -943    -399        f
1338     -971    -411        f
1339     -998    -422        f
1340     -1023    -433        f
1341     -1048    -443        f
1342     -1071    -453        f
1343     -1093    -463        f
1344     -1115    -472        f
1345     -1135    -480        f
1346     -1154    -488        f
1347     -1173    -497        f
1348     -1190    -504        f
1349     -1207    -512        f
1350     -1223    -518        f
1351     -1239    -525        f
1352     -1254    -531        f
1353     -1268    -537        f
1354     -1281    -543        f
1355     -1294    -549        f
1356     -1306    -554        f
1357     -1318    -559        f
1358     -1329    -564        f
1359     -1340    -568        f
1360     -1350    -572        f
1361     -1359    -577        f
1362     -1369    -581        f
1363     -1378    -584        f
1364     -1386    -588        f
1365     -1394    -591        f
1366     -1402    -595        f
1367     -1409    -598        f
1368     -1416    -601        f
1369     -1423    -604        f
1370     -1429    -607        f
1371     -1429    -607        l
1372     -1429    -607        l
1373     -1429    -607        l
1374     -1429    -607        f
1375     -1327    -714        f
1376     -1229    -817        f
1377     -1135    -914        f
1378     -1046    -1008        f
1379     -961    -1097        f
1380     -878    -1182        f
1381     -801    -1264        f
1382     -727    -1342        f
1383     -656    -1416        f
1384     -588    -1487        f
1385     -523    -1554        f
1386     -461    -1619        f
1387     -401    -1680        f
1388     -346    -1739        f
1389     -292    -1796        f
1390     -240    -1850        f
1391     -191    -1901        f
1392     -144    -1950        f
1393     -144    -1950        l
1394     -144    -1950        l
1395     -99    -1997        f
1396     -99    -1997        l
1397     -99    -1997        l
1398     -56    -2042        f
1399     -56    -2042        l
1400     -15    -2084        f
1401     -15    -2084        l
1402     23    -2125        f
1403     23    -2125        l
1404     60    -2164        f
1405     96    -2201        f
1406     130    -2237        f
1407     162    -2271        f
1408     193    -2303        f
1409     223    -2334        f
1410     250    -2364        f
1411     278    -2392        f
1412     304    -2419        f
1413     329    -2445        f
1414     352    -2470        f
1415     375    -2493        f
1416     396    -2516        f
1417     417    -2537        f
1418     437    -2557        f
1419     455    -2577        f
1420     473    -2596        f
1421     490    -2614        f
1422     505    -2631        f
1423     522    -2647        f
1424     537    -2662        f
1425     551    -2677        f
1426     565    -2692        f
1427     578    -2705        f
1428     590    -2718        f
1429     602    -2730        f
1430     613    -2742        f
1431     624    -2753        f
1432     634    -2764        f
1433     644    -2775        f
1434     653    -2784        f
1435     662    -2794        f
1436     671    -2803        f
1437     679    -2811        f
1438     687    -2819        f
1439     694    -2827        f
1440     701    -2835        f
1441     708    -2842        f
1442     715    -2849        f
1443     721    -2855        f
1444     727    -2861        f
1445     732    -2867        f
1446     738    -2873        f
1447     743    -2878        f
1448     748    -2883        f
1449     753    -2888        f
1450     757    -2893        f
1451     761    -2897        f
1452     766    -2902        f
1453     769    -2906        f
1454     773    -2910        f
1455     777    -2914        f
1456     780    -2917        f
1457     783    -2921        f
1458     787    -2924        f
1459     790    -2927        f
1460     792    -2930        f
1461     795    -2933        f
1462     798    -2935        f
1463     800    -2938        f
1464     802    -2940        f
1465     805    -2943        f
1466     807    -2945        f
1467     809    -2947        f
1468     809    -2947        l
1469     809    -2947        l
1470     809    -2947        l
1471     809    -2947        l
1472     809    -2947        l
1473     809    -2947        l
1474     809    -2947        l
1475     809    -2947        l
1476     809    -2947        l
1477     809    -2947        l
1478     809    -2947        l
1479     809    -2947        l
1480     809    -2947        l
1481     809    -2947        f
1482     782    -2813        f
1483     782    -2813        r
1484     782    -2813        r
1485     782    -2813        r
1486     782    -2813        r
1487     782    -2813        r
1488     782    -2813        r
1489     782    -2813        r
1490     782    -2813        f
1491     706    -2807        f
1492     633    -2800        f
1493     564    -2794        f
1494     497    -2788        f
1495     434    -2782        f
1496     374    -2777        f
1497     316    -2771        f
1498     261    -2767        f
1499     208    -2762        f
1500     157    -2757        f
1501     109    -2753        f
1502     63    -2749        f
1503     19    -2745        f
1504     -22    -2741        f
1505     -62    -2738        f
1506     -100    -2734        f
1507     -137    -2731        f
1508     -172    -2728        f
1509     -204    -2725        f
1510     -237    -2722        f
1511     -267    -2719        f
1512     -296    -2716        f
1513     -324    -2714        f
1514     -350    -2712        f
1515     -376    -2709        f
1516     -400    -2707        f
1517     -423    -2705        f
1518     -445    -2703        f
1519     -466    -2701        f
1520     -486    -2699        f
1521     -505    -2698        f
1522     -523    -2696        f
1523     -541    -2694        f
1524     -557    -2693        f
1525     -573    -2692        f
1526     -588    -2690        f
1527     -603    -2689        f
1528     -617    -2688        f
1529     -630    -2686        f
1530     -643    -2685        f
1531     -655    -2684        f
1532     -666    -2683        f
1533     -677    -2682        f
1534     -688    -2681        f
1535     -698    -2680        f
1536     -708    -2679        f
1537     -717    -2679        f
1538     -726    -2678        f
1539     -734    -2677        f
1540     -742    -2676        f
1541     -750    -2676        f
1542     -757    -2675        f
1543     -764    -2674        f
1544     -771    -2674        f
1545     -777    -2673        f
1546     -783    -2673        f
1547     -789    -2672        f
1548     -794    -2672        f
1549     -800    -2671        f
1550     -805    -2671        f
1551     -810    -2670        f
1552     -814    -2670        f
1553     -819    -2670        f
1554     -823    -2669        f
1555     -827    -2669        f
1556     -831    -2668        f
1557     -834    -2668        f
1558     -838    -2668        f
1559     -841    -2668        f
1560     -844    -2667        f
1561     -847    -2667        f
1562     -850    -2667        f
1563     -852    -2666        f
1564     -852    -2666        l
1565     -852    -2666        l
1566     -852    -2666        l
1567     -852    -2666        l
1568     -856    -2666        f
1569     -858    -2666        f
1570     -861    -2666        f
1571     -863    -2666        f
1572     -865    -2665        f
1573     -867    -2665        f
1574     -869    -2665        f
1575     -871    -2665        f
1576     -873    -2665        f
1577     -875    -2665        f
1578     -877    -2664        f
1579     -877    -2664        f
1580     -880    -2664        f
1581     -881    -2664        f
1582     -883    -2664        f
1583     -884    -2664        f
1584     -885    -2664        f
1585     -886    -2663        f
1586     -888    -2663        f
1587     -889    -2663        f
1588     -890    -2663        f
1589     -891    -2663        f
1590     -892    -2663        f
1591     -893    -2663        f
1592     -894    -2663        f
1593     -894    -2663        f
1594     -894    -2663        f
1595     -896    -2663        f
1596     -897    -2663        f
1597     -897    -2663        f
1598     -898    -2662        f
1599     -899    -2662        f
1600     -899    -2662        f
1601     -900    -2662        f
1602     -900    -2662        f
1603     -901    -2662        f
1604     -902    -2662        f
1605     -902    -2662        f
1606     -902    -2662        f
1607     -902    -2662        f
1608     -902    -2662        f
1609     -903    -2662        f
1610     -903    -2662        f
1611     -903    -2662        f
1612     -905    -2662        f
1613     -905    -2662        f
1614     -905    -2662        f
1615     -906    -2662        f
1616     -906    -2662        f
1617     -906    -2662        f
1618     -907    -2662        f
1619     -907    -2662        f
1620     -907    -2662        f
1621     -907    -2662        f
1622     -908    -2662        f
1623     -908    -2662        f
1624     -908    -2662        f
1625     -908    -2662        f
1626     -908    -2662        f
1627     -908    -2662        r
1628     -908    -2662        r
1629     -908    -2662        r
1630     -908    -2662        r
1631     -908    -2662        r
1632     -908    -2662        r
1633     -908    -2662        r
1634     -908    -2662        r
1635     -908    -2662        r
1636     -908    -2662        r
1637     -908    -2662        r
1638     -908    -2662        r
1639     -908    -2662        r
1640     -908    -2662        r
1641     -908    -2662        r
1642     -908    -2662        r
1643     -908    -2662        r
1644     -908    -2662        r
1645     -908    -2662        r
1646     -908    -2662        r
1647     -908    -2662        r
1648     -908    -2662        r
1649     -908    -2662        r
1650     -909    -2662        f
1651     -909    -2662        f
1652     -909    -2661        f
1653     -909    -2661        f
1654     -909    -2661        f
1655     -909    -2661        f
1656     -909    -2661        f
1657     -910    -2661        f
1658     -910    -2661        f
1659     -910    -2661        f
1660     -910    -2661        f
1661     -910    -2661        f
1662     -910    -2661        f
1663     -910    -2661        f
1664     -910    -2661        f
1665     -910    -2661        f
1666     -911    -2661        f
1667     -911    -2661        f
1668     -911    -2661        f
1669     -911    -2661        f
1670     -911    -2661        f
1671     -911    -2661        f
1672     -911    -2661        f
1673     -911    -2661        f
1674     -911    -2661        f
1675     -911    -2661        f
1676     -911    -2661        f
1677     -911    -2661        f
1678     -911    -2661        f
1679     -911    -2661        f
1680     -911    -2661        f
1681     -911    -2661        f
1682     -911    -2661        f
1683     -911    -2661        f
1684     -911    -2661        f
1685     -911    -2661        f
1686     -911    -2661        f
1687     -911    -2661        f
1688     -911    -2661        f
1689     -911    -2661        f
1690     -911    -2661        f
1691     -911    -2661        f
1692     -911    -2661        f
1693     -911    -2661        f
1694     -911    -2661        f
1695     -911    -2661        f
1696     -911    -2661        f
1697     -911    -2661        f
1698     -911    -2661        f
1699     -911    -2661        f
1700     -911    -2661        f
1701     -911    -2661        f
1702     -911    -2661        f
1703     -911    -2661        f
1704     -911    -2661        f
1705     -911    -2661        f
1706     -911    -2661        f
1707     -911    -2661        f
1708     -911    -2661        f
1709     -911    -2661        f
1710     -911    -2661        f
1711     -911    -2661        f
1712     -911    -2661        f
1713     -911    -2661        f
1714     -911    -2661        f
1715     -911    -2661        f
1716     -911    -2661        f
1717     -911    -2661        f
1718     -911    -2661        f
1719     -911    -2661        f
1720     -911    -2661        f
1721     -911    -2661        f
1722     -911    -2661        f
1723     -911    -2661        f
1724     -911    -2661        f
1725     -911    -2661        f
1726     -911    -2661        f
1727     -911    -2661        f
1728     -911    -2661        f
1729     -911    -2661        f
1730     -911    -2661        f
1731     -911    -2661        f
1732     -911    -2661        f
1733     -911    -2661        f
1734     -911    -2661        f
1735     -911    -2661        f
1736     -911    -2661        f
1737     -911    -2661        f
1738     -911    -2661        f
1739     -911    -2661        f
1740     -911    -2661        f
1741     -911    -2661        f
1742     -911    -2661        f
1743     -911    -2661        f
1744     -911    -2661        f
1745     -911    -2661        f
1746     -911    -2661        f
1747     -911    -2661        f
1748     -911    -2661        f
1749     -911    -2661        f
1750     -911    -2661        f
1751     -911    -2661        f
1752     -911    -2661        f
1753     -911    -2661        f
1754     -911    -2661        f
1755     -911    -2661        f
1756     -911    -2661        f
1757     -911    -2661        f
1758     -911    -2661        f
1759     -911    -2661        f
1760     -911    -2661        f
1761     -911    -2661        r
1762     -911    -2661        r
1763     -911    -2661        r
1764     -911    -2661        r
1765     -911    -2661        r
1766     -911    -2661        r
1767     -911    -2661        r
1768     -911    -2661        r
1769     -911    -2661        r
1770     -911    -2661        r
1771     -911    -2661        r
1772     -911    -2661        r
1773     -911    -2661        r
1774     -911    -2661        r
1775     -911    -2661        r
1776     -911    -2661        f
1777     -911    -2661        f
1778     -911    -2661        f
1779     -911    -2661        f
1780     -911    -2661        f
1781     -911    -2661        f
1782     -911    -2661        f
1783     -911    -2661        f
1784     -911    -2661        f
1785     -911    -2661        f
1786     -911    -2661        f
1787     -911    -2661        f
1788     -911    -2661        f
1789     -911    -2661        f
1790     -911    -2661        f
1791     -911    -2661        f
1792     -911    -2661        f
1793     -911    -2661        f
1794     -911    -2661        f
1795     -911    -2661        f
1796     -911    -2661        f
1797     -911    -2661        f
1798     -911    -2661        f
1799     -911    -2661        f
1800     -911    -2661        f
1801     -911    -2661        f
1802     -911    -2661        f
1803     -911    -2661        f
1804     -911    -2661        f
1805     -911    -2661        f
1806     -911    -2661        f
1807     -911    -2661        f
1808     -911    -2661        f
1809     -911    -2661        f
1810     -911    -2661        f
1811     -911    -2661        f
1812     -911    -2661        f
1813     -911    -2661        f
1814     -911    -2661        f
1815     -911    -2661        f
1816     -911    -2661        f
1817     -911    -2661        f
1818     -911    -2661        f
1819     -911    -2661        f
1820     -911    -2661        f
1821     -911    -2661        f
1822     -911    -2661        f
1823     -911    -2661        f
1824     -911    -2661        f
1825     -911    -2661        f
1826     -911    -2661        f
1827     -911    -2661        f
1828     -911    -2661        f
1829     -911    -2661        f
1830     -911    -2661        f
1831     -911    -2661        f
1832     -911    -2661        f
1833     -911    -2661        f
1834     -911    -2661        f
1835     -911    -2661        f
1836     -911    -2661        f
1837     -911    -2661        f
1838     -911    -2661        f
1839     -911    -2661        f
1840     -911    -2661        f
1841     -911    -2661        f
1842     -911    -2661        f
1843     -911    -2661        f
1844     -911    -2661        f
1845     -911    -2661        f
1846     -911    -2661        f
1847     -911    -2661        f
1848     -911    -2661        f
1849     -911    -2661        f
1850     -911    -2661        f
1851     -911    -2661        f
1852     -911    -2661        f
1853     -911    -2661        f
1854     -911    -2661        f
1855     -911    -2661        f
1856     -911    -2661        f
1857     -911    -2661        f
1858     -911    -2661        f
1859     -911    -2661        f
1860     -911    -2661        f
1861     -911    -2661        f
1862     -911    -2661        f
1863     -911    -2661        f
1864     -911    -2661        f
1865     -911    -2661        f
1866     -911    -2661        f
1867     -911    -2661        f
1868     -911    -2661        f
1869     -911    -2661        f
1870     -911    -2661        f
1871     -911    -2661        f
1872     -911    -2661        f
1873     -911    -2661        f
1874     -911    -2661        f
1875     -911    -2661        f
1876     -911    -2661        f
1877     -911    -2661        f
1878     -911    -2661        f
1879     -911    -2661        f
1880     -911    -2661        f
1881     -911    -2661        f
1882     -911    -2661        f
1883     -911    -2661        f
1884     -911    -2661        f
1885     -911    -2661        f
1886     -911    -2661        f
1887     -911    -2661        f
1888     -911    -2661        f
1889     -911    -2661        f
1890     -911    -2661        f
1891     -911    -2661        f
1892     -911    -2661        f
1893     -911    -2661        f
1894     -911    -2661        f
1895     -911    -2661        f
1896     -911    -2661        f
1897     -911    -2661        f
1898     -911    -2661        f
1899     -911    -2661        f
1900     -911    -2661        f
1901     -911    -2661        f
1902     -911    -2661        f
1903     -911    -2661        f
1904     -911    -2661        f
1905     -911    -2661        f
1906     -911    -2661        f
1907     -911    -2661        f
1908     -911    -2661        f
1909     -911    -2661        f
1910     -911    -2661        f
1911     -911    -2661        f
1912     -911    -2661        f
1913     -911    -2661        f
1914     -911    -2661        f
1915     -911    -2661        f
1916     -911    -2661        f
1917     -911    -2661        f
1918     -911    -2661        f
1919     -911    -2661        f
1920     -911    -2661        f
1921     -911    -2661        f
1922     -911    -2661        f
1923     -911    -2661        f
1924     -911    -2661        f
1925     -911    -2661        f
1926     -911    -2661        f
1927     -911    -2661        f
1928     -911    -2661        f
1929     -911    -2661        f
1930     -911    -2661        f
1931     -911    -2661        f
1932     -911    -2661        f
1933     -911    -2661        f
1934     -911    -2661        f
1935     -911    -2661        f
1936     -911    -2661        f
1937     -911    -2661        f
1938     -911    -2661        f
1939     -911    -2661        f
1940     -911    -2661        f
1941     -911    -2661        f
1942     -911    -2661        f
1943     -911    -2661        f
1944     -911    -2661        f
1945     -911    -2661        f
1946     -911    -2661        f
1947     -911    -2661        f
1948     -911    -2661        f
1949     -911    -2661        f
1950     -911    -2661        f
1951     -911    -2661        f
1952     -911    -2661        f
1953     -911    -2661        f
1954     -911    -2661        f
1955     -911    -2661        f
1956     -911    -2661        f
1957     -911    -2661        f
1958     -911    -2661        f
1959     -911    -2661        f
1960     -911    -2661        f
1961     -911    -2661        f
1962     -911    -2661        f
1963     -911    -2661        f
1964     -911    -2661        f
1965     -911    -2661        f
1966     -911    -2661        f
1967     -911    -2661        f
1968     -911    -2661        f
1969     -911    -2661        f
1970     -911    -2661        f
1971     -911    -2661        f
1972     -911    -2661        f
1973     -911    -2661        l
1974     -911    -2661        l
1975     -911    -2661        l
1976     -911    -2661        l
1977     -911    -2661        l
1978     -911    -2661        l
1979     -911    -2661        l
1980     -911    -2661        l
1981     -911    -2661        l
1982     -911    -2661        l
1983     -911    -2661        l
1984     -911    -2661        l
1985     -911    -2661        l
1986     -911    -2661        l
1987     -911    -2661        l
1988     -911    -2661        l
1989     -911    -2661        l
1990     -911    -2661        l
1991     -911    -2661        f
1992     -911    -2661        f
1993     -911    -2661        f
1994     -911    -2661        f
1995     -911    -2661        f
1996     -911    -2661        f
1997     -911    -2661        f
1998     -911    -2661        f
1999     -911    -2661        f
2000     -911    -2661        f
2001     -911    -2661        f
2002     -911    -2661        f
2003     -911    -2661        f
2004     -911    -2661        f
2005     -911    -2661        f
2006     -911    -2661        f
2007     -911    -2661        f
2008     -911    -2661        f
2009     -911    -2661        f
2010     -911    -2661        f
2011     -911    -2661        f
2012     -911    -2661        f
2013     -911    -2661        f
2014     -911    -2661        f
2015     -911    -2661        f
2016     -911    -2661        f
2017     -911    -2661        f
2018     -911    -2661        f
2019     -911    -2661        f
2020     -911    -2661        f
2021     -911    -2661        f
2022     -911    -2661        f
2023     -911    -2661        f
2024     -911    -2661        f
2025     -911    -2661        f
2026     -911    -2661        f
2027     -911    -2661        f
2028     -911    -2661        f
2029     -911    -2661        f
2030     -911    -2661        f
2031     -911    -2661        f
2032     -911    -2661        f
2033     -911    -2661        f
2034     -911    -2661        f
2035     -911    -2661        f
2036     -911    -2661        f
2037     -911    -2661        f
2038     -911    -2661        f
2039     -911    -2661        f
2040     -911    -2661        f
2041     -911    -2661        f
2042     -911    -2661        f
2043     -911    -2661        f
2044     -911    -2661        f
2045     -911    -2661        f
2046     -911    -2661        f
2047     -911    -2661        f
2048     -911    -2661        f
2049     -911    -2661        f
2050     -911    -2661        f
2051     -911    -2661        f
2052     -911    -2661        f
2053     -911    -2661        f
2054     -911    -2661        f
2055     -911    -2661        f
2056     -911    -2661        f
2057     -911    -2661        f
2058     -911    -2661        f
2059     -911    -2661        f
2060     -911    -2661        f
2061     -911    -2661        f
2062     -911    -2661        f
2063     -911    -2661        f
2064     -911    -2661        f
2065     -911    -2661        f
2066     -911    -2661        f
2067     -911    -2661        f
2068     -911    -2661        f
2069     -911    -2661        f
2070     -911    -2661        f
2071     -911    -2661        f
2072     -911    -2661        f
2073     -911    -2661        f
2074     -911    -2661        f
2075     -911    -2661        f
2076     -911    -2661        f
2077     -911    -2661        f
2078     -911    -2661        f
2079     -911    -2661        f
2080     -911    -2661        f
2081     -911    -2661        f
2082     -911    -2661        f
2083     -911    -2661        f
2084     -911    -2661        f
2085     -911    -2661        f
2086     -911    -2661        f
2087     -911    -2661        f
2088     -911    -2661        f
2089     -911    -2661        f
2090     -911    -2661        f
2091     -911    -2661        f
2092     -911    -2661        f
2093     -911    -2661        f
2094     -911    -2661        f
2095     -911    -2661        f
2096     -911    -2661        f
2097     -911    -2661        f
2098     -911    -2661        f
2099     -911    -2661        f
2100     -911    -2661        f
2101     -911    -2661        f
2102     -911    -2661        f
2103     -911    -2661        f
2104     -911    -2661        f
2105     -911    -2661        f
2106     -911    -2661        f
2107     -911    -2661        f
2108     -911    -2661        f
2109     -911    -2661        f
2110     -911    -2661        f
2111     -911    -2661        f
2112     -911    -2661        f
2113     -911    -2661        f
2114     -911    -2661        f
2115     -911    -2661        f
2116     -911    -2661        f
2117     -911    -2661        f
2118     -911    -2661        f
2119     -911    -2661        f
2120     -911    -2661        f
2121     -911    -2661        f
2122     -911    -2661        f
2123     -911    -2661        f
2124     -911    -2661        f
2125     -911    -2661        f
2126     -911    -2661        f
2127     -911    -2661        f
2128     -911    -2661        f
2129     -911    -2661        f
2130     -911    -2661        f
2131     -911    -2661        f
2132     -911    -2661        f
2133     -911    -2661        f
2134     -911    -2661        f
2135     -911    -2661        f
2136     -911    -2661        f
2137     -911    -2661        f
2138     -911    -2661        f
2139     -911    -2661        f
2140     -911    -2661        f
2141     -911    -2661        f
2142     -911    -2661        f
2143     -911    -2661        f
2144     -911    -2661        f
2145     -911    -2661        f
2146     -911    -2661        f
2147     -911    -2661        f
2148     -911    -2661        f
2149     -911    -2661        f
2150     -911    -2661        f
2151     -911    -2661        f
2152     -911    -2661        f
2153     -911    -2661        f
2154     -911    -2661        f
2155     -911    -2661        f
2156     -911    -2661        f
2157     -911    -2661        f
2158     -911    -2661        f
2159     -911    -2661        f
2160     -911    -2661        f
2161     -911    -2661        f
2162     -911    -2661        f
2163     -911    -2661        f
2164     -911    -2661        f
2165     -911    -2661        f
2166     -911    -2661        f
2167     -911    -2661        f
2168     -911    -2661        f
2169     -911    -2661        f
2170     -911    -2661        f
2171     -911    -2661        f
2172     -911    -2661        f
2173     -911    -2661        f
2174     -911    -2661        f
2175     -911    -2661        f
2176     -911    -2661        f
2177     -911    -2661        f
2178     -911    -2661        f
2179     -911    -2661        f
2180     -911    -2661        f
2181     -911    -2661        f
2182     -911    -2661        f
2183     -911    -2661        f
2184     -911    -2661        f
2185     -911    -2661        f
2186     -911    -2661        f
2187     -911    -2661        f
2188     -911    -2661        f
2189     -911    -2661        f
2190     -911    -2661        f
2191     -911    -2661        f
2192     -911    -2661        f
2193     -911    -2661        f
2194     -911    -2661        f
2195     -911    -2661        f
2196     -911    -2661        f
2197     -911    -2661        f
2198     -911    -2661        f
2199     -911    -2661        f
2200     -911    -2661        f
2201     -911    -2661        f
2202     -911    -2661        f
2203     -911    -2661        f
2204     -911    -2661        f
2205     -911    -2661        f
2206     -911    -2661        f
2207     -911    -2661        f
2208     -911    -2661        f
2209     -911    -2661        f
2210     -911    -2661        f
2211     -911    -2661        f
2212     -911    -2661        f
2213     -911    -2661        f
2214     -911    -2661        f
2215     -911    -2661        f
2216     -911    -2661        f
2217     -911    -2661        f
2218     -911    -2661        f
2219     -911    -2661        f
2220     -911    -2661        f
2221     -911    -2661        f
2222     -911    -2661        f
2223     -911    -2661        f
2224     -911    -2661        f
2225     -911    -2661        r
2226     -911    -2661        r
2227     -911    -2661        r
2228     -911    -2661        r
2229     -911    -2661        r
2230     -911    -2661        r
2231     -911    -2661        r
2232     -911    -2661        r
2233     -911    -2661        r
2234     -911    -2661        r
2235     -911    -2661        r
2236     -911    -2661        r
2237     -911    -2661        r
2238     -911    -2661        r
2239     -911    -2661        f
2240     -911    -2661        f
2241     -911    -2661        f
2242     -911    -2661        f
2243     -911    -2661        f
2244     -911    -2661        f
2245     -911    -2661        f
2246     -911    -2661        f
2247     -911    -2661        f
2248     -911    -2661        f
2249     -911    -2661        f
2250     -911    -2661        f
2251     -911    -2661        f
2252     -911    -2661        f
2253     -911    -2661        f
2254     -911    -2661        f
2255     -911    -2661        f
2256     -911    -2661        f
2257     -911    -2661        f
2258     -911    -2661        f
2259     -911    -2661        f
2260     -911    -2661        f
2261     -911    -2661        f
2262     -911    -2661        f
2263     -911    -2661        f
2264     -911    -2661        f
2265     -911    -2661        f
2266     -911    -2661        f
2267     -911    -2661        f
2268     -911    -2661        f
2269     -911    -2661        f
2270     -911    -2661        f
2271     -911    -2661        f
2272     -911    -2661        f
2273     -911    -2661        f
2274     -911    -2661        f
2275     -911    -2661        f
2276     -911    -2661        f
2277     -911    -2661        f
2278     -911    -2661        f
2279     -911    -2661        f
2280     -911    -2661        f
2281     -911    -2661        f
2282     -911    -2661        f
2283     -911    -2661        f
2284     -911    -2661        f
2285     -911    -2661        f
2286     -911    -2661        f
2287     -911    -2661        f
2288     -911    -2661        f
2289     -911    -2661        f
2290     -911    -2661        f
2291     -911    -2661        f
2292     -911    -2661        f
2293     -911    -2661        f
2294     -911    -2661        f
2295     -911    -2661        f
2296     -911    -2661        f
2297     -911    -2661        f
2298     -911    -2661        f
2299     -911    -2661        f
2300     -911    -2661        f
2301     -911    -2661        r
2302     -911    -2661        r
2303     -911    -2661        r
2304     -911    -2661        r
2305     -911    -2661        r
2306     -911    -2661        r
2307     -911    -2661        r
2308     -911    -2661        r
2309     -911    -2661        r
2310     -911    -2661        r
2311     -911    -2661        r
2312     -911    -2661        r
2313     -911    -2661        r
2314     -911    -2661        r
2315     -911    -2661        r
2316     -911    -2661        r
2317     -911    -2661        r
2318     -911    -2661        r
2319     -911    -2661        r
2320     -911    -2661        r
2321     -911    -2661        r
2322     -911    -2661        r
2323     -911    -2661        r
2324     -911    -2661        r
2325     -911    -2661        r
2326     -911    -2661        r
2327     -911    -2661        r
2328     -911    -2661        r
2329     -911    -2661        r
2330     -911    -2661        r
2331     -911    -2661        f
2332     -911    -2661        f
2333     -911    -2661        f
2334     -911    -2661        f
2335     -911    -2661        f
2336     -911    -2661        f
2337     -911    -2661        f
2338     -911    -2661        f
2339     -911    -2661        f
2340     -911    -2661        f
2341     -911    -2661        f
2342     -911    -2661        f
2343     -911    -2661        f
2344     -911    -2661        f
2345     -911    -2661        f
2346     -911    -2661        f
2347     -911    -2661        f
2348     -911    -2661        f
2349     -911    -2661        f
2350     -911    -2661        f
2351     -911    -2661        f
2352     -911    -2661        f
2353     -911    -2661        f
2354     -911    -2661        f
2355     -911    -2661        f
2356     -911    -2661        f
2357     -911    -2661        f
2358     -911    -2661        f
2359     -911    -2661        f
2360     -911    -2661        f
2361     -911    -2661        f
2362     -911    -2661        f
2363     -911    -2661        f
2364     -911    -2661        f
2365     -911    -2661        f
2366     -911    -2661        f
2367     -911    -2661        f
2368     -911    -2661        f
2369     -911    -2661        l
2370     -911    -2661        l
2371     -911    -2661        l
2372     -911    -2661        l
2373     -911    -2661        l
2374     -911    -2661        l
2375     -911    -2661        l
2376     -911    -2661        l
2377     -911    -2661        l
2378     -911    -2661        l
2379     -911    -2661        l
2380     -911    -2661        l
2381     -911    -2661        l
2382     -911    -2661        f
2383     -911    -2661        f
2384     -911    -2661        f
2385     -911    -2661        f
2386     -911    -2661        f
2387     -911    -2661        f
2388     -911    -2661        l
2389     -911    -2661        l
2390     -911    -2661        l
2391     -911    -2661        l
2392     -911    -2661        l
2393     -911    -2661        l
2394     -911    -2661        l
2395     -911    -2661        l
2396     -911    -2661        l
2397     -911    -2661        l
2398     -911    -2661        l
2399     -911    -2661        l
