step   ball_X    ball_Y    side
401     0    0        f
402     0    0        f
403     0    0        f
404     0    0        f
405     0    0        f
406     0    0        f
407     0    0        f
408     0    0        f
409     0    0        f
410     0    0        f
411     0    0        f
412     0    0        f
413     0    0        f
414     0    0        f
415     0    0        f
416     0    0        f
417     0    0        f
418     0    0        f
419     0    0        f
420     0    0        f
421     0    0        f
422     0    0        f
423     0    0        f
424     0    0        f
425     0    0        f
426     0    0        f
427     0    0        f
428     0    0        f
429     0    0        f
430     0    0        f
431     0    0        f
432     0    0        f
433     0    0        f
434     0    0        f
435     0    0        f
436     0    0        f
437     0    0        f
438     0    0        f
439     0    0        f
440     0    0        f
441     0    0        f
442     0    0        f
443     0    0        f
444     0    0        f
445     0    0        f
446     0    0        f
447     0    0        f
448     0    0        f
449     0    0        f
450     0    0        f
451     0    0        f
452     0    0        f
453     0    0        f
454     0    0        f
455     0    0        f
456     0    0        f
457     0    0        f
458     0    0        f
459     0    0        f
460     0    0        f
461     0    0        f
462     0    0        f
463     0    0        f
464     0    0        f
465     0    0        f
466     0    0        f
467     0    0        f
468     0    0        f
469     0    0        f
470     0    0        f
471     0    0        f
472     0    0        f
473     0    0        f
474     0    0        f
475     0    0        f
476     0    0        f
477     0    0        f
478     0    0        f
479     0    0        f
480     0    0        f
481     0    0        f
482     0    0        f
483     0    0        f
484     0    0        f
485     0    0        f
486     0    0        f
487     0    0        f
488     0    0        f
489     0    0        f
490     0    0        f
491     0    0        f
492     0    0        f
493     0    0        f
494     0    0        f
495     0    0        f
496     0    0        f
497     0    0        f
498     0    0        f
499     0    0        f
500     0    0        f
501     0    0        f
502     0    0        f
503     0    0        f
504     0    0        f
505     0    0        f
506     0    0        f
507     0    0        f
508     0    0        f
509     0    0        f
510     0    0        f
511     0    0        f
512     0    0        f
513     0    0        f
514     0    0        f
515     0    0        f
516     0    0        f
517     0    0        f
518     0    0        f
519     0    0        f
520     0    0        f
521     0    0        f
522     0    0        f
523     0    0        f
524     0    0        f
525     0    0        f
526     0    0        f
527     0    0        f
528     0    0        f
529     0    0        f
530     0    0        f
531     0    0        f
532     0    0        f
533     0    0        f
534     0    0        f
535     0    0        f
536     0    0        f
537     0    0        f
538     0    0        f
539     0    0        f
540     0    0        f
541     0    0        f
542     0    0        f
543     0    0        f
544     0    0        f
545     0    0        f
546     0    0        f
547     0    0        f
548     0    0        f
549     0    0        f
550     0    0        f
551     0    0        f
552     0    0        f
553     0    0        f
554     0    0        f
555     0    0        f
556     0    0        f
557     0    0        f
558     0    0        f
559     0    0        f
560     0    0        f
561     0    0        f
562     0    0        f
563     0    0        f
564     0    0        f
565     0    0        f
566     0    0        f
567     0    0        f
568     0    0        f
569     0    0        f
570     0    0        f
571     0    0        f
572     0    0        f
573     0    0        f
574     0    0        f
575     0    0        f
576     0    0        f
577     0    0        f
578     0    0        f
579     0    0        f
580     0    0        f
581     0    0        f
582     0    0        f
583     0    0        f
584     0    0        f
585     0    0        f
586     0    0        f
587     0    0        f
588     0    0        f
589     0    0        f
590     0    0        f
591     0    0        f
592     0    0        f
593     0    0        f
594     0    0        f
595     0    0        l
596     0    0        l
597     0    0        l
598     0    0        l
599     0    0        l
600     0    0        l
601     0    0        l
602     0    0        l
603     0    0        l
604     0    0        l
605     0    0        l
606     0    0        l
607     0    0        l
608     0    0        l
609     0    0        l
610     0    0        l
611     0    0        l
612     0    0        l
613     0    0        l
614     0    0        l
615     0    0        l
616     0    0        l
617     0    0        l
618     0    0        f
619     0    0        f
620     0    0        f
621     0    0        f
622     0    0        f
623     0    0        f
624     0    0        f
625     0    0        f
626     0    0        f
627     0    0        f
628     0    0        f
629     0    0        f
630     0    0        f
631     0    0        f
632     0    0        f
633     0    0        f
634     0    0        f
635     0    0        f
636     0    0        f
637     0    0        f
638     0    0        f
639     0    0        f
640     0    0        f
641     0    0        f
642     0    0        f
643     0    0        f
644     0    0        f
645     0    0        f
646     0    0        f
647     0    0        f
648     0    0        f
649     0    0        f
650     0    0        f
651     0    0        f
652     0    0        f
653     0    0        f
654     0    0        f
655     0    0        f
656     0    0        f
657     0    0        f
658     0    0        f
659     0    0        f
660     0    0        f
661     0    0        f
662     0    0        f
663     0    0        f
664     0    0        f
665     0    0        f
666     0    0        f
667     0    0        f
668     0    0        f
669     0    0        f
670     0    0        f
671     0    0        f
672     0    0        f
673     0    0        f
674     0    0        f
675     0    0        f
676     0    0        f
677     0    0        f
678     0    0        f
679     0    0        f
680     0    0        f
681     0    0        f
682     0    0        f
683     0    0        f
684     0    0        f
685     0    0        f
686     0    0        f
687     0    0        f
688     0    0        f
689     0    0        f
690     0    0        f
691     0    0        f
692     0    0        f
693     0    0        f
694     0    0        f
695     0    0        f
696     0    0        f
697     0    0        f
698     0    0        f
699     0    0        f
700     0    0        f
701     0    0        f
702     0    0        f
703     0    0        f
704     0    0        f
705     0    0        f
706     0    0        f
707     0    0        f
708     0    0        f
709     0    0        f
710     0    0        f
711     0    0        f
712     0    0        f
713     0    0        f
714     0    0        f
715     0    0        f
716     0    0        f
717     0    0        f
718     0    0        f
719     0    0        f
720     0    0        f
721     0    0        f
722     0    0        f
723     0    0        f
724     0    0        f
725     0    0        f
726     0    0        f
727     0    0        f
728     0    0        l
729     0    0        l
730     0    0        l
731     0    0        l
732     0    0        l
733     0    0        l
734     0    0        l
735     0    0        l
736     0    0        l
737     0    0        l
738     0    0        l
739     0    0        l
740     0    0        l
741     0    0        l
742     0    0        l
743     0    0        l
744     0    0        l
745     0    0        l
746     0    0        l
747     0    0        l
748     0    0        l
749     0    0        f
750     0    0        f
751     0    0        f
752     0    0        f
753     0    0        f
754     0    0        f
755     0    0        f
756     0    0        f
757     0    0        f
758     0    0        f
759     0    0        f
760     0    0        f
761     0    0        f
762     0    0        f
763     0    0        f
764     0    0        f
765     0    0        f
766     0    0        f
767     0    0        f
768     0    0        f
769     0    0        f
770     0    0        f
771     0    0        f
772     0    0        f
773     0    0        f
774     0    0        f
775     0    0        f
776     0    0        f
777     0    0        f
778     0    0        f
779     0    0        f
780     0    0        f
781     0    0        f
782     0    0        f
783     0    0        f
784     0    0        f
785     0    0        f
786     0    0        f
787     0    0        f
788     0    0        f
789     0    0        f
790     0    0        f
791     0    0        f
792     0    0        f
793     0    0        f
794     0    0        f
795     0    0        f
796     0    0        f
797     0    0        f
798     0    0        f
799     0    0        f
800     0    0        f
801     0    0        f
802     0    0        f
803     0    0        f
804     0    0        f
805     0    0        f
806     0    0        f
807     0    0        f
808     0    0        f
809     0    0        f
810     0    0        f
811     0    0        f
812     0    0        f
813     0    0        f
814     0    0        f
815     0    0        f
816     0    0        f
817     0    0        f
818     0    0        f
819     0    0        f
820     0    0        f
821     0    0        f
822     0    0        f
823     0    0        f
824     0    0        f
825     0    0        f
826     0    0        f
827     0    0        f
828     0    0        f
829     0    0        f
830     0    0        f
831     0    0        f
832     0    0        f
833     0    0        f
834     0    0        f
835     0    0        f
836     0    0        f
837     0    0        f
838     0    0        f
839     0    0        f
840     0    0        f
841     0    0        f
842     0    0        f
843     0    0        f
844     0    0        f
845     0    0        f
846     0    0        f
847     0    0        f
848     0    0        f
849     0    0        f
850     0    0        f
851     0    0        f
852     0    0        f
853     0    0        f
854     0    0        f
855     0    0        f
856     0    0        f
857     0    0        f
858     0    0        f
859     0    0        f
860     0    0        f
861     0    0        f
862     0    0        f
863     0    0        f
864     0    0        f
865     0    0        f
866     0    0        f
867     0    0        f
868     0    0        f
869     0    0        f
870     0    0        f
871     0    0        f
872     0    0        f
873     0    0        f
874     0    0        f
875     0    0        f
876     0    0        f
877     0    0        f
878     0    0        f
879     0    0        f
880     0    0        f
881     0    0        f
882     0    0        f
883     0    0        f
884     0    0        f
885     0    0        f
886     0    0        f
887     0    0        f
888     0    0        f
889     0    0        f
890     0    0        f
891     0    0        f
892     0    0        f
893     0    0        f
894     0    0        f
895     0    0        f
896     0    0        f
897     0    0        f
898     0    0        f
899     0    0        f
900     0    0        f
901     0    0        f
902     0    0        f
903     0    0        f
904     0    0        l
905     0    0        l
906     0    0        l
907     0    0        l
908     0    0        l
909     0    0        l
910     0    0        r
911     0    0        l
912     0    0        r
913     0    0        r
914     0    0        r
915     0    0        l
916     0    0        l
917     0    0        l
918     0    0        r
919     0    0        r
920     0    0        f
921     0    0        f
922     0    0        f
923     0    0        f
924     0    0        f
925     0    0        f
926     0    0        f
927     0    0        f
928     0    0        f
929     0    0        f
930     0    0        f
931     0    0        f
932     0    0        f
933     0    0        f
934     0    0        f
935     0    0        f
936     0    0        f
937     0    0        f
938     0    0        f
939     0    0        f
940     0    0        f
941     0    0        f
942     0    0        f
943     0    0        f
944     0    0        f
945     0    0        f
946     0    0        f
947     0    0        f
948     0    0        f
949     0    0        f
950     0    0        f
951     0    0        f
952     0    0        f
953     0    0        f
954     0    0        f
955     0    0        f
956     0    0        f
957     0    0        f
958     0    0        f
959     0    0        f
960     0    0        f
961     0    0        f
962     0    0        f
963     0    0        f
964     0    0        f
965     0    0        f
966     0    0        f
967     0    0        f
968     0    0        f
969     0    0        f
970     0    0        f
971     0    0        f
972     0    0        f
973     0    0        f
974     0    0        f
975     0    0        f
976     0    0        f
977     0    0        f
978     0    0        f
979     0    0        f
980     0    0        f
981     0    0        f
982     0    0        f
983     0    0        f
984     0    0        f
985     0    0        f
986     0    0        f
987     0    0        f
988     0    0        f
989     0    0        f
990     0    0        f
991     0    0        f
992     0    0        f
993     0    0        f
994     0    0        r
995     0    0        r
996     0    0        f
997     -75    12        f
998     -147    23        f
999     -216    35        f
1000     -282    45        f
1001     -345    56        f
1002     -405    65        f
1003     -462    75        f
1004     -517    84        f
1005     -569    92        f
1006     -620    100        f
1007     -667    108        f
1008     -713    114        f
1009     -757    122        f
1010     -798    129        f
1011     -838    136        f
1012     -876    142        f
1013     -911    148        f
1014     -947    153        f
1015     -980    159        f
1016     -980    159        l
1017     -980    159        l
1018     -980    159        l
1019     -980    159        l
1020     -980    159        l
1021     -980    159        l
1022     -980    159        l
1023     -980    159        l
1024     -980    159        l
1025     -980    159        l
1026     -980    159        l
1027     -980    159        l
1028     -980    159        l
1029     -980    159        l
1030     -980    159        l
1031     -980    159        l
1032     -980    159        l
1033     -980    159        l
1034     -980    159        l
1035     -980    159        l
1036     -980    159        l
1037     -980    159        l
1038     -980    159        l
1039     -980    159        l
1040     -980    159        l
1041     -980    159        l
1042     -980    159        l
1043     -980    159        l
1044     -980    159        l
1045     -980    159        l
1046     -980    159        l
1047     -980    159        l
1048     -980    159        l
1049     -980    159        l
1050     -980    159        l
1051     -980    159        l
1052     -980    159        l
1053     -980    159        l
1054     -980    159        l
1055     -980    159        l
1056     -980    159        l
1057     -980    159        l
1058     -980    159        l
1059     -980    159        l
1060     -980    159        l
1061     -980    159        l
1062     -980    159        l
1063     -980    159        l
1064     -980    159        l
1065     -980    159        l
1066     -980    159        l
1067     -980    159        l
1068     -980    159        l
1069     -980    159        l
1070     -980    159        l
1071     -980    159        l
1072     -980    159        l
1073     -980    159        l
1074     -980    159        l
1075     -980    159        l
1076     -980    159        l
1077     -980    159        l
1078     -980    159        l
1079     -980    159        l
1080     -980    159        l
1081     -980    159        l
1082     -980    159        l
1083     -980    159        l
1084     -980    159        l
1085     -980    159        l
1086     -980    159        l
1087     -980    159        l
1088     -980    159        l
1089     -980    159        l
1090     -980    159        l
1091     -980    159        l
1092     -980    159        l
1093     -980    159        l
1094     -980    159        l
1095     -980    159        l
1096     -980    159        l
1097     -980    159        l
1098     -980    159        l
1099     -980    159        r
1100     -980    159        r
1101     -980    159        r
1102     -980    159        r
1103     -980    159        r
1104     -980    159        r
1105     -980    159        r
1106     -980    159        r
1107     -980    159        r
1108     -980    159        r
1109     -980    159        r
1110     -980    159        r
1111     -980    159        r
1112     -980    159        r
1113     -980    159        r
1114     -980    159        f
1115     -1056    146        f
1116     -1128    134        f
1117     -1196    123        f
1118     -1262    112        f
1119     -1262    112        l
1120     -1262    112        l
1121     -1262    112        l
1122     -1262    112        l
1123     -1325    102        f
1124     -1325    102        l
1125     -1325    102        l
1126     -1325    102        l
1127     -1325    102        l
1128     -1325    102        l
1129     -1385    92        f
1130     -1385    92        l
1131     -1385    92        l
1132     -1385    92        l
1133     -1385    92        l
1134     -1442    83        f
1135     -1442    83        l
1136     -1442    83        l
1137     -1442    83        l
1138     -1442    83        l
1139     -1442    83        l
1140     -1442    83        l
1141     -1497    74        f
1142     -1497    74        l
1143     -1497    74        l
1144     -1497    74        l
1145     -1497    74        l
1146     -1497    74        l
1147     -1497    74        l
1148     -1497    74        l
1149     -1497    74        l
1150     -1549    65        f
1151     -1549    65        l
1152     -1549    65        f
1153     -1458    110        f
1154     -1370    153        f
1155     -1287    194        f
1156     -1207    233        f
1157     -1130    271        f
1158     -1058    307        f
1159     -988    341        f
1160     -922    374        f
1161     -858    405        f
1162     -798    434        f
1163     -740    463        f
1164     -685    490        f
1165     -632    516        f
1166     -581    541        f
1167     -533    565        f
1168     -487    587        f
1169     -443    609        f
1170     -401    629        f
1171     -361    649        f
1172     -323    668        f
1173     -286    686        f
1174     -252    703        f
1175     -218    719        f
1176     -186    735        f
1177     -156    750        f
1178     -127    764        f
1179     -99    778        f
1180     -72    791        f
1181     -47    802        f
1182     -23    815        f
1183     0    826        f
1184     21    836        f
1185     42    848        f
1186     63    857        f
1187     82    867        f
1188     100    876        f
1189     118    884        f
1190     135    893        f
1191     151    900        f
1192     166    908        f
1193     181    915        f
1194     195    922        f
1195     208    928        f
1196     221    935        f
1197     233    941        f
1198     244    946        f
1199     256    952        f
1200     0    0        f
1200     0    0        f
1200     0    0        f
1200     0    0        f
1200     0    0        f
1200     0    0        f
1200     0    0        f
1200     0    0        f
1200     0    0        f
1200     0    0        f
1200     0    0        f
1200     0    0        f
1200     0    0        f
1200     0    0        f
1200     0    0        f
1200     0    0        f
1200     0    0        f
1200     0    0        f
1200     0    0        f
1200     0    0        f
1200     0    0        f
1200     0    0        f
1200     0    0        f
1200     0    0        f
1200     0    0        f
1200     0    0        f
1200     0    0        f
1200     0    0        f
1200     0    0        f
1200     0    0        f
1200     0    0        f
1200     0    0        f
1200     0    0        f
1200     0    0        f
1200     0    0        f
1200     0    0        f
1200     0    0        f
1200     0    0        f
1200     0    0        f
1200     0    0        f
1200     0    0        f
1200     0    0        f
1200     0    0        f
1200     0    0        f
1200     0    0        f
1200     0    0        f
1200     0    0        f
1200     0    0        f
1200     0    0        f
1200     0    0        f
1200     0    0        f
1200     0    0        f
1200     0    0        f
1200     0    0        f
1200     0    0        f
1200     0    0        f
1200     0    0        f
1200     0    0        f
1200     0    0        f
1200     0    0        f
1200     0    0        f
1200     0    0        f
1200     0    0        f
1200     0    0        f
1200     0    0        f
1200     0    0        f
1200     0    0        f
1200     0    0        f
1200     0    0        f
1200     0    0        f
1200     0    0        f
1200     0    0        f
1200     0    0        f
1200     0    0        f
1200     0    0        f
1200     0    0        f
1200     0    0        f
1200     0    0        f
1200     0    0        f
1200     0    0        f
1200     0    0        f
1200     0    0        f
1200     0    0        f
1200     0    0        f
1200     0    0        f
1200     0    0        f
1200     0    0        f
1200     0    0        f
1200     0    0        f
1200     0    0        f
1200     0    0        f
1200     0    0        f
1200     0    0        f
1200     0    0        f
1200     0    0        f
1200     0    0        f
1200     0    0        f
1200     0    0        f
1200     0    0        f
1200     0    0        f
1200     0    0        f
1200     0    0        f
1201     0    0        f
1202     0    0        f
1203     0    0        f
1204     0    0        f
1205     0    0        f
1206     0    0        f
1207     0    0        f
1208     0    0        f
1209     0    0        f
1210     0    0        f
1211     0    0        f
1212     0    0        f
1213     0    0        f
1214     0    0        f
1215     0    0        f
1216     0    0        f
1217     0    0        f
1218     0    0        f
1219     0    0        f
1220     0    0        f
1221     0    0        f
1222     0    0        f
1223     0    0        f
1224     0    0        f
1225     0    0        f
1226     0    0        f
1227     0    0        f
1228     0    0        f
1229     0    0        f
1230     0    0        f
1231     0    0        f
1232     0    0        f
1233     0    0        f
1234     0    0        f
1235     0    0        f
1236     0    0        f
1237     0    0        f
1238     0    0        f
1239     0    0        f
1240     0    0        f
1241     0    0        f
1242     0    0        f
1243     0    0        f
1244     0    0        f
1245     0    0        f
1246     0    0        f
1247     0    0        f
1248     0    0        f
1249     0    0        f
1250     0    0        f
1251     0    0        f
1252     0    0        f
1253     0    0        f
1254     0    0        f
1255     0    0        f
1256     0    0        f
1257     0    0        f
1258     0    0        f
1259     0    0        f
1260     0    0        f
1261     0    0        f
1262     0    0        f
1263     0    0        f
1264     0    0        f
1265     0    0        f
1266     0    0        f
1267     0    0        f
1268     0    0        f
1269     0    0        f
1270     0    0        f
1271     0    0        f
1272     0    0        f
1273     0    0        f
1274     0    0        f
1275     0    0        f
1276     0    0        f
1277     0    0        f
1278     0    0        f
1279     0    0        f
1280     0    0        f
1281     0    0        f
1282     0    0        f
1283     0    0        f
1284     0    0        f
1285     0    0        f
1286     0    0        f
1287     0    0        f
1288     0    0        f
1289     0    0        f
1290     0    0        f
1291     0    0        f
1292     0    0        f
1293     0    0        f
1294     0    0        f
1295     0    0        f
1296     0    0        f
1297     0    0        f
1298     0    0        f
1299     0    0        f
1300     0    0        f
1301     0    0        f
1302     0    0        f
1303     0    0        f
1304     0    0        f
1305     0    0        f
1306     0    0        r
1307     0    0        r
1308     0    0        r
1309     0    0        r
1310     0    0        r
1311     0    0        r
1312     0    0        r
1313     0    0        r
1314     0    0        r
1315     0    0        r
1316     0    0        r
1317     0    0        r
1318     0    0        r
1319     0    0        r
1320     0    0        r
1321     0    0        r
1322     0    0        r
1323     0    0        r
1324     0    0        r
1325     0    0        r
1326     0    0        r
1327     0    0        r
1328     0    0        f
1329     -68    33        f
1330     -134    65        f
1331     -197    95        f
1332     -257    124        f
1333     -314    152        f
1334     -369    178        f
1335     -421    204        f
1336     -471    227        f
1337     -519    250        f
1338     -564    273        f
1339     -608    294        f
1340     -649    314        f
1341     -689    333        f
1342     -727    352        f
1343     -763    369        f
1344     -798    386        f
1345     -831    401        f
1346     -861    417        f
1347     -892    432        f
1348     -921    446        f
1349     -948    459        f
1350     -974    472        f
1351     -999    484        f
1352     -1023    495        f
1353     -1046    505        f
1354     -1068    517        f
1355     -1089    527        f
1356     -1108    537        f
1357     -1127    546        f
1358     -1146    554        f
1359     -1163    563        f
1360     -1180    571        f
1361     -1195    578        f
1362     -1210    586        f
1363     -1225    593        f
1364     -1239    599        f
1365     -1252    606        f
1366     -1264    612        f
1367     -1276    617        f
1368     -1288    623        f
1369     -1299    628        f
1370     -1309    633        f
1371     -1319    638        f
1372     -1329    643        f
1373     -1338    647        f
1374     -1347    651        f
1375     -1355    655        f
1376     -1363    659        f
1377     -1370    663        f
1378     -1378    666        f
1379     -1385    670        f
1380     -1391    673        f
1381     -1398    676        f
1382     -1404    679        f
1383     -1409    681        f
1384     -1415    684        f
1385     -1420    687        f
1386     -1425    689        f
1387     -1430    691        f
1388     -1434    693        f
1389     -1439    696        f
1390     -1443    698        f
1391     -1447    700        f
1392     -1451    701        f
1393     -1454    703        f
1394     -1458    705        f
1395     -1461    706        f
1396     -1464    708        f
1397     -1467    709        f
1398     -1470    711        f
1399     -1473    712        f
1400     -1476    713        f
1401     -1478    714        f
1402     -1481    716        f
1403     -1483    717        f
1404     -1485    718        f
1405     -1487    719        f
1406     -1489    720        f
1407     -1491    721        f
1408     -1493    722        f
1409     -1495    722        f
1410     -1496    723        f
1411     -1498    724        f
1412     -1499    725        f
1413     -1501    725        f
1414     -1501    725        l
1415     -1501    725        l
1416     -1501    725        l
1417     -1501    725        l
1418     -1501    725        l
1419     -1501    725        f
1420     -1354    696        f
1421     -1213    667        f
1422     -1079    640        f
1423     -951    614        f
1424     -828    589        f
1425     -712    566        f
1426     -601    543        f
1427     -494    521        f
1428     -392    501        f
1429     -295    480        f
1430     -202    462        f
1431     -112    444        f
1432     -28    426        f
1433     51    411        f
1434     128    395        f
1435     202    380        f
1436     273    366        f
1437     340    352        f
1438     404    339        f
1439     465    327        f
1440     524    315        f
1441     580    303        f
1442     633    293        f
1443     685    282        f
1444     733    272        f
1445     780    263        f
1446     824    254        f
1447     867    245        f
1448     907    237        f
1449     946    229        f
1450     983    222        f
1451     1019    215        f
1452     1052    208        f
1453     1085    202        f
1454     1115    195        f
1455     1115    195        l
1456     1115    195        f
1457     1188    221        f
1458     1256    245        f
1459     1322    269        f
1460     1385    291        f
1461     1445    312        f
1462     1502    332        f
1463     1557    352        f
1464     1609    370        f
1465     1659    388        f
1466     1707    405        f
1467     1752    421        f
1468     1796    436        f
1469     1838    451        f
1470     1877    465        f
1471     1914    479        f
1472     1952    491        f
1473     1986    504        f
1474     2019    515        f
1475     2051    527        f
1476     2081    537        f
1477     2110    547        f
1478     2137    557        f
1479     2164    566        f
1480     2189    575        f
1481     2213    584        f
1482     2235    592        f
1483     2257    600        f
1484     2278    607        f
1485     2298    614        f
1486     2317    621        f
1487     2335    627        f
1488     2352    633        f
1489     2369    639        f
1490     2385    645        f
1491     2400    650        f
1492     2414    655        f
1493     2428    660        f
1494     2441    665        f
1495     2454    669        f
1496     2466    674        f
1497     2477    678        f
1498     2488    682        f
1499     2499    685        f
1500     2509    689        f
1501     2518    692        f
1502     2528    695        f
1503     2536    698        f
1504     2545    701        f
1505     2553    704        f
1506     2560    707        f
1507     2567    709        f
1508     2574    712        f
1509     2581    714        f
1510     2587    716        f
1511     2593    719        f
1512     2599    721        f
1513     2605    723        f
1514     2610    724        f
1515     2615    726        f
1516     2620    728        f
1517     2624    729        f
1518     2624    729        r
1519     2624    729        r
1520     2624    729        r
1521     2624    729        r
1522     2624    729        r
1523     2624    729        f
1524     2500    653        f
1525     2500    653        l
1526     2500    653        l
1527     2500    653        l
1528     2500    653        l
1529     2500    653        l
1530     2500    653        l
1531     2500    653        f
1532     2646    618        f
1533     2785    583        f
1534     2918    550        f
1535     3045    519        f
1536     3166    488        f
1537     3282    461        f
1538     3392    433        f
1539     3497    407        f
1540     3599    382        f
1541     3695    359        f
1542     3786    336        f
1543     3875    314        f
1544     3958    294        f
1545     4038    274        f
1546     4115    254        f
1547     4188    237        f
1548     4257    220        f
1549     4324    202        f
1550     4388    188        f
1551     4388    188        r
1552     4388    188        r
1553     4388    188        r
1554     4388    188        r
1555     4388    188        r
1556     4388    188        r
1557     4388    188        r
1558     4388    188        r
1559     4388    188        r
1560     4388    188        r
1561     4388    188        r
1562     4388    188        r
1563     4388    188        r
1564     4388    188        r
1565     4388    188        r
1566     4388    188        r
1567     4388    188        r
1568     4388    188        r
1569     4388    188        r
1570     4388    188        r
1571     4388    188        r
1572     4388    188        r
1573     4388    188        r
1574     4388    188        r
1575     4388    188        r
1576     4388    188        r
1577     4388    188        r
1578     4388    188        r
1579     4388    188        r
1580     4388    188        r
1581     4388    188        r
1582     4388    188        r
1583     4388    188        r
1584     4388    188        r
1585     4388    188        r
1586     4388    188        r
1587     4388    188        r
1588     4388    188        r
1589     4388    188        f
1590     4253    122        f
1591     4124    57        f
1592     4002    -1        f
1593     3884    -57        f
1594     3772    -112        f
1595     3665    -166        f
1596     3564    -216        f
1597     3465    -264        f
1598     3372    -309        f
1599     3284    -353        f
1600     3200    -395        f
1601     3119    -434        f
1602     3041    -473        f
1603     2968    -509        f
1604     2897    -544        f
1605     2830    -577        f
1606     2766    -609        f
1607     2704    -639        f
1608     2646    -668        f
1609     2590    -695        f
1610     2536    -722        f
1611     2485    -747        f
1612     2436    -771        f
1613     2390    -794        f
1614     2345    -816        f
1615     2303    -836        f
1616     2303    -836        r
1617     2303    -836        r
1618     2262    -856        f
1619     2262    -856        r
1620     2262    -856        r
1621     2262    -856        r
1622     2262    -856        r
1623     2262    -856        r
1624     2262    -856        r
1625     2262    -856        r
1626     2262    -856        r
1627     2262    -856        r
1628     2262    -856        r
1629     2262    -856        r
1630     2262    -856        r
1631     2262    -856        r
1632     2262    -856        r
1633     2262    -856        r
1634     2262    -856        r
1635     2262    -856        r
1636     2262    -856        r
1637     2262    -856        r
1638     2262    -856        r
1639     2262    -856        r
1640     2262    -856        r
1641     2262    -856        r
1642     2262    -856        r
1643     2262    -856        r
1644     2262    -856        r
1645     2262    -856        r
1646     2262    -856        r
1647     2262    -856        r
1648     2262    -856        r
1649     2262    -856        r
1650     2262    -856        r
1651     2262    -856        r
1652     2262    -856        r
1653     2262    -856        r
1654     2262    -856        r
1655     2262    -856        r
1656     2262    -856        r
1657     2262    -856        r
1658     2262    -856        r
1659     2262    -856        r
1660     2223    -876        f
1661     2223    -876        r
1662     2223    -876        r
1663     2223    -876        r
1664     2223    -876        r
1665     2223    -876        r
1666     2223    -876        r
1667     2223    -876        r
1668     2223    -876        r
1669     2223    -876        f
1670     2144    -748        f
1671     2069    -626        f
1672     1997    -509        f
1673     1928    -399        f
1674     1862    -293        f
1675     1798    -192        f
1676     1739    -96        f
1677     1682    -3        f
1678     1627    84        f
1679     1575    168        f
1680     1525    248        f
1681     1477    325        f
1682     1432    398        f
1683     1388    468        f
1684     1347    535        f
1685     1307    599        f
1686     1269    659        f
1687     1233    718        f
1688     1198    773        f
1689     1165    826        f
1690     1134    877        f
1691     1104    925        f
1692     1075    971        f
1693     1048    1015        f
1694     1022    1057        f
1695     997    1098        f
1696     973    1136        f
1697     950    1173        f
1698     927    1208        f
1699     907    1241        f
1700     886    1273        f
1701     868    1304        f
1702     850    1333        f
1703     833    1361        f
1704     816    1387        f
1705     801    1413        f
1706     786    1437        f
1707     771    1460        f
1708     757    1482        f
1709     744    1503        f
1710     732    1524        f
1711     720    1543        f
1712     708    1561        f
1713     697    1579        f
1714     687    1596        f
1715     677    1612        f
1716     667    1627        f
1717     658    1642        f
1718     650    1655        f
1719     641    1669        f
1720     633    1682        f
1721     626    1694        f
1722     619    1705        f
1723     612    1717        f
1724     605    1727        f
1725     599    1737        f
1726     593    1747        f
1727     587    1755        f
1728     581    1764        f
1729     576    1773        f
1730     571    1780        f
1731     566    1789        f
1732     562    1796        f
1733     558    1803        f
1734     553    1810        f
1735     549    1816        f
1736     546    1822        f
1737     542    1828        f
1738     539    1834        f
1739     535    1839        f
1740     532    1844        f
1741     529    1848        f
1742     526    1854        f
1743     523    1857        f
1744     521    1862        f
1745     518    1866        f
1746     516    1870        f
1747     514    1873        f
1748     511    1877        f
1749     509    1880        f
1750     507    1884        f
1751     505    1887        f
1752     504    1889        f
1753     501    1893        f
1754     500    1895        f
1755     499    1898        f
1756     497    1900        f
1757     496    1903        f
1758     494    1905        f
1759     493    1907        f
1760     492    1909        f
1761     491    1911        f
1762     490    1913        f
1763     488    1914        f
1764     487    1916        f
1765     486    1918        f
1766     484    1919        f
1767     484    1921        f
1768     484    1922        f
1769     483    1923        f
1770     482    1925        f
1771     480    1926        f
1772     480    1927        f
1773     480    1928        f
1774     479    1929        f
1775     479    1930        f
1776     478    1930        f
1777     476    1932        f
1778     476    1932        f
1779     476    1934        f
1780     476    1935        f
1781     475    1936        f
1782     475    1936        f
1783     474    1937        f
1784     474    1938        f
1785     474    1938        f
1786     473    1939        f
1787     473    1939        f
1788     473    1939        f
1789     472    1941        f
1790     472    1941        f
1791     472    1942        f
1792     471    1942        f
1793     471    1943        f
1794     471    1943        f
1795     471    1943        f
1796     470    1944        f
1797     470    1944        f
1798     470    1944        f
1799     470    1945        f
1800     469    1945        f
1801     469    1945        f
1802     469    1946        f
1803     469    1946        f
1804     469    1946        f
1805     469    1946        f
1806     468    1947        f
1807     468    1947        f
1808     468    1947        f
1809     468    1947        f
1810     468    1948        f
1811     468    1948        l
1812     468    1948        l
1813     468    1948        l
1814     468    1948        l
1815     468    1948        l
1816     468    1948        l
1817     468    1948        l
1818     468    1948        l
1819     468    1948        l
1820     468    1948        l
1821     468    1948        l
1822     468    1948        l
1823     468    1948        l
1824     468    1948        l
1825     468    1948        l
1826     468    1948        l
1827     468    1948        l
1828     468    1948        f
1829     468    1948        f
1830     468    1948        f
1831     467    1948        f
1832     467    1948        f
1833     467    1948        f
1834     467    1948        f
1835     467    1948        f
1836     467    1948        f
1837     467    1948        f
1838     467    1948        f
1839     467    1948        f
1840     467    1950        f
1841     467    1950        f
1842     467    1950        f
1843     467    1950        f
1844     466    1950        f
1845     466    1950        f
1846     466    1950        f
1847     466    1950        f
1848     466    1950        f
1849     466    1950        f
1850     466    1950        f
1851     466    1950        f
1852     466    1951        f
1853     466    1951        f
1854     466    1951        f
1855     466    1951        f
1856     466    1951        f
1857     466    1951        f
1858     466    1951        f
1859     466    1951        f
1860     466    1951        f
1861     466    1951        f
1862     466    1951        f
1863     466    1951        f
1864     466    1951        f
1865     466    1951        f
1866     466    1951        f
1867     466    1951        f
1868     466    1951        f
1869     466    1951        f
1870     466    1951        f
1871     466    1951        f
1872     466    1951        f
1873     466    1951        f
1874     466    1951        f
1875     466    1951        f
1876     466    1951        f
1877     466    1951        f
1878     466    1951        f
1879     466    1951        f
1880     465    1951        f
1881     465    1951        f
1882     465    1952        f
1883     465    1952        f
1884     465    1952        f
1885     465    1952        f
1886     465    1952        r
1887     465    1952        r
1888     465    1952        l
1889     465    1952        l
1890     465    1952        r
1891     465    1952        r
1892     465    1952        r
1893     465    1952        r
1894     465    1952        r
1895     465    1952        r
1896     465    1952        r
1897     465    1952        r
1898     465    1952        r
1899     465    1952        r
1900     465    1952        r
1901     465    1952        r
1902     465    1952        r
1903     465    1952        r
1904     465    1952        r
1905     465    1952        r
1906     465    1952        r
1907     465    1952        r
1908     465    1952        r
1909     465    1952        r
1910     465    1952        r
1911     465    1952        f
1912     465    1952        f
1913     465    1952        f
1914     465    1952        f
1915     465    1952        f
1916     465    1952        f
1917     465    1952        f
1918     465    1952        f
1919     465    1952        f
1920     465    1952        f
1921     465    1952        f
1922     465    1952        f
1923     465    1952        f
1924     465    1952        f
1925     465    1952        f
1926     465    1952        f
1927     465    1952        f
1928     465    1952        f
1929     465    1952        f
1930     465    1952        f
1931     465    1952        f
1932     465    1952        f
1933     465    1952        f
1934     465    1952        f
1935     465    1952        f
1936     465    1952        f
1937     465    1952        f
1938     465    1952        f
1939     465    1952        f
1940     465    1952        f
1941     465    1952        f
1942     465    1952        f
1943     465    1952        f
1944     465    1952        f
1945     465    1952        f
1946     465    1952        l
1947     465    1952        l
1948     465    1952        l
1949     465    1952        f
1950     465    1952        f
1951     465    1952        f
1952     465    1952        f
1953     465    1952        f
1954     465    1952        f
1955     465    1952        f
1956     465    1952        f
1957     465    1952        f
1958     465    1952        f
1959     465    1952        f
1960     465    1952        f
1961     465    1952        f
1962     465    1952        f
1963     465    1952        f
1964     465    1952        f
1965     465    1952        f
1966     465    1952        f
1967     465    1952        f
1968     465    1952        f
1969     465    1952        f
1970     465    1952        f
1971     465    1952        f
1972     465    1952        f
1973     465    1952        f
1974     465    1952        f
1975     465    1952        f
1976     465    1952        f
1977     465    1952        f
1978     465    1952        f
1979     465    1952        f
1980     465    1952        f
1981     465    1952        f
1982     465    1952        f
1983     465    1952        f
1984     465    1952        f
1985     465    1952        f
1986     465    1952        f
1987     465    1952        f
1988     465    1952        f
1989     465    1952        f
1990     465    1952        f
1991     465    1952        f
1992     465    1952        f
1993     465    1952        f
1994     465    1952        f
1995     465    1952        f
1996     465    1952        f
1997     465    1952        f
1998     465    1952        f
1999     465    1952        f
2000     465    1952        f
2001     465    1952        f
2002     465    1952        f
2003     465    1952        f
2004     465    1952        f
2005     465    1952        f
2006     465    1952        f
2007     465    1952        f
2008     465    1952        f
2009     465    1952        f
2010     465    1952        f
2011     465    1952        f
2012     465    1952        f
2013     465    1952        f
2014     465    1952        f
2015     465    1952        f
2016     465    1952        f
2017     465    1952        f
2018     465    1952        f
2019     465    1952        f
2020     465    1952        f
2021     465    1952        f
2022     465    1952        f
2023     465    1952        f
2024     465    1952        f
2025     465    1952        f
2026     465    1952        f
2027     465    1952        f
2028     465    1952        f
2029     465    1952        f
2030     465    1952        f
2031     465    1952        f
2032     465    1952        f
2033     465    1952        f
2034     465    1952        f
2035     465    1952        f
2036     465    1952        f
2037     465    1952        f
2038     465    1952        f
2039     465    1952        f
2040     465    1952        f
2041     465    1952        f
2042     465    1952        f
2043     465    1952        f
2044     465    1952        f
2045     465    1952        f
2046     465    1952        f
2047     465    1952        f
2048     465    1952        f
2049     465    1952        f
2050     465    1952        f
2051     465    1952        f
2052     465    1952        f
2053     465    1952        f
2054     465    1952        f
2055     465    1952        f
2056     465    1952        f
2057     465    1952        f
2058     465    1952        f
2059     465    1952        f
2060     465    1952        f
2061     465    1952        f
2062     465    1952        f
2063     465    1952        f
2064     465    1952        f
2065     465    1952        f
2066     465    1952        f
2067     465    1952        f
2068     465    1952        f
2069     465    1952        f
2070     465    1952        f
2071     465    1952        f
2072     465    1952        f
2073     465    1952        f
2074     465    1952        f
2075     465    1952        f
2076     465    1952        f
2077     465    1952        f
2078     465    1952        f
2079     465    1952        f
2080     465    1952        f
2081     465    1952        f
2082     465    1952        f
2083     465    1952        f
2084     465    1952        r
2085     465    1952        r
2086     465    1952        r
2087     465    1952        r
2088     465    1952        r
2089     465    1952        r
2090     465    1952        r
2091     465    1952        r
2092     465    1952        r
2093     465    1952        f
2094     389    1947        f
2095     316    1942        f
2096     247    1938        f
2097     180    1932        f
2098     115    1929        f
2099     56    1925        f
2100     -1    1922        f
2101     -56    1918        f
2102     -109    1914        f
2103     -160    1912        f
2104     -208    1907        f
2105     -254    1905        f
2106     -298    1903        f
2107     -340    1900        f
2108     -380    1897        f
2109     -418    1895        f
2110     -455    1893        f
2111     -490    1889        f
2112     -523    1888        f
2113     -555    1886        f
2114     -586    1884        f
2115     -615    1882        f
2116     -642    1880        f
2117     -669    1879        f
2118     -694    1877        f
2119     -719    1876        f
2120     -742    1873        f
2121     -764    1873        f
2122     -785    1872        f
2123     -805    1870        f
2124     -824    1869        f
2125     -842    1868        f
2126     -860    1867        f
2127     -877    1866        f
2128     -893    1864        f
2129     -908    1864        f
2130     -923    1863        f
2131     -936    1862        f
2132     -950    1861        f
2133     -961    1860        f
2134     -975    1860        f
2135     -986    1859        f
2136     -997    1857        f
2137     -1008    1857        f
2138     -1018    1857        f
2139     -1028    1855        f
2140     -1037    1855        f
2141     -1046    1855        f
2142     -1054    1854        f
2143     -1062    1854        f
2144     -1070    1853        f
2145     -1077    1853        f
2146     -1084    1853        f
2147     -1091    1852        f
2148     -1097    1852        f
2149     -1103    1851        f
2150     -1109    1851        f
2151     -1115    1851        f
2152     -1120    1850        f
2153     -1125    1850        f
2154     -1130    1850        f
2155     -1134    1848        f
2156     -1139    1848        f
2157     -1143    1848        f
2158     -1147    1848        f
2159     -1151    1848        f
2160     -1155    1848        f
2161     -1158    1848        f
2162     -1162    1848        f
2163     -1165    1847        f
2164     -1168    1847        f
2165     -1171    1847        f
2166     -1173    1847        f
2167     -1176    1847        f
2168     -1179    1847        f
2169     -1181    1846        f
2170     -1183    1846        f
2171     -1186    1846        f
2172     -1188    1846        f
2173     -1190    1846        f
2174     -1192    1846        f
2175     -1193    1846        f
2176     -1195    1846        f
2177     -1197    1845        f
2178     -1199    1845        f
2179     -1200    1845        f
2180     -1202    1845        f
2181     -1203    1845        f
2182     -1204    1845        f
2183     -1206    1845        f
2184     -1207    1845        f
2185     -1208    1845        f
2186     -1209    1845        f
2187     -1210    1845        f
2188     -1211    1845        f
2189     -1212    1844        f
2190     -1213    1844        f
2191     -1214    1844        f
2192     -1215    1844        f
2193     -1215    1844        f
2194     -1216    1844        f
2195     -1217    1844        f
2196     -1218    1844        f
2197     -1218    1844        f
2198     -1219    1844        f
2199     -1220    1844        f
2200     -1220    1844        f
2201     -1221    1844        f
2202     -1221    1844        f
2203     -1222    1844        f
2204     -1222    1844        f
2205     -1223    1844        f
2206     -1223    1844        f
2207     -1224    1844        f
2208     -1224    1844        f
2209     -1224    1844        f
2210     -1225    1844        f
2211     -1225    1844        f
2212     -1225    1844        f
2213     -1226    1844        f
2214     -1226    1844        f
2215     -1226    1844        f
2216     -1227    1844        f
2217     -1227    1844        f
2218     -1227    1843        f
2219     -1227    1843        r
2220     -1227    1843        r
2221     -1227    1843        r
2222     -1227    1843        r
2223     -1227    1843        r
2224     -1227    1843        l
2225     -1227    1843        r
2226     -1227    1843        l
2227     -1227    1843        l
2228     -1227    1843        l
2229     -1227    1843        f
2230     -1158    1811        f
2231     -1092    1780        f
2232     -1029    1750        f
2233     -968    1722        f
2234     -911    1695        f
2235     -856    1669        f
2236     -802    1644        f
2237     -753    1620        f
2238     -705    1598        f
2239     -659    1576        f
2240     -615    1556        f
2241     -574    1536        f
2242     -534    1517        f
2243     -496    1500        f
2244     -459    1482        f
2245     -424    1466        f
2246     -391    1450        f
2247     -359    1436        f
2248     -329    1421        f
2249     -300    1408        f
2250     -273    1395        f
2251     -246    1382        f
2252     -221    1370        f
2253     -197    1359        f
2254     -174    1348        f
2255     -152    1338        f
2256     -131    1328        f
2257     -111    1319        f
2258     -92    1310        f
2259     -74    1301        f
2260     -56    1293        f
2261     -40    1285        f
2262     -24    1278        f
2263     -9    1271        f
2264     4    1264        f
2265     18    1257        f
2266     31    1251        f
2267     44    1245        f
2268     56    1240        f
2269     68    1234        f
2270     79    1229        f
2271     89    1224        f
2272     99    1219        f
2273     109    1215        f
2274     118    1210        f
2275     126    1206        f
2276     135    1202        f
2277     143    1199        f
2278     150    1195        f
2279     157    1192        f
2280     164    1188        f
2281     171    1185        f
2282     177    1182        f
2283     183    1179        f
2284     189    1177        f
2285     194    1174        f
2286     200    1172        f
2287     204    1169        f
2288     209    1167        f
2289     214    1165        f
2290     218    1163        f
2291     223    1161        f
2292     225    1159        f
2293     229    1157        f
2294     234    1155        f
2295     237    1154        f
2296     241    1152        f
2297     244    1151        f
2298     247    1149        f
2299     250    1148        f
2300     250    1148        r
2301     250    1148        r
2302     250    1148        f
2303     199    1007        f
2304     150    872        f
2305     104    743        f
2306     60    620        f
2307     18    503        f
2308     -22    390        f
2309     -60    283        f
2310     -97    181        f
2311     -132    83        f
2312     -166    -9        f
2313     -198    -98        f
2314     -227    -183        f
2315     -258    -265        f
2316     -286    -343        f
2317     -312    -417        f
2318     -338    -488        f
2319     -362    -555        f
2320     -385    -620        f
2321     -407    -682        f
2322     -428    -740        f
2323     -448    -797        f
2324     -468    -850        f
2325     -486    -902        f
2326     -504    -951        f
2327     -520    -997        f
2328     -536    -1042        f
2329     -552    -1085        f
2330     -566    -1126        f
2331     -580    -1165        f
2332     -594    -1202        f
2333     -606    -1237        f
2334     -619    -1271        f
2335     -630    -1303        f
2336     -641    -1334        f
2337     -652    -1364        f
2338     -662    -1392        f
2339     -672    -1419        f
2340     -681    -1445        f
2341     -690    -1469        f
2342     -698    -1493        f
2343     -706    -1515        f
2344     -714    -1537        f
2345     -721    -1557        f
2346     -728    -1577        f
2347     -735    -1595        f
2348     -741    -1613        f
2349     -747    -1630        f
2350     -753    -1646        f
2351     -759    -1662        f
2352     -764    -1676        f
2353     -769    -1689        f
2354     -774    -1704        f
2355     -778    -1717        f
2356     -783    -1729        f
2357     -787    -1741        f
2358     -791    -1752        f
2359     -795    -1763        f
2360     -799    -1773        f
2361     -802    -1782        f
2362     -805    -1792        f
2363     -809    -1801        f
2364     -811    -1809        f
2365     -815    -1817        f
2366     -815    -1817        l
2367     -815    -1817        l
2368     -815    -1817        l
2369     -815    -1817        r
2370     -815    -1817        r
2371     -815    -1817        r
2372     -815    -1817        r
2373     -815    -1817        f
2374     -889    -1727        f
2375     -959    -1639        f
2376     -1027    -1558        f
2377     -1092    -1479        f
2378     -1153    -1404        f
2379     -1212    -1332        f
2380     -1269    -1264        f
2381     -1269    -1264        r
2382     -1269    -1264        r
2383     -1269    -1264        r
2384     -1269    -1264        r
2385     -1269    -1264        f
2386     -1323    -1201        f
2387     -1374    -1142        f
2388     -1424    -1085        f
2389     -1471    -1031        f
2390     -1516    -978        f
2391     -1558    -928        f
2392     -1599    -882        f
2393     -1638    -836        f
2394     -1676    -794        f
2395     -1711    -753        f
2396     -1745    -713        f
2397     -1778    -676        f
2398     -1809    -640        f
2399     -1809    -640        r
