step   ball_X    ball_Y    side
0     0    0        f
0     0    0        f
0     0    0        f
0     0    0        f
0     0    0        f
0     0    0        f
0     0    0        f
0     0    0        f
0     0    0        f
0     0    0        f
0     0    0        f
0     0    0        f
0     0    0        f
0     0    0        f
0     0    0        f
0     0    0        f
0     0    0        f
0     0    0        f
0     0    0        f
0     0    0        f
0     0    0        f
0     0    0        f
0     0    0        f
0     0    0        f
0     0    0        f
0     0    0        f
0     0    0        f
0     0    0        f
0     0    0        f
0     0    0        f
0     0    0        f
0     0    0        f
0     0    0        f
0     0    0        f
0     0    0        f
0     0    0        f
0     0    0        f
0     0    0        f
0     0    0        f
0     0    0        f
0     0    0        f
0     0    0        f
0     0    0        f
0     0    0        f
0     0    0        f
0     0    0        f
0     0    0        f
0     0    0        f
0     0    0        f
0     0    0        f
0     0    0        f
0     0    0        f
0     0    0        f
0     0    0        f
0     0    0        f
0     0    0        f
0     0    0        f
0     0    0        f
0     0    0        f
0     0    0        f
0     0    0        f
0     0    0        f
1     0    0        f
2     0    0        f
3     0    0        f
4     0    0        f
5     0    0        f
6     0    0        f
7     0    0        f
8     0    0        f
9     0    0        f
10     0    0        f
11     0    0        f
12     0    0        f
13     0    0        f
14     0    0        f
15     0    0        f
16     0    0        f
17     0    0        f
18     0    0        f
19     0    0        f
20     0    0        f
21     0    0        f
22     0    0        f
23     0    0        f
24     0    0        f
25     0    0        f
26     0    0        f
27     0    0        f
28     0    0        f
29     0    0        f
30     0    0        f
31     0    0        f
32     0    0        f
33     0    0        f
34     0    0        f
35     0    0        f
36     0    0        f
37     0    0        f
38     0    0        f
39     0    0        f
40     0    0        f
41     0    0        f
42     0    0        f
43     0    0        f
44     0    0        f
45     0    0        f
46     0    0        f
47     0    0        f
48     0    0        f
49     0    0        f
50     0    0        f
51     0    0        f
52     0    0        f
53     0    0        f
54     0    0        f
55     0    0        f
56     0    0        f
57     0    0        f
58     0    0        f
59     0    0        f
60     0    0        f
61     0    0        f
62     0    0        f
63     0    0        f
64     0    0        f
65     0    0        f
66     0    0        f
67     0    0        f
68     0    0        f
69     0    0        f
70     0    0        f
71     0    0        f
72     0    0        f
73     0    0        f
74     0    0        f
75     0    0        f
76     0    0        f
77     0    0        f
78     0    0        f
79     0    0        f
80     0    0        f
81     0    0        f
82     0    0        f
83     0    0        f
84     0    0        f
85     0    0        f
86     0    0        f
87     0    0        f
88     0    0        f
89     0    0        f
90     0    0        f
91     0    0        f
92     0    0        f
93     0    0        f
94     0    0        f
95     0    0        f
96     0    0        f
97     0    0        f
98     0    0        f
99     0    0        f
100     0    0        f
101     0    0        f
102     0    0        f
103     0    0        f
104     0    0        f
105     0    0        f
106     0    0        f
107     0    0        f
108     0    0        f
109     0    0        f
110     0    0        f
111     0    0        f
112     0    0        f
113     0    0        f
114     0    0        f
115     0    0        f
116     0    0        f
117     0    0        f
118     0    0        f
119     0    0        f
120     0    0        f
121     0    0        f
122     0    0        r
123     0    0        r
124     0    0        r
125     0    0        r
126     0    0        r
127     0    0        r
128     0    0        r
129     0    0        f
130     -73    21        f
131     -73    21        l
132     -73    21        l
133     -73    21        l
134     -73    21        l
135     -73    21        l
136     -73    21        l
137     -73    21        l
138     -73    21        r
139     -73    21        r
140     -73    21        l
141     -73    21        l
142     -73    21        r
143     -73    21        r
144     -73    21        r
145     -73    21        l
146     -73    21        r
147     -73    21        r
148     -73    21        l
149     -73    21        r
150     -73    21        l
151     -73    21        r
152     -73    21        l
153     -73    21        r
154     -73    21        r
155     -73    21        l
156     -73    21        r
157     -73    21        l
158     -73    21        l
159     -73    21        l
160     -73    21        l
161     -73    21        l
162     -73    21        l
163     -73    21        l
164     -73    21        l
165     -73    21        l
166     -73    21        r
167     -73    21        r
168     -73    21        l
169     -73    21        l
170     -73    21        l
171     -73    21        l
172     -73    21        l
173     -73    21        l
174     -73    21        l
175     -73    21        l
176     -73    21        l
177     -73    21        r
178     -73    21        r
179     -73    21        l
180     -73    21        l
181     -73    21        l
182     -73    21        l
183     -73    21        l
184     -73    21        l
185     -73    21        l
186     -73    21        l
187     -73    21        l
188     -73    21        l
189     -73    21        r
190     -73    21        l
191     -73    21        l
192     -73    21        l
193     -73    21        l
194     -73    21        l
195     -73    21        l
196     -73    21        l
197     -73    21        l
198     -73    21        l
199     -73    21        r
200     -73    21        r
201     -73    21        l
202     -73    21        l
203     -73    21        l
204     -73    21        l
205     -73    21        l
206     -73    21        l
207     -73    21        l
208     -73    21        l
209     -73    21        l
210     -73    21        r
211     -73    21        r
212     -73    21        l
213     -73    21        l
214     -73    21        l
215     -73    21        l
216     -73    21        l
217     -73    21        l
218     -73    21        l
219     -73    21        l
220     -73    21        f
221     -73    21        r
222     -73    21        r
223     -73    21        f
224     -144    -7        f
225     -144    -7        l
226     -144    -7        l
227     -144    -7        l
228     -144    -7        l
229     -144    -7        l
230     -144    -7        l
231     -144    -7        l
232     -144    -7        l
233     -144    -7        r
234     -144    -7        l
235     -144    -7        l
236     -144    -7        l
237     -144    -7        l
238     -144    -7        l
239     -144    -7        l
240     -144    -7        l
241     -144    -7        l
242     -144    -7        l
243     -144    -7        r
244     -144    -7        r
245     -144    -7        l
246     -144    -7        l
247     -144    -7        l
248     -144    -7        l
249     -144    -7        l
250     -144    -7        l
251     -144    -7        l
252     -144    -7        l
253     -144    -7        l
254     -144    -7        l
255     -144    -7        l
256     -144    -7        r
257     -144    -7        l
258     -144    -7        l
259     -144    -7        r
260     -144    -7        r
261     -144    -7        r
262     -144    -7        l
263     -144    -7        r
264     -144    -7        r
265     -144    -7        r
266     -144    -7        r
267     -144    -7        f
268     -219    5        f
269     -219    5        l
270     -219    5        l
271     -219    5        l
272     -219    5        l
273     -219    5        l
274     -219    5        l
275     -219    5        l
276     -219    5        l
277     -219    5        r
278     -219    5        l
279     -219    5        l
280     -219    5        l
281     -219    5        l
282     -219    5        l
283     -219    5        l
284     -219    5        l
285     -219    5        l
286     -219    5        l
287     -219    5        l
288     -219    5        l
289     -219    5        l
290     -219    5        r
291     -219    5        r
292     -219    5        r
293     -219    5        l
294     -219    5        l
295     -219    5        l
296     -219    5        r
297     -219    5        r
298     -219    5        r
299     -219    5        r
300     0    0        f
300     0    0        f
300     0    0        f
300     0    0        f
300     0    0        f
300     0    0        f
300     0    0        f
300     0    0        f
300     0    0        f
300     0    0        f
300     0    0        f
300     0    0        f
300     0    0        f
300     0    0        f
300     0    0        f
300     0    0        f
300     0    0        f
300     0    0        f
300     0    0        f
300     0    0        f
300     0    0        f
300     0    0        f
300     0    0        f
300     0    0        f
300     0    0        f
300     0    0        f
300     0    0        f
300     0    0        f
300     0    0        f
300     0    0        f
300     0    0        f
300     0    0        f
300     0    0        f
300     0    0        f
300     0    0        f
300     0    0        f
300     0    0        f
300     0    0        f
300     0    0        f
300     0    0        f
300     0    0        f
300     0    0        f
300     0    0        f
300     0    0        f
300     0    0        f
300     0    0        f
300     0    0        f
300     0    0        f
300     0    0        f
300     0    0        f
300     0    0        f
300     0    0        f
300     0    0        f
300     0    0        f
300     0    0        f
300     0    0        f
300     0    0        f
300     0    0        f
300     0    0        f
300     0    0        f
300     0    0        f
300     0    0        f
300     0    0        f
300     0    0        f
300     0    0        f
300     0    0        f
300     0    0        f
300     0    0        f
300     0    0        f
300     0    0        f
300     0    0        f
300     0    0        f
300     0    0        f
300     0    0        f
300     0    0        f
300     0    0        f
300     0    0        f
300     0    0        f
300     0    0        f
300     0    0        f
300     0    0        f
300     0    0        f
300     0    0        f
300     0    0        f
300     0    0        f
300     0    0        f
300     0    0        f
300     0    0        f
300     0    0        f
300     0    0        f
300     0    0        f
300     0    0        f
300     0    0        f
300     0    0        f
300     0    0        f
300     0    0        f
300     0    0        f
300     0    0        f
300     0    0        f
300     0    0        f
300     0    0        f
300     0    0        f
301     0    0        f
302     0    0        f
303     0    0        f
304     0    0        f
305     0    0        f
306     0    0        f
307     0    0        f
308     0    0        f
309     0    0        f
310     0    0        f
311     0    0        f
312     0    0        f
313     0    0        f
314     0    0        f
315     0    0        f
316     0    0        f
317     0    0        f
318     0    0        f
319     0    0        f
320     0    0        f
321     0    0        f
322     0    0        f
323     0    0        f
324     0    0        f
325     0    0        f
326     0    0        f
327     0    0        f
328     0    0        f
329     0    0        f
330     0    0        f
331     0    0        f
332     0    0        f
333     0    0        f
334     0    0        f
335     0    0        f
336     0    0        f
337     0    0        f
338     0    0        f
339     0    0        f
340     0    0        f
341     0    0        f
342     0    0        f
343     0    0        f
344     0    0        f
345     0    0        f
346     0    0        f
347     0    0        f
348     0    0        f
349     0    0        f
350     0    0        f
351     0    0        f
352     0    0        f
353     0    0        f
354     0    0        f
355     0    0        f
356     0    0        f
357     0    0        f
358     0    0        f
359     0    0        f
360     0    0        f
361     0    0        f
362     0    0        f
363     0    0        f
364     0    0        f
365     0    0        f
366     0    0        f
367     0    0        f
368     0    0        f
369     0    0        f
370     0    0        f
371     0    0        f
372     0    0        f
373     0    0        f
374     0    0        f
375     0    0        f
376     0    0        f
377     0    0        f
378     0    0        f
379     0    0        f
380     0    0        f
381     0    0        f
382     0    0        f
383     0    0        f
384     0    0        f
385     0    0        f
386     0    0        f
387     0    0        f
388     0    0        f
389     0    0        f
390     0    0        f
391     0    0        f
392     0    0        f
393     0    0        f
394     0    0        f
395     0    0        f
396     0    0        f
397     0    0        f
398     0    0        f
399     0    0        f
400     0    0        f
401     0    0        f
402     0    0        f
403     0    0        f
404     0    0        f
405     0    0        r
406     0    0        r
407     0    0        f
408     -75    -12        f
409     -147    -24        f
410     -216    -36        f
411     -281    -47        f
412     -344    -56        f
413     -404    -67        f
414     -461    -77        f
415     -516    -86        f
416     -568    -95        f
417     -618    -103        f
418     -665    -111        f
419     -710    -119        f
420     -754    -126        f
421     -795    -133        f
422     -795    -133        l
423     -795    -133        l
424     -795    -133        l
425     -795    -133        l
426     -795    -133        l
427     -795    -133        l
428     -795    -133        l
429     -795    -133        l
430     -795    -133        l
431     -795    -133        l
432     -795    -133        l
433     -795    -133        l
434     -795    -133        l
435     -795    -133        l
436     -795    -133        l
437     -795    -133        l
438     -795    -133        l
439     -795    -133        l
440     -795    -133        l
441     -795    -133        l
442     -795    -133        l
443     -795    -133        l
444     -795    -133        l
445     -795    -133        l
446     -795    -133        l
447     -795    -133        l
448     -795    -133        r
449     -795    -133        r
450     -795    -133        l
451     -795    -133        l
452     -795    -133        l
453     -795    -133        l
454     -795    -133        l
455     -795    -133        l
456     -795    -133        l
457     -795    -133        l
458     -795    -133        l
459     -795    -133        r
460     -795    -133        l
461     -795    -133        r
462     -795    -133        r
463     -795    -133        r
464     -795    -133        r
465     -795    -133        r
466     -795    -133        r
467     -795    -133        r
468     -795    -133        r
469     -795    -133        r
470     -795    -133        r
471     -795    -133        r
472     -795    -133        f
473     -864    -100        f
474     -930    -69        f
475     -994    -40        f
476     -1054    -11        f
477     -1111    15        f
478     -1166    40        f
479     -1219    65        f
480     -1269    89        f
481     -1317    111        f
482     -1362    133        f
483     -1406    153        f
484     -1448    173        f
485     -1488    192        f
486     -1526    210        f
487     -1562    227        f
488     -1596    243        f
489     -1630    258        f
490     -1661    273        f
491     -1691    288        f
492     -1720    301        f
493     -1748    314        f
494     -1773    327        f
495     -1798    338        f
496     -1823    350        f
497     -1846    360        f
498     -1868    371        f
499     -1889    381        f
500     -1909    390        f
501     -1928    399        f
502     -1947    408        f
503     -1964    416        f
504     -1980    423        f
505     -1997    430        f
506     -2012    438        f
507     -2026    445        f
508     -2039    451        f
509     -2054    457        f
510     -2066    463        f
511     -2078    469        f
512     -2090    474        f
513     -2101    480        f
514     -2111    484        f
515     -2121    488        f
516     -2131    494        f
517     -2140    498        f
518     -2149    501        f
519     -2157    505        f
520     -2165    509        f
521     -2173    513        f
522     -2180    517        f
523     -2187    520        f
524     -2194    523        f
525     -2200    526        f
526     -2206    529        f
527     -2212    532        f
528     -2217    534        f
529     -2223    537        f
530     -2223    537        l
531     -2223    537        l
532     -2223    537        f
533     -2114    636        f
534     -2011    731        f
535     -1912    821        f
536     -1817    908        f
537     -1727    990        f
538     -1639    1069        f
539     -1558    1145        f
540     -1479    1217        f
541     -1404    1285        f
542     -1333    1351        f
543     -1264    1413        f
544     -1199    1473        f
545     -1136    1530        f
546     -1077    1584        f
547     -1019    1636        f
548     -965    1686        f
549     -913    1732        f
550     -913    1732        r
551     -913    1732        r
552     -913    1732        f
553     -990    1737        f
554     -1063    1741        f
555     -1133    1744        f
556     -1133    1744        l
557     -1133    1744        f
558     -1062    1776        f
559     -994    1807        f
560     -928    1836        f
561     -928    1836        r
562     -867    1864        f
563     -867    1864        r
564     -867    1864        r
565     -867    1864        r
566     -867    1864        r
567     -867    1864        r
568     -867    1864        r
569     -867    1864        r
570     -867    1864        r
571     -808    1891        f
572     -808    1891        r
573     -808    1891        r
574     -808    1891        f
575     -883    1877        f
576     -955    1863        f
577     -955    1863        l
578     -955    1863        f
579     -878    1873        f
580     -807    1884        f
581     -737    1894        f
582     -671    1903        f
583     -671    1903        l
584     -671    1903        r
585     -671    1903        f
586     -741    1809        f
587     -807    1719        f
588     -871    1632        f
589     -931    1551        f
590     -989    1473        f
591     -1044    1398        f
592     -1097    1327        f
593     -1147    1259        f
594     -1195    1194        f
595     -1241    1131        f
596     -1285    1072        f
597     -1327    1015        f
598     -1367    961        f
599     -1405    909        f
