step   ball_X    ball_Y    side
0     0    0        f
0     0    0        f
0     0    0        f
0     0    0        f
0     0    0        f
0     0    0        f
0     0    0        f
0     0    0        f
0     0    0        f
0     0    0        f
0     0    0        f
0     0    0        f
0     0    0        f
0     0    0        f
0     0    0        f
0     0    0        f
0     0    0        f
0     0    0        f
0     0    0        f
0     0    0        f
0     0    0        f
0     0    0        f
0     0    0        f
0     0    0        f
0     0    0        f
0     0    0        f
0     0    0        f
0     0    0        f
0     0    0        f
0     0    0        f
0     0    0        f
0     0    0        f
0     0    0        f
0     0    0        f
0     0    0        f
0     0    0        f
0     0    0        f
0     0    0        f
0     0    0        f
0     0    0        f
0     0    0        f
0     0    0        f
0     0    0        f
0     0    0        f
0     0    0        f
0     0    0        f
0     0    0        f
0     0    0        f
0     0    0        f
0     0    0        f
0     0    0        f
0     0    0        f
0     0    0        f
0     0    0        f
0     0    0        f
0     0    0        f
0     0    0        f
0     0    0        f
0     0    0        f
0     0    0        f
0     0    0        f
0     0    0        f
0     0    0        f
0     0    0        f
0     0    0        f
0     0    0        f
0     0    0        f
0     0    0        f
0     0    0        f
0     0    0        f
0     0    0        f
0     0    0        f
0     0    0        f
0     0    0        f
0     0    0        f
0     0    0        f
0     0    0        f
0     0    0        f
0     0    0        f
0     0    0        f
0     0    0        f
0     0    0        f
0     0    0        f
0     0    0        f
0     0    0        f
0     0    0        f
0     0    0        f
0     0    0        f
0     0    0        f
0     0    0        f
0     0    0        f
0     0    0        f
0     0    0        f
0     0    0        f
0     0    0        f
0     0    0        f
0     0    0        f
0     0    0        f
0     0    0        f
0     0    0        f
0     0    0        f
1     0    0        f
2     0    0        f
3     0    0        f
4     0    0        f
5     0    0        f
6     0    0        f
7     0    0        f
8     0    0        f
9     0    0        f
10     0    0        f
11     0    0        f
12     0    0        f
13     0    0        f
14     0    0        f
15     0    0        f
16     0    0        f
17     0    0        f
18     0    0        f
19     0    0        f
20     0    0        f
21     0    0        f
22     0    0        f
23     0    0        f
24     0    0        f
25     0    0        f
26     0    0        f
27     0    0        f
28     0    0        f
29     0    0        f
30     0    0        f
31     0    0        f
32     0    0        f
33     0    0        f
34     0    0        f
35     0    0        f
36     0    0        f
37     0    0        f
38     0    0        f
39     0    0        f
40     0    0        f
41     0    0        f
42     0    0        f
43     0    0        f
44     0    0        f
45     0    0        f
46     0    0        f
47     0    0        f
48     0    0        f
49     0    0        f
50     0    0        f
51     0    0        f
52     0    0        f
53     0    0        f
54     0    0        f
55     0    0        f
56     0    0        f
57     0    0        f
58     0    0        f
59     0    0        f
60     0    0        f
61     0    0        f
62     0    0        f
63     0    0        f
64     0    0        f
65     0    0        f
66     0    0        f
67     0    0        f
68     0    0        f
69     0    0        f
70     0    0        f
71     0    0        f
72     0    0        f
73     0    0        f
74     0    0        f
75     0    0        f
76     0    0        f
77     0    0        f
78     0    0        f
79     0    0        f
80     0    0        f
81     0    0        f
82     0    0        f
83     0    0        f
84     0    0        f
85     0    0        f
86     0    0        f
87     0    0        f
88     0    0        f
89     0    0        f
90     0    0        f
91     0    0        f
92     0    0        f
93     0    0        f
94     0    0        f
95     0    0        f
96     0    0        f
97     0    0        f
98     0    0        f
99     0    0        f
100     0    0        f
101     0    0        f
102     0    0        f
103     0    0        f
104     0    0        f
105     0    0        l
106     0    0        l
107     0    0        l
108     0    0        l
109     0    0        l
110     0    0        l
111     0    0        l
112     0    0        l
113     0    0        l
114     0    0        l
115     0    0        l
116     0    0        f
117     72    24        f
118     141    47        f
119     206    69        f
120     206    69        r
121     206    69        r
122     206    69        r
123     206    69        r
124     206    69        f
125     137    100        f
126     71    130        f
127     7    158        f
128     -53    185        f
129     -111    211        f
130     -167    235        f
131     -220    258        f
132     -270    281        f
133     -319    302        f
134     -365    322        f
135     -409    342        f
136     -451    360        f
137     -492    378        f
138     -530    395        f
139     -567    411        f
140     -602    426        f
141     -636    441        f
142     -668    455        f
143     -699    469        f
144     -728    482        f
145     -756    494        f
146     -783    505        f
147     -808    517        f
148     -832    527        f
149     -856    537        f
150     -877    547        f
151     -899    556        f
152     -919    565        f
153     -939    574        f
154     -957    582        f
155     -975    590        f
156     -992    597        f
157     -1008    604        f
158     -1023    611        f
159     -1038    617        f
160     -1052    623        f
161     -1065    629        f
162     -1078    635        f
163     -1090    640        f
164     -1102    645        f
165     -1113    650        f
166     -1123    655        f
167     -1133    659        f
168     -1143    663        f
169     -1152    667        f
170     -1161    671        f
171     -1170    675        f
172     -1178    679        f
173     -1185    682        f
174     -1193    685        f
175     -1200    688        f
176     -1206    691        f
177     -1213    694        f
178     -1219    697        f
179     -1225    699        f
180     -1230    702        f
181     -1236    704        f
182     -1241    706        f
183     -1246    708        f
184     -1250    710        f
185     -1255    712        f
186     -1259    714        f
187     -1263    716        f
188     -1267    718        f
189     -1270    719        f
190     -1274    721        f
191     -1277    722        f
192     -1281    724        f
193     -1284    725        f
194     -1287    726        f
195     -1289    727        f
196     -1292    729        f
197     -1295    730        f
198     -1297    731        f
199     -1299    732        f
200     -1302    733        f
201     -1304    734        f
202     -1306    735        f
203     -1308    735        f
204     -1309    736        f
205     -1311    737        f
206     -1313    738        f
207     -1315    738        f
208     -1316    739        f
209     -1318    740        f
210     -1319    740        f
211     -1320    741        f
212     -1322    741        f
213     -1323    742        f
214     -1324    743        f
215     -1325    743        f
216     -1326    743        f
217     -1326    743        r
218     -1326    743        r
219     -1326    743        r
220     -1326    743        f
221     -1326    743        f
222     -1326    743        f
223     -1326    743        f
224     -1326    743        f
225     -1326    743        f
226     -1326    743        f
227     -1326    743        f
228     -1326    743        f
229     -1326    743        f
230     -1326    743        f
231     -1326    743        f
232     -1326    743        f
233     -1326    743        f
234     -1326    743        f
235     -1326    743        f
236     -1326    743        l
237     -1326    743        l
238     -1326    743        f
239     -1250    741        f
240     -1177    740        f
241     -1107    738        f
242     -1040    736        f
243     -977    734        f
244     -916    733        f
245     -858    731        f
246     -802    730        f
247     -750    728        f
248     -699    727        f
249     -651    726        f
250     -605    724        f
251     -561    723        f
252     -519    722        f
253     -479    721        f
254     -440    720        f
255     -404    719        f
256     -369    718        f
257     -335    717        f
258     -303    716        f
259     -273    715        f
260     -244    715        f
261     -216    714        f
262     -189    713        f
263     -164    713        f
264     -140    712        f
265     -115    711        f
266     -115    711        r
267     -115    711        r
268     -115    711        r
269     -115    711        f
270     -115    711        f
271     -115    711        f
272     -115    711        f
273     -115    711        f
274     -115    711        f
275     -115    711        f
276     -115    711        f
277     -115    711        f
278     -115    711        f
279     -115    711        f
280     -115    711        f
281     -115    711        f
282     -115    711        f
283     -115    711        f
284     -115    711        f
285     -115    711        f
286     -115    711        f
287     -115    711        f
288     -115    711        f
289     -115    711        f
290     -115    711        f
291     -115    711        f
292     -115    711        f
293     -115    711        f
294     -115    711        f
295     -115    711        f
296     -115    711        f
297     -115    711        f
298     -115    711        f
299     -115    711        f
300     -115    711        l
301     -115    711        l
302     -115    711        f
303     -42    727        f
304     28    741        f
305     97    755        f
306     163    768        f
307     225    781        f
308     285    793        f
309     341    805        f
310     396    816        f
311     447    827        f
312     497    836        f
313     544    846        f
314     589    856        f
315     633    864        f
316     674    873        f
317     713    881        f
318     751    889        f
319     786    896        f
320     821    902        f
321     852    910        f
322     884    916        f
323     914    922        f
324     943    927        f
325     969    933        f
326     996    939        f
327     1019    944        f
328     1044    949        f
329     1067    952        f
330     1088    958        f
331     1088    958        l
332     1088    958        l
333     1088    958        f
334     1163    974        f
335     1234    990        f
336     1302    1006        f
337     1367    1019        f
338     1430    1034        f
339     1489    1047        f
340     1546    1060        f
341     1600    1072        f
342     1652    1083        f
343     1701    1094        f
344     1748    1105        f
345     1793    1115        f
346     1836    1124        f
347     1877    1134        f
348     1916    1142        f
349     1954    1151        f
350     1989    1159        f
351     2023    1166        f
352     2056    1174        f
353     2087    1181        f
354     2117    1187        f
355     2146    1193        f
356     2173    1199        f
357     2199    1205        f
358     2223    1211        f
359     2247    1216        f
360     2270    1221        f
361     2291    1226        f
362     2312    1230        f
363     2332    1235        f
364     2350    1239        f
365     2368    1243        f
366     2386    1247        f
367     2402    1250        f
368     2418    1254        f
369     2433    1257        f
370     2447    1260        f
371     2461    1263        f
372     2474    1266        f
373     2486    1269        f
374     2498    1272        f
375     2509    1274        f
376     2520    1277        f
377     2531    1279        f
378     2540    1281        f
379     2550    1283        f
380     2559    1285        f
381     2567    1287        f
382     2576    1289        f
383     2584    1291        f
384     2591    1292        f
385     2598    1294        f
386     2605    1295        f
387     2612    1297        f
388     2612    1297        r
389     2612    1297        r
390     2612    1297        r
391     2612    1297        f
392     2550    1251        f
393     2492    1207        f
394     2436    1165        f
395     2383    1125        f
396     2332    1087        f
397     2283    1051        f
398     2237    1016        f
399     2192    983        f
400     2150    951        f
401     2109    921        f
402     2071    892        f
403     2034    864        f
404     1998    836        f
405     1964    811        f
406     1932    788        f
407     1902    765        f
408     1872    743        f
409     1844    722        f
410     1818    702        f
411     1792    683        f
412     1768    665        f
413     1744    647        f
414     1722    630        f
415     1701    614        f
416     1680    599        f
417     1661    585        f
418     1643    571        f
419     1625    558        f
420     1607    545        f
421     1592    533        f
422     1577    521        f
423     1562    509        f
424     1548    500        f
425     1534    490        f
426     1522    480        f
427     1509    471        f
428     1498    462        f
429     1487    454        f
430     1476    446        f
431     1466    438        f
432     1456    430        f
433     1447    424        f
434     1438    418        f
435     1438    418        r
436     1438    418        r
437     1438    418        r
438     1438    418        f
439     1357    291        f
440     1280    170        f
441     1207    55        f
442     1137    -55        f
443     1070    -160        f
444     1006    -260        f
445     944    -356        f
446     886    -448        f
447     886    -448        r
448     886    -448        r
449     886    -448        f
450     815    -475        f
451     746    -500        f
452     681    -524        f
453     618    -547        f
454     558    -569        f
455     501    -590        f
456     447    -611        f
457     395    -630        f
458     345    -648        f
459     298    -666        f
460     252    -682        f
461     210    -698        f
462     168    -714        f
463     129    -728        f
464     91    -742        f
465     55    -756        f
466     21    -768        f
467     -11    -780        f
468     -42    -792        f
469     -72    -802        f
470     -101    -814        f
471     -128    -824        f
472     -154    -833        f
473     -179    -843        f
474     -202    -851        f
475     -225    -860        f
476     -247    -868        f
477     -268    -875        f
478     -288    -883        f
479     -306    -890        f
480     -324    -896        f
481     -342    -902        f
482     -358    -909        f
483     -374    -915        f
484     -389    -919        f
485     -403    -926        f
486     -417    -931        f
487     -430    -935        f
488     -442    -940        f
489     -454    -944        f
490     -466    -949        f
491     -476    -952        f
492     -487    -957        f
493     -497    -960        f
494     -505    -964        f
495     -515    -967        f
496     -524    -969        f
497     -532    -973        f
498     -540    -976        f
499     -548    -978        f
500     -555    -982        f
501     -562    -984        f
502     -568    -986        f
503     -568    -986        l
504     -568    -986        l
505     -568    -986        l
506     -568    -986        l
507     -568    -986        f
508     -495    -964        f
509     -426    -942        f
510     -359    -922        f
511     -295    -902        f
512     -235    -883        f
513     -177    -865        f
514     -121    -848        f
515     -68    -831        f
516     -18    -816        f
517     28    -801        f
518     75    -786        f
519     119    -773        f
520     161    -760        f
521     200    -747        f
522     240    -735        f
523     276    -724        f
524     311    -713        f
525     345    -703        f
526     377    -693        f
527     407    -684        f
528     436    -675        f
529     463    -666        f
530     491    -658        f
531     516    -650        f
532     540    -642        f
533     563    -635        f
534     586    -628        f
535     607    -622        f
536     627    -616        f
537     646    -610        f
538     665    -604        f
539     682    -599        f
540     699    -594        f
541     699    -594        r
542     699    -594        r
543     699    -594        f
544     628    -622        f
545     560    -649        f
546     495    -674        f
547     433    -699        f
548     374    -722        f
549     317    -744        f
550     263    -766        f
551     212    -786        f
552     162    -806        f
553     114    -824        f
554     70    -842        f
555     28    -859        f
556     -12    -875        f
557     -52    -890        f
558     -89    -905        f
559     -125    -919        f
560     -159    -933        f
561     -191    -946        f
562     -222    -958        f
563     -252    -969        f
564     -280    -981        f
565     -307    -991        f
566     -333    -1002        f
567     -357    -1011        f
568     -381    -1021        f
569     -403    -1030        f
570     -425    -1038        f
571     -445    -1046        f
572     -465    -1054        f
573     -484    -1061        f
574     -501    -1068        f
575     -519    -1075        f
576     -535    -1082        f
577     -550    -1088        f
578     -565    -1094        f
579     -579    -1099        f
580     -579    -1099        l
581     -579    -1099        f
582     -513    -1061        f
583     -450    -1024        f
584     -390    -989        f
585     -332    -956        f
586     -277    -924        f
587     -225    -894        f
588     -174    -864        f
589     -127    -836        f
590     -81    -810        f
591     -37    -785        f
592     4    -760        f
593     43    -737        f
594     81    -715        f
595     118    -694        f
596     152    -674        f
597     185    -654        f
598     217    -636        f
599     247    -618        f
600     276    -601        f
601     303    -585        f
602     330    -570        f
603     355    -555        f
604     379    -541        f
605     379    -541        l
606     379    -541        l
607     379    -541        f
608     443    -600        f
609     504    -656        f
610     562    -710        f
611     618    -761        f
612     671    -810        f
613     722    -857        f
614     771    -901        f
615     817    -944        f
616     861    -985        f
617     861    -985        l
618     861    -985        f
619     931    -952        f
620     998    -922        f
621     1061    -893        f
622     1121    -866        f
623     1179    -839        f
624     1235    -814        f
625     1287    -790        f
626     1338    -767        f
627     1386    -745        f
628     1432    -724        f
629     1476    -704        f
630     1518    -685        f
631     1558    -667        f
632     1597    -649        f
633     1632    -633        f
634     1668    -617        f
635     1702    -602        f
636     1734    -587        f
637     1764    -573        f
638     1793    -560        f
639     1821    -547        f
640     1847    -535        f
641     1873    -524        f
642     1897    -513        f
643     1920    -501        f
644     1942    -492        f
645     1963    -483        f
646     1982    -473        f
647     2002    -465        f
648     2021    -455        f
649     2038    -448        f
650     2055    -441        f
651     2071    -433        f
652     2086    -426        f
653     2101    -420        f
654     2115    -413        f
655     2128    -407        f
656     2141    -401        f
657     2141    -401        r
658     2141    -401        r
659     2141    -401        r
660     2141    -401        r
661     2141    -401        r
662     2141    -401        r
663     2141    -401        r
664     2141    -401        r
665     2141    -401        r
666     2141    -401        r
667     2141    -401        r
668     2141    -401        r
669     2153    -396        f
670     2153    -396        r
671     2165    -391        f
672     2165    -391        r
673     2176    -386        f
674     2176    -386        r
675     2186    -381        f
676     2196    -377        f
677     2196    -377        r
678     2206    -372        f
679     2206    -372        r
680     2215    -368        f
681     2215    -368        r
682     2224    -364        f
683     2224    -364        r
684     2224    -364        r
685     2232    -360        f
686     2232    -360        r
687     2232    -360        r
688     2232    -360        r
689     2232    -360        l
690     2232    -360        l
691     2232    -360        f
692     2232    -360        r
693     2232    -360        r
694     2232    -360        r
695     2232    -360        r
696     2232    -360        r
697     2232    -360        r
698     2232    -360        r
699     2232    -360        r
700     2232    -360        r
701     2232    -360        r
702     2232    -360        r
703     2232    -360        r
704     2232    -360        r
705     2232    -360        r
706     2232    -360        r
707     2232    -360        r
708     2232    -360        r
709     2232    -360        r
710     2232    -360        r
711     2232    -360        f
712     2164    -394        f
713     2098    -425        f
714     2035    -455        f
715     1975    -484        f
716     1918    -513        f
717     1863    -539        f
718     1811    -564        f
719     1761    -589        f
720     1714    -612        f
721     1668    -634        f
722     1625    -655        f
723     1583    -675        f
724     1544    -694        f
725     1506    -713        f
726     1469    -730        f
727     1435    -747        f
728     1402    -763        f
729     1370    -778        f
730     1340    -793        f
731     1312    -807        f
732     1284    -819        f
733     1258    -833        f
734     1233    -844        f
735     1209    -857        f
736     1186    -868        f
737     1164    -877        f
738     1143    -888        f
739     1124    -898        f
740     1105    -907        f
741     1086    -916        f
742     1069    -925        f
743     1052    -933        f
744     1037    -940        f
745     1022    -948        f
746     1007    -955        f
747     993    -961        f
748     980    -968        f
749     968    -974        f
750     956    -980        f
751     944    -985        f
752     933    -990        f
753     923    -996        f
754     913    -1000        f
755     902    -1005        f
756     894    -1009        f
757     886    -1014        f
758     877    -1018        f
759     869    -1022        f
760     861    -1025        f
761     855    -1029        f
762     848    -1032        f
763     841    -1035        f
764     835    -1038        f
765     828    -1041        f
766     823    -1044        f
767     818    -1047        f
768     813    -1049        f
769     808    -1052        f
770     802    -1054        f
771     802    -1054        r
772     802    -1054        r
773     802    -1054        r
774     802    -1054        f
775     741    -1010        f
776     681    -967        f
777     624    -927        f
778     570    -888        f
779     518    -851        f
780     469    -816        f
781     421    -782        f
782     376    -750        f
783     333    -719        f
784     292    -690        f
785     252    -662        f
786     215    -635        f
787     179    -610        f
788     145    -585        f
789     112    -562        f
790     80    -540        f
791     51    -519        f
792     22    -498        f
793     -4    -479        f
794     -30    -459        f
795     -55    -443        f
796     -79    -426        f
797     -102    -409        f
798     -123    -394        f
799     -144    -380        f
800     -164    -366        f
801     -183    -352        f
802     -200    -339        f
803     -218    -327        f
804     -234    -315        f
805     -250    -304        f
806     -265    -294        f
807     -279    -283        f
808     -293    -274        f
809     -306    -264        f
810     -319    -256        f
811     -331    -247        f
812     -342    -239        f
813     -353    -231        f
814     -363    -224        f
815     -373    -217        f
816     -383    -210        f
817     -392    -204        f
818     -400    -197        f
819     -409    -192        f
820     -416    -186        f
821     -424    -181        f
822     -430    -175        f
823     -438    -171        f
824     -445    -166        f
825     -451    -161        f
826     -457    -157        f
827     -457    -157        r
828     -457    -157        r
829     -457    -157        r
830     -457    -157        f
831     -531    -177        f
832     -601    -197        f
833     -601    -197        l
834     -601    -197        l
835     -601    -197        f
836     -525    -195        f
837     -451    -194        f
838     -382    -193        f
839     -315    -192        f
840     -250    -191        f
841     -190    -190        f
842     -132    -189        f
843     -77    -188        f
844     -23    -187        f
845     26    -186        f
846     75    -185        f
847     121    -184        f
848     165    -184        f
849     206    -183        f
850     247    -182        f
851     286    -182        f
852     322    -181        f
853     357    -180        f
854     391    -180        f
855     423    -179        f
856     453    -179        f
857     482    -178        f
858     509    -178        f
859     537    -177        f
860     562    -177        f
861     586    -176        f
862     609    -176        f
863     631    -176        f
864     652    -175        f
865     672    -175        f
866     692    -175        f
867     710    -174        f
868     727    -174        f
869     744    -174        f
870     760    -173        f
871     775    -173        f
872     790    -173        f
873     803    -173        f
874     817    -172        f
875     830    -172        f
876     842    -172        f
877     853    -172        f
878     865    -172        f
879     875    -171        f
880     885    -171        f
881     894    -171        f
882     903    -171        f
883     913    -171        f
884     921    -171        f
885     928    -170        f
886     936    -170        f
887     944    -170        f
888     951    -170        f
889     958    -170        f
890     958    -170        r
891     958    -170        r
892     958    -170        r
893     958    -170        r
894     958    -170        f
895     882    -178        f
896     809    -186        f
897     740    -193        f
898     674    -200        f
899     610    -206        f
900     550    -214        f
901     492    -220        f
902     437    -225        f
903     384    -231        f
904     334    -237        f
905     286    -242        f
906     240    -247        f
907     196    -252        f
908     155    -256        f
909     114    -260        f
910     77    -264        f
911     40    -268        f
912     5    -272        f
913     -27    -276        f
914     -57    -279        f
915     -57    -279        l
916     -57    -279        l
917     -57    -279        l
918     -57    -279        l
919     -89    -282        f
920     -89    -282        l
921     -89    -282        l
922     -89    -282        l
923     -89    -282        l
924     -89    -282        l
925     -89    -282        l
926     -89    -282        l
927     -89    -282        l
928     -89    -282        l
929     -89    -282        l
930     -89    -282        l
931     -89    -282        l
932     -89    -282        l
933     -89    -282        l
934     -89    -282        l
935     -89    -282        l
936     -89    -282        l
937     -89    -282        l
938     -89    -282        l
939     -89    -282        l
940     -89    -282        l
941     -89    -282        l
942     -89    -282        l
943     -89    -282        l
944     -89    -282        l
945     -89    -282        l
946     -89    -282        l
947     -89    -282        l
948     -89    -282        l
949     -89    -282        l
950     -89    -282        l
951     -89    -282        l
952     -89    -282        l
953     -89    -282        l
954     -89    -282        l
955     -89    -282        l
956     -89    -282        l
957     -89    -282        l
958     -89    -282        l
959     -89    -282        l
960     -89    -282        l
961     -89    -282        l
962     -89    -282        l
963     -89    -282        l
964     -89    -282        l
965     -89    -282        l
966     -89    -282        f
967     -14    -296        f
968     56    -310        f
969     126    -323        f
970     191    -335        f
971     254    -347        f
972     313    -358        f
973     370    -369        f
974     425    -379        f
975     476    -389        f
976     527    -398        f
977     574    -407        f
978     619    -415        f
979     663    -424        f
980     704    -430        f
981     743    -438        f
982     781    -446        f
983     817    -451        f
984     851    -459        f
985     884    -465        f
986     915    -471        f
987     944    -476        f
988     974    -482        f
989     1001    -487        f
990     1027    -492        f
991     1052    -497        f
992     1076    -501        f
993     1099    -505        f
994     1120    -509        f
995     1141    -513        f
996     1161    -517        f
997     1180    -521        f
998     1198    -524        f
999     1215    -527        f
1000     1215    -527        r
1001     1215    -527        r
1002     1215    -527        f
1003     1075    -580        f
1004     940    -631        f
1005     811    -679        f
1006     811    -679        l
1007     811    -679        l
1008     811    -679        f
1009     889    -674        f
1010     961    -669        f
1011     1031    -664        f
1012     1098    -660        f
1013     1161    -656        f
1014     1222    -652        f
1015     1280    -648        f
1016     1335    -644        f
1017     1388    -641        f
1018     1438    -637        f
1019     1486    -634        f
1020     1532    -631        f
1021     1576    -628        f
1022     1618    -625        f
1023     1657    -623        f
1024     1696    -620        f
1025     1732    -618        f
1026     1768    -615        f
1027     1801    -613        f
1028     1832    -611        f
1029     1864    -609        f
1030     1893    -607        f
1031     1921    -605        f
1032     1947    -603        f
1033     1972    -602        f
1034     1997    -600        f
1035     2020    -599        f
1036     2042    -597        f
1037     2063    -596        f
1038     2083    -594        f
1039     2102    -593        f
1040     2120    -592        f
1041     2138    -591        f
1042     2155    -590        f
1043     2171    -589        f
1044     2186    -588        f
1045     2200    -587        f
1046     2214    -586        f
1047     2228    -585        f
1048     2240    -584        f
1049     2252    -583        f
1050     2264    -582        f
1051     2275    -582        f
1052     2286    -581        f
1053     2296    -580        f
1054     2305    -580        f
1055     2314    -579        f
1056     2323    -578        f
1057     2332    -578        f
1058     2340    -577        f
1059     2347    -577        f
1060     2355    -576        f
1061     2362    -576        f
1062     2368    -576        f
1063     2375    -575        f
1064     2381    -575        f
1065     2386    -574        f
1066     2392    -574        f
1067     2397    -574        f
1068     2402    -573        f
1069     2407    -573        f
1070     2407    -573        r
1071     2407    -573        r
1072     2407    -573        r
1073     2407    -573        f
1074     2330    -539        f
1075     2257    -507        f
1076     2186    -476        f
1077     2186    -476        l
1078     2186    -476        l
1079     2186    -476        l
1080     2186    -476        l
1081     2186    -476        l
1082     2186    -476        l
1083     2186    -476        l
1084     2186    -476        l
1085     2119    -448        f
1086     2055    -420        f
1087     1994    -393        f
1088     1936    -368        f
1089     1880    -344        f
1090     1827    -320        f
1091     1776    -298        f
1092     1727    -277        f
1093     1680    -257        f
1094     1637    -238        f
1095     1595    -219        f
1096     1554    -202        f
1097     1516    -185        f
1098     1479    -169        f
1099     1444    -153        f
1100     1410    -139        f
1101     1378    -125        f
1102     1348    -112        f
1103     1319    -99        f
1104     1291    -87        f
1105     1264    -75        f
1106     1239    -64        f
1107     1215    -54        f
1108     1191    -43        f
1109     1169    -34        f
1110     1148    -25        f
1111     1128    -16        f
1112     1109    -7        f
1113     1090    0        f
1114     1073    7        f
1115     1056    15        f
1116     1040    22        f
1117     1025    28        f
1118     1010    35        f
1119     996    41        f
1120     983    47        f
1121     969    52        f
1122     958    56        f
1123     947    62        f
1124     936    67        f
1125     925    72        f
1126     915    76        f
1127     905    81        f
1128     896    85        f
1129     886    88        f
1130     878    92        f
1131     871    96        f
1132     863    99        f
1133     856    102        f
1134     849    105        f
1135     842    108        f
1136     836    111        f
1137     830    113        f
1138     824    115        f
1139     818    119        f
1140     813    121        f
1141     808    123        f
1142     802    125        f
1143     798    127        f
1144     798    127        r
1145     798    127        r
1146     798    127        r
1147     798    127        f
1148     724    145        f
1149     653    163        f
1150     585    179        f
1151     521    195        f
1152     459    210        f
1153     400    224        f
1154     343    238        f
1155     289    250        f
1156     238    264        f
1157     189    276        f
1158     141    287        f
1159     96    298        f
1160     54    309        f
1161     12    319        f
1162     -26    328        f
1163     -63    337        f
1164     -99    346        f
1165     -133    354        f
1166     -165    362        f
1167     -197    370        f
1168     -225    377        f
1169     -254    384        f
1170     -282    390        f
1171     -308    397        f
1172     -332    403        f
1173     -356    408        f
1174     -379    413        f
1175     -400    419        f
1176     -421    424        f
1177     -440    429        f
1178     -459    434        f
1179     -476    438        f
1180     -494    442        f
1181     -509    446        f
1182     -526    450        f
1183     -541    453        f
1184     -555    457        f
1185     -569    459        f
1186     -582    463        f
1187     -594    466        f
1188     -606    469        f
1189     -617    472        f
1190     -628    475        f
1191     -638    476        f
1192     -648    479        f
1193     -658    482        f
1194     -667    484        f
1195     -667    484        l
1196     -667    484        f
1197     -595    457        f
1198     -526    432        f
1199     -461    407        f
1200     0    0        f
1200     0    0        f
1200     0    0        f
1200     0    0        f
1200     0    0        f
1200     0    0        f
1200     0    0        f
1200     0    0        f
1200     0    0        f
1200     0    0        f
1200     0    0        f
1200     0    0        f
1200     0    0        f
1200     0    0        f
1200     0    0        f
1200     0    0        f
1200     0    0        f
1200     0    0        f
1200     0    0        f
1200     0    0        f
1200     0    0        f
1200     0    0        f
1200     0    0        f
1200     0    0        f
1200     0    0        f
1200     0    0        f
1200     0    0        f
1200     0    0        f
1200     0    0        f
1200     0    0        f
1200     0    0        f
1200     0    0        f
1200     0    0        f
1200     0    0        f
1200     0    0        f
1200     0    0        f
1200     0    0        f
1200     0    0        f
1200     0    0        f
1200     0    0        f
1200     0    0        f
1200     0    0        f
1200     0    0        f
1200     0    0        f
1200     0    0        f
1200     0    0        f
1200     0    0        f
1200     0    0        f
1200     0    0        f
1200     0    0        f
1200     0    0        f
1200     0    0        f
1200     0    0        f
1200     0    0        f
1200     0    0        f
1200     0    0        f
1200     0    0        f
1200     0    0        f
1200     0    0        f
1200     0    0        f
1200     0    0        f
1200     0    0        f
1200     0    0        f
1200     0    0        f
1200     0    0        f
1200     0    0        f
1200     0    0        f
1200     0    0        f
1200     0    0        f
1200     0    0        f
1200     0    0        f
1200     0    0        f
1200     0    0        f
1200     0    0        f
1200     0    0        f
1200     0    0        f
1200     0    0        f
1200     0    0        f
1200     0    0        f
1200     0    0        f
1200     0    0        f
1200     0    0        f
1200     0    0        f
1200     0    0        f
1200     0    0        f
1200     0    0        f
1200     0    0        f
1200     0    0        f
1200     0    0        f
1200     0    0        f
1200     0    0        f
1200     0    0        f
1200     0    0        f
1200     0    0        f
1200     0    0        f
1200     0    0        f
1200     0    0        f
1200     0    0        f
1200     0    0        f
1200     0    0        f
1200     0    0        f
1200     0    0        f
1201     0    0        f
1202     0    0        f
1203     0    0        f
1204     0    0        f
1205     0    0        f
1206     0    0        f
1207     0    0        f
1208     0    0        f
1209     0    0        f
1210     0    0        f
1211     0    0        f
1212     0    0        f
1213     0    0        f
1214     0    0        f
1215     0    0        f
1216     0    0        f
1217     0    0        f
1218     0    0        f
1219     0    0        f
1220     0    0        f
1221     0    0        f
1222     0    0        f
1223     0    0        f
1224     0    0        f
1225     0    0        f
1226     0    0        f
1227     0    0        f
1228     0    0        f
1229     0    0        f
1230     0    0        f
1231     0    0        f
1232     0    0        f
1233     0    0        f
1234     0    0        f
1235     0    0        f
1236     0    0        f
1237     0    0        f
1238     0    0        f
1239     0    0        f
1240     0    0        f
1241     0    0        f
1242     0    0        f
1243     0    0        f
1244     0    0        f
1245     0    0        f
1246     0    0        f
1247     0    0        f
1248     0    0        f
1249     0    0        f
1250     0    0        f
1251     0    0        f
1252     0    0        f
1253     0    0        f
1254     0    0        f
1255     0    0        f
1256     0    0        f
1257     0    0        f
1258     0    0        f
1259     0    0        f
1260     0    0        f
1261     0    0        f
1262     0    0        f
1263     0    0        f
1264     0    0        f
1265     0    0        f
1266     0    0        f
1267     0    0        f
1268     0    0        f
1269     0    0        f
1270     0    0        f
1271     0    0        f
1272     0    0        f
1273     0    0        f
1274     0    0        f
1275     0    0        f
1276     0    0        f
1277     0    0        f
1278     0    0        f
1279     0    0        f
1280     0    0        f
1281     0    0        f
1282     0    0        f
1283     0    0        f
1284     0    0        f
1285     0    0        f
1286     0    0        f
1287     0    0        f
1288     0    0        f
1289     0    0        f
1290     0    0        f
1291     0    0        f
1292     0    0        f
1293     0    0        f
1294     0    0        f
1295     0    0        f
1296     0    0        f
1297     0    0        f
1298     0    0        f
1299     0    0        f
1300     0    0        f
1301     0    0        f
1302     0    0        f
1303     0    0        f
1304     0    0        f
1305     0    0        r
1306     0    0        r
1307     0    0        r
1308     0    0        f
1309     -72    -25        f
1310     -141    -48        f
1311     -206    -71        f
1312     -270    -93        f
1313     -330    -113        f
1314     -387    -134        f
1315     -442    -153        f
1316     -494    -171        f
1317     -544    -188        f
1318     -592    -204        f
1319     -638    -221        f
1320     -681    -236        f
1321     -723    -250        f
1322     -763    -264        f
1323     -801    -277        f
1324     -836    -290        f
1325     -871    -302        f
1326     -903    -313        f
1327     -936    -324        f
1328     -966    -335        f
1329     -994    -345        f
1330     -1022    -354        f
1331     -1049    -363        f
1332     -1074    -372        f
1333     -1098    -380        f
1334     -1120    -388        f
1335     -1142    -396        f
1336     -1163    -403        f
1337     -1183    -409        f
1338     -1202    -416        f
1339     -1221    -423        f
1340     -1238    -429        f
1341     -1255    -434        f
1342     -1271    -440        f
1343     -1286    -445        f
1344     -1300    -450        f
1345     -1314    -455        f
1346     -1327    -459        f
1347     -1340    -463        f
1348     -1352    -468        f
1349     -1363    -472        f
1350     -1374    -476        f
1351     -1385    -479        f
1352     -1395    -483        f
1353     -1405    -486        f
1354     -1414    -488        f
1355     -1414    -488        l
1356     -1414    -488        l
1357     -1414    -488        l
1358     -1414    -488        f
1359     -1349    -449        f
1360     -1287    -409        f
1361     -1228    -373        f
1362     -1171    -338        f
1363     -1117    -304        f
1364     -1065    -272        f
1365     -1016    -241        f
1366     -969    -212        f
1367     -924    -184        f
1368     -881    -157        f
1369     -840    -132        f
1370     -801    -107        f
1371     -763    -84        f
1372     -728    -62        f
1373     -694    -41        f
1374     -661    -20        f
1375     -630    -1        f
1376     -630    -1        r
1377     -630    -1        f
1378     -706    -7        f
1379     -779    -12        f
1380     -849    -17        f
1381     -915    -21        f
1382     -978    -26        f
1383     -1040    -30        f
1384     -1097    -35        f
1385     -1153    -38        f
1386     -1206    -42        f
1387     -1256    -46        f
1388     -1304    -49        f
1389     -1350    -53        f
1390     -1394    -56        f
1391     -1437    -59        f
1392     -1477    -62        f
1393     -1515    -64        f
1394     -1552    -67        f
1395     -1587    -69        f
1396     -1620    -72        f
1397     -1652    -74        f
1398     -1682    -76        f
1399     -1711    -78        f
1400     -1739    -80        f
1401     -1766    -82        f
1402     -1791    -84        f
1403     -1814    -86        f
1404     -1838    -87        f
1405     -1860    -89        f
1406     -1880    -91        f
1407     -1902    -92        f
1408     -1921    -93        f
1409     -1939    -95        f
1410     -1957    -96        f
1411     -1973    -97        f
1412     -1989    -98        f
1413     -2004    -99        f
1414     -2004    -99        l
1415     -2004    -99        l
1416     -2004    -99        l
1417     -2004    -99        l
1418     -2004    -99        f
1419     -1930    -76        f
1420     -1862    -55        f
1421     -1795    -34        f
1422     -1732    -14        f
1423     -1671    5        f
1424     -1613    23        f
1425     -1558    40        f
1426     -1505    56        f
1427     -1455    73        f
1428     -1406    88        f
1429     -1360    102        f
1430     -1316    115        f
1431     -1316    115        r
1432     -1316    115        f
1433     -1316    115        f
1434     -1316    115        f
1435     -1316    115        f
1436     -1316    115        f
1437     -1316    115        f
1438     -1316    115        f
1439     -1316    115        f
1440     -1316    115        f
1441     -1316    115        f
1442     -1316    115        f
1443     -1316    115        f
1444     -1316    115        f
1445     -1316    115        f
1446     -1316    115        f
1447     -1316    115        f
1448     -1316    115        f
1449     -1316    115        f
1450     -1316    115        f
1451     -1316    115        f
1452     -1316    115        f
1453     -1316    115        f
1454     -1316    115        f
1455     -1316    115        f
1456     -1316    115        f
1457     -1316    115        f
1458     -1316    115        f
1459     -1316    115        f
1460     -1316    115        f
1461     -1316    115        f
1462     -1316    115        f
1463     -1316    115        f
1464     -1316    115        f
1465     -1316    115        f
1466     -1316    115        f
1467     -1316    115        l
1468     -1316    115        l
1469     -1316    115        f
1470     -1240    123        f
1471     -1168    130        f
1472     -1098    136        f
1473     -1032    143        f
1474     -969    148        f
1475     -908    154        f
1476     -850    159        f
1477     -795    165        f
1478     -742    169        f
1479     -692    174        f
1480     -644    178        f
1481     -598    183        f
1482     -554    187        f
1483     -512    191        f
1484     -472    194        f
1485     -434    198        f
1486     -397    200        f
1487     -363    204        f
1488     -329    208        f
1489     -297    210        f
1490     -267    213        f
1491     -238    216        f
1492     -210    219        f
1493     -184    221        f
1494     -159    223        f
1495     -134    225        f
1496     -111    227        f
1497     -89    229        f
1498     -89    229        r
1499     -89    229        f
1500     -172    104        f
1501     -250    -14        f
1502     -326    -129        f
1503     -398    -238        f
1504     -466    -342        f
1505     -532    -442        f
1506     -594    -537        f
1507     -654    -628        f
1508     -711    -715        f
1509     -766    -797        f
1510     -818    -876        f
1511     -867    -952        f
1512     -915    -1024        f
1513     -960    -1093        f
1514     -1002    -1159        f
1515     -1045    -1222        f
1516     -1084    -1282        f
1517     -1122    -1339        f
1518     -1158    -1394        f
1519     -1192    -1446        f
1520     -1225    -1496        f
1521     -1257    -1544        f
1522     -1286    -1589        f
1523     -1315    -1632        f
1524     -1342    -1673        f
1525     -1368    -1714        f
1526     -1393    -1752        f
1527     -1417    -1788        f
1528     -1417    -1788        r
1529     -1440    -1822        f
1530     -1440    -1822        r
1531     -1440    -1822        f
1532     -1514    -1804        f
1533     -1585    -1787        f
1534     -1653    -1771        f
1535     -1718    -1755        f
1536     -1780    -1741        f
1537     -1839    -1727        f
1538     -1896    -1714        f
1539     -1950    -1701        f
1540     -2001    -1688        f
1541     -2050    -1677        f
1542     -2097    -1666        f
1543     -2142    -1655        f
1544     -2185    -1645        f
1545     -2226    -1635        f
1546     -2265    -1626        f
1547     -2302    -1617        f
1548     -2338    -1607        f
1549     -2372    -1600        f
1550     -2405    -1592        f
1551     -2436    -1585        f
1552     -2465    -1578        f
1553     -2494    -1571        f
1554     -2521    -1565        f
1555     -2547    -1559        f
1556     -2571    -1553        f
1557     -2595    -1547        f
1558     -2617    -1542        f
1559     -2639    -1537        f
1560     -2659    -1532        f
1561     -2679    -1527        f
1562     -2698    -1523        f
1563     -2716    -1518        f
1564     -2733    -1514        f
1565     -2749    -1511        f
1566     -2764    -1507        f
1567     -2779    -1503        f
1568     -2794    -1500        f
1569     -2807    -1497        f
1570     -2820    -1494        f
1571     -2832    -1491        f
1572     -2844    -1488        f
1573     -2856    -1485        f
1574     -2866    -1483        f
1575     -2877    -1480        f
1576     -2887    -1478        f
1577     -2896    -1476        f
1578     -2905    -1473        f
1579     -2914    -1471        f
1580     -2922    -1469        f
1581     -2930    -1468        f
1582     -2937    -1466        f
1583     -2944    -1464        f
1584     -2951    -1463        f
1585     -2957    -1461        f
1586     -2964    -1460        f
1587     -2964    -1460        l
1588     -2964    -1460        l
1589     -2964    -1460        l
1590     -2964    -1460        f
1591     -2896    -1423        f
1592     -2832    -1388        f
1593     -2771    -1355        f
1594     -2712    -1323        f
1595     -2656    -1293        f
1596     -2603    -1264        f
1597     -2552    -1236        f
1598     -2503    -1210        f
1599     -2457    -1185        f
1600     -2413    -1161        f
1601     -2370    -1138        f
1602     -2330    -1116        f
1603     -2291    -1095        f
1604     -2254    -1075        f
1605     -2219    -1056        f
1606     -2185    -1037        f
1607     -2153    -1019        f
1608     -2122    -1002        f
1609     -2093    -986        f
1610     -2065    -972        f
1611     -2038    -958        f
1612     -2013    -944        f
1613     -1988    -931        f
1614     -1964    -918        f
1615     -1943    -906        f
1616     -1921    -894        f
1617     -1901    -883        f
1618     -1882    -873        f
1619     -1863    -863        f
1620     -1845    -852        f
1621     -1828    -844        f
1622     -1812    -835        f
1623     -1797    -827        f
1624     -1782    -819        f
1625     -1768    -811        f
1626     -1755    -803        f
1627     -1742    -797        f
1628     -1730    -791        f
1629     -1718    -784        f
1630     -1707    -778        f
1631     -1696    -773        f
1632     -1696    -773        r
1633     -1696    -773        r
1634     -1696    -773        r
1635     -1696    -773        f
1636     -1754    -722        f
1637     -1809    -674        f
1638     -1809    -674        l
1639     -1809    -674        l
1640     -1809    -674        f
1641     -1732    -667        f
1642     -1660    -660        f
1643     -1590    -654        f
1644     -1524    -648        f
1645     -1460    -642        f
1646     -1400    -636        f
1647     -1342    -631        f
1648     -1287    -626        f
1649     -1235    -621        f
1650     -1184    -616        f
1651     -1136    -612        f
1652     -1090    -607        f
1653     -1047    -603        f
1654     -1005    -599        f
1655     -965    -596        f
1656     -927    -592        f
1657     -891    -589        f
1658     -856    -585        f
1659     -823    -582        f
1660     -791    -579        f
1661     -761    -577        f
1662     -732    -574        f
1663     -704    -571        f
1664     -678    -569        f
1665     -653    -567        f
1666     -629    -564        f
1667     -606    -562        f
1668     -584    -560        f
1669     -563    -558        f
1670     -543    -556        f
1671     -524    -555        f
1672     -505    -553        f
1673     -488    -551        f
1674     -472    -550        f
1675     -455    -548        f
1676     -441    -547        f
1677     -426    -545        f
1678     -412    -544        f
1679     -399    -543        f
1680     -386    -542        f
1681     -374    -541        f
1682     -363    -540        f
1683     -352    -539        f
1684     -341    -538        f
1685     -331    -537        f
1686     -322    -536        f
1687     -313    -535        f
1688     -304    -534        f
1689     -296    -533        f
1690     -288    -533        f
1691     -280    -532        f
1692     -273    -531        f
1693     -266    -531        f
1694     -259    -530        f
1695     -252    -529        f
1696     -247    -529        f
1697     -241    -528        f
1698     -236    -528        f
1699     -229    -527        f
1700     -225    -527        f
1701     -220    -526        f
1702     -216    -526        f
1703     -211    -525        f
1704     -206    -525        f
1705     -202    -525        f
1706     -199    -524        f
1707     -196    -524        f
1708     -192    -524        f
1709     -189    -523        f
1710     -186    -523        f
1711     -186    -523        l
1712     -186    -523        l
1713     -186    -523        l
1714     -186    -523        f
1715     -112    -545        f
1716     -42    -565        f
1717     24    -585        f
1718     88    -604        f
1719     149    -622        f
1720     206    -639        f
1721     263    -655        f
1722     316    -671        f
1723     367    -686        f
1724     416    -700        f
1725     462    -714        f
1726     505    -727        f
1727     548    -740        f
1728     589    -751        f
1729     628    -763        f
1730     664    -774        f
1731     700    -784        f
1732     733    -794        f
1733     766    -802        f
1734     796    -811        f
1735     826    -821        f
1736     853    -828        f
1737     881    -836        f
1738     906    -844        f
1739     930    -852        f
1740     953    -859        f
1741     976    -865        f
1742     997    -871        f
1743     1018    -877        f
1744     1037    -883        f
1745     1055    -888        f
1746     1073    -894        f
1747     1090    -899        f
1748     1106    -902        f
1749     1122    -908        f
1750     1136    -911        f
1751     1150    -916        f
1752     1164    -919        f
1753     1177    -924        f
1754     1189    -927        f
1755     1200    -931        f
1756     1212    -934        f
1757     1222    -936        f
1758     1232    -940        f
1759     1242    -943        f
1760     1251    -946        f
1761     1260    -949        f
1762     1269    -951        f
1763     1277    -952        f
1764     1284    -956        f
1765     1292    -958        f
1766     1299    -960        f
1767     1305    -961        f
1768     1312    -964        f
1769     1318    -966        f
1770     1324    -967        f
1771     1329    -969        f
1772     1335    -971        f
1773     1340    -972        f
1774     1345    -973        f
1775     1349    -975        f
1776     1354    -976        f
1777     1358    -977        f
1778     1362    -978        f
1779     1362    -978        l
1780     1362    -978        l
1781     1362    -978        l
1782     1362    -978        l
1783     1362    -978        r
1784     1362    -978        r
1785     1362    -978        f
1786     1288    -996        f
1787     1217    -1013        f
1788     1149    -1030        f
1789     1084    -1045        f
1790     1022    -1060        f
1791     963    -1074        f
1792     906    -1087        f
1793     852    -1100        f
1794     801    -1113        f
1795     752    -1124        f
1796     705    -1135        f
1797     660    -1146        f
1798     617    -1156        f
1799     576    -1166        f
1800     536    -1176        f
1801     499    -1184        f
1802     463    -1193        f
1803     429    -1201        f
1804     397    -1209        f
1805     366    -1216        f
1806     336    -1223        f
1807     307    -1230        f
1808     280    -1237        f
1809     254    -1243        f
1810     229    -1249        f
1811     206    -1254        f
1812     184    -1260        f
1813     162    -1265        f
1814     142    -1270        f
1815     122    -1274        f
1816     103    -1279        f
1817     85    -1283        f
1818     68    -1287        f
1819     52    -1291        f
1820     36    -1295        f
1821     21    -1298        f
1822     7    -1301        f
1823     -5    -1305        f
1824     -18    -1308        f
1825     -31    -1311        f
1826     -43    -1313        f
1827     -54    -1316        f
1828     -65    -1319        f
1829     -75    -1321        f
1830     -85    -1324        f
1831     -94    -1326        f
1832     -103    -1328        f
1833     -112    -1330        f
1834     -120    -1332        f
1835     -128    -1334        f
1836     -135    -1335        f
1837     -142    -1337        f
1838     -149    -1339        f
1839     -156    -1340        f
1840     -162    -1342        f
1841     -168    -1343        f
1842     -168    -1343        l
1843     -168    -1343        l
1844     -168    -1343        f
1845     -91    -1338        f
1846     -19    -1334        f
1847     50    -1330        f
1848     115    -1325        f
1849     180    -1321        f
1850     241    -1318        f
1851     298    -1314        f
1852     354    -1311        f
1853     407    -1307        f
1854     457    -1304        f
1855     505    -1301        f
1856     552    -1298        f
1857     596    -1296        f
1858     638    -1293        f
1859     678    -1291        f
1860     716    -1288        f
1861     753    -1286        f
1862     788    -1284        f
1863     821    -1282        f
1864     852    -1280        f
1865     884    -1278        f
1866     913    -1276        f
1867     941    -1274        f
1868     967    -1273        f
1869     993    -1271        f
1870     1017    -1270        f
1871     1040    -1268        f
1872     1062    -1267        f
1873     1083    -1265        f
1874     1103    -1264        f
1875     1123    -1263        f
1876     1141    -1262        f
1877     1159    -1261        f
1878     1175    -1260        f
1879     1191    -1259        f
1880     1207    -1258        f
1881     1221    -1257        f
1882     1235    -1256        f
1883     1249    -1255        f
1884     1261    -1254        f
1885     1274    -1254        f
1886     1285    -1253        f
1887     1285    -1253        r
1888     1285    -1253        r
1889     1285    -1253        f
1890     1211    -1236        f
1891     1139    -1219        f
1892     1139    -1219        l
1893     1139    -1219        l
1894     1139    -1219        l
1895     1139    -1219        l
1896     1139    -1219        l
1897     1139    -1219        l
1898     1139    -1219        l
1899     1139    -1219        l
1900     1139    -1219        l
1901     1139    -1219        l
1902     1139    -1219        l
1903     1139    -1219        l
1904     1139    -1219        l
1905     1139    -1219        l
1906     1139    -1219        l
1907     1139    -1219        l
1908     1139    -1219        l
1909     1139    -1219        l
1910     1139    -1219        l
1911     1139    -1219        l
1912     1139    -1219        l
1913     1139    -1219        l
1914     1139    -1219        l
1915     1139    -1219        l
1916     1139    -1219        l
1917     1139    -1219        l
1918     1139    -1219        l
1919     1139    -1219        l
1920     1139    -1219        l
1921     1139    -1219        l
1922     1139    -1219        l
1923     1139    -1219        l
1924     1139    -1219        l
1925     1139    -1219        l
1926     1139    -1219        l
1927     1139    -1219        l
1928     1139    -1219        l
1929     1139    -1219        l
1930     1139    -1219        l
1931     1139    -1219        l
1932     1139    -1219        l
1933     1139    -1219        l
1934     1139    -1219        l
1935     1139    -1219        l
1936     1139    -1219        l
1937     1139    -1219        l
1938     1139    -1219        r
1939     1139    -1219        l
1940     1139    -1219        l
1941     1139    -1219        l
1942     1139    -1219        l
1943     1139    -1219        l
1944     1139    -1219        r
1945     1139    -1219        r
1946     1139    -1219        l
1947     1139    -1219        l
1948     1139    -1219        r
1949     1139    -1219        l
1950     1139    -1219        l
1951     1139    -1219        r
1952     1139    -1219        r
1953     1139    -1219        l
1954     1139    -1219        r
1955     1139    -1219        r
1956     1139    -1219        r
1957     1139    -1219        r
1958     1139    -1219        r
1959     1139    -1219        l
1960     1139    -1219        r
1961     1139    -1219        l
1962     1139    -1219        l
1963     1139    -1219        l
1964     1139    -1219        l
1965     1139    -1219        r
1966     1139    -1219        l
1967     1139    -1219        l
1968     1139    -1219        r
1969     1139    -1219        l
1970     1139    -1219        r
1971     1139    -1219        r
1972     1139    -1219        l
1973     1139    -1219        l
1974     1139    -1219        l
1975     1139    -1219        r
1976     1139    -1219        r
1977     1139    -1219        r
1978     1139    -1219        l
1979     1139    -1219        r
1980     1139    -1219        r
1981     1139    -1219        r
1982     1139    -1219        r
1983     1139    -1219        r
1984     1139    -1219        r
1985     1139    -1219        l
1986     1139    -1219        l
1987     1139    -1219        l
1988     1139    -1219        r
1989     1139    -1219        l
1990     1139    -1219        l
1991     1139    -1219        l
1992     1139    -1219        r
1993     1139    -1219        r
1994     1139    -1219        l
1995     1139    -1219        r
1996     1139    -1219        l
1997     1139    -1219        r
1998     1139    -1219        r
1999     1139    -1219        r
2000     1139    -1219        r
2001     1139    -1219        r
2002     1139    -1219        r
2003     1139    -1219        r
2004     1139    -1219        r
2005     1139    -1219        r
2006     1139    -1219        r
2007     1139    -1219        r
2008     1139    -1219        r
2009     1139    -1219        r
2010     1139    -1219        r
2011     1139    -1219        r
2012     1139    -1219        r
2013     1139    -1219        r
2014     1139    -1219        r
2015     1139    -1219        r
2016     1139    -1219        r
2017     1139    -1219        r
2018     1139    -1219        r
2019     1139    -1219        r
2020     1139    -1219        r
2021     1139    -1219        r
2022     1139    -1219        r
2023     1139    -1219        r
2024     1139    -1219        r
2025     1139    -1219        r
2026     1139    -1219        r
2027     1139    -1219        r
2028     1139    -1219        r
2029     1139    -1219        r
2030     1139    -1219        r
2031     1139    -1219        r
2032     1139    -1219        r
2033     1139    -1219        r
2034     1139    -1219        r
2035     1139    -1219        r
2036     1139    -1219        r
2037     1139    -1219        r
2038     1139    -1219        r
2039     1139    -1219        r
2040     1139    -1219        r
2041     1139    -1219        r
2042     1139    -1219        f
2043     999    -1166        f
2044     865    -1115        f
2045     737    -1066        f
2046     615    -1019        f
2047     499    -975        f
2048     388    -932        f
2049     281    -892        f
2050     180    -852        f
2051     83    -816        f
2052     -8    -780        f
2053     -97    -746        f
2054     -181    -714        f
2055     -262    -683        f
2056     -339    -654        f
2057     -412    -626        f
2058     -483    -599        f
2059     -550    -573        f
2060     -614    -549        f
2061     -675    -525        f
2062     -734    -503        f
2063     -789    -480        f
2064     -843    -461        f
2065     -894    -442        f
2066     -942    -423        f
2067     -989    -405        f
2068     -1033    -388        f
2069     -1076    -372        f
2070     -1116    -357        f
2071     -1155    -342        f
2072     -1192    -328        f
2073     -1227    -314        f
2074     -1260    -302        f
2075     -1292    -289        f
2076     -1323    -278        f
2077     -1352    -266        f
2078     -1380    -256        f
2079     -1407    -245        f
2080     -1432    -236        f
2081     -1457    -225        f
2082     -1480    -217        f
2083     -1502    -209        f
2084     -1523    -200        f
2085     -1544    -193        f
2086     -1563    -186        f
2087     -1581    -179        f
2088     -1599    -172        f
2089     -1616    -165        f
2090     -1632    -159        f
2091     -1647    -153        f
2092     -1647    -153        l
2093     -1647    -153        l
2094     -1647    -153        f
2095     -1574    -23        f
2096     -1504    101        f
2097     -1437    221        f
2098     -1373    334        f
2099     -1312    443        f
2100     -1254    547        f
2101     -1198    646        f
2102     -1145    741        f
2103     -1094    831        f
2104     -1046    918        f
2105     -1000    1000        f
2106     -955    1079        f
2107     -913    1154        f
2108     -873    1226        f
2109     -835    1295        f
2110     -798    1360        f
2111     -763    1423        f
2112     -729    1483        f
2113     -697    1540        f
2114     -666    1594        f
2115     -637    1646        f
2116     -609    1696        f
2117     -583    1744        f
2118     -557    1789        f
2119     -533    1832        f
2120     -509    1873        f
2121     -487    1913        f
2122     -466    1951        f
2123     -446    1987        f
2124     -426    2021        f
2125     -408    2054        f
2126     -390    2085        f
2127     -374    2116        f
2128     -358    2144        f
2129     -342    2172        f
2130     -327    2198        f
2131     -313    2223        f
2132     -300    2247        f
2133     -287    2269        f
2134     -275    2291        f
2135     -264    2312        f
2136     -252    2332        f
2137     -242    2351        f
2138     -231    2369        f
2139     -222    2386        f
2140     -213    2403        f
2141     -204    2419        f
2142     -195    2434        f
2143     -187    2448        f
2144     -180    2462        f
2145     -172    2475        f
2146     -165    2487        f
2147     -159    2499        f
2148     -152    2511        f
2149     -146    2522        f
2150     -140    2532        f
2151     -135    2542        f
2152     -129    2552        f
2153     -124    2561        f
2154     -119    2569        f
2155     -114    2578        f
2156     -110    2585        f
2157     -106    2593        f
2158     -102    2600        f
2159     -98    2607        f
2160     -94    2614        f
2161     -91    2620        f
2162     -88    2626        f
2163     -84    2632        f
2164     -81    2637        f
2165     -78    2642        f
2166     -76    2647        f
2167     -73    2652        f
2168     -70    2657        f
2169     -70    2657        l
2170     -70    2657        l
2171     -70    2657        l
2172     -70    2657        f
2173     4    2643        f
2174     76    2629        f
2175     144    2617        f
2176     210    2605        f
2177     272    2593        f
2178     332    2582        f
2179     389    2571        f
2180     443    2561        f
2181     495    2552        f
2182     545    2543        f
2183     592    2534        f
2184     638    2525        f
2185     681    2517        f
2186     722    2510        f
2187     762    2503        f
2188     799    2496        f
2189     835    2489        f
2190     869    2483        f
2191     902    2476        f
2192     934    2471        f
2193     964    2465        f
2194     993    2460        f
2195     1019    2455        f
2196     1046    2450        f
2197     1071    2445        f
2198     1095    2441        f
2199     1117    2437        f
2200     1139    2433        f
2201     1160    2429        f
2202     1180    2425        f
2203     1199    2422        f
2204     1217    2419        f
2205     1234    2415        f
2206     1250    2412        f
2207     1266    2409        f
2208     1266    2409        l
2209     1266    2409        l
2210     1266    2409        l
2211     1266    2409        l
2212     1266    2409        f
2213     1321    2357        f
2214     1374    2306        f
2215     1425    2258        f
2216     1473    2212        f
2217     1519    2168        f
2218     1563    2126        f
2219     1605    2086        f
2220     1645    2047        f
2221     1682    2011        f
2222     1720    1976        f
2223     1755    1943        f
2224     1788    1911        f
2225     1820    1880        f
2226     1850    1851        f
2227     1879    1823        f
2228     1907    1797        f
2229     1934    1772        f
2230     1959    1747        f
2231     1982    1723        f
2232     2005    1702        f
2233     2028    1680        f
2234     2049    1661        f
2235     2069    1642        f
2236     2089    1623        f
2237     2107    1605        f
2238     2124    1589        f
2239     2141    1573        f
2240     2157    1558        f
2241     2172    1543        f
2242     2187    1529        f
2243     2201    1516        f
2244     2214    1503        f
2245     2227    1491        f
2246     2239    1479        f
2247     2250    1468        f
2248     2261    1458        f
2249     2272    1448        f
2250     2282    1438        f
2251     2292    1429        f
2252     2301    1420        f
2253     2310    1412        f
2254     2318    1404        f
2255     2326    1396        f
2256     2333    1389        f
2257     2341    1382        f
2258     2348    1375        f
2259     2354    1369        f
2260     2361    1363        f
2261     2367    1357        f
2262     2372    1351        f
2263     2378    1346        f
2264     2383    1341        f
2265     2388    1336        f
2266     2393    1331        f
2267     2398    1327        f
2268     2402    1323        f
2269     2406    1319        f
2270     2410    1315        f
2271     2414    1311        f
2272     2418    1308        f
2273     2421    1305        f
2274     2424    1301        f
2275     2428    1298        f
2276     2428    1298        r
2277     2428    1298        r
2278     2428    1298        r
2279     2428    1298        l
2280     2428    1298        l
2281     2428    1298        l
2282     2428    1298        f
2283     2562    1232        f
2284     2690    1168        f
2285     2813    1107        f
2286     2930    1049        f
2287     3041    994        f
2288     3148    941        f
2289     3250    890        f
2290     3347    842        f
2291     3440    796        f
2292     3528    752        f
2293     3613    710        f
2294     3694    670        f
2295     3771    631        f
2296     3845    595        f
2297     3915    560        f
2298     3982    526        f
2299     4047    494        f
2300     4108    463        f
2301     4167    434        f
2302     4223    407        f
2303     4276    380        f
2304     4276    380        r
2305     4276    380        r
2306     4276    380        r
2307     4276    380        r
2308     4276    380        r
2309     4276    380        r
2310     4276    380        r
2311     4276    380        r
2312     4276    380        r
2313     4276    380        r
2314     4276    380        r
2315     4276    380        r
2316     4276    380        r
2317     4276    380        r
2318     4276    380        r
2319     4276    380        r
2320     4276    380        r
2321     4276    380        r
2322     4276    380        r
2323     4276    380        r
2324     4276    380        r
2325     4276    380        r
2326     4276    380        r
2327     4276    380        r
2328     4276    380        r
2329     4276    380        r
2330     4276    380        r
2331     4276    380        r
2332     4276    380        r
2333     4276    380        r
2334     4276    380        r
2335     4276    380        r
2336     4276    380        r
2337     4276    380        r
2338     4276    380        r
2339     4276    380        r
2340     4276    380        r
2341     4276    380        r
2342     4276    380        r
2343     4276    380        r
2344     4276    380        r
2345     4276    380        r
2346     4276    380        r
2347     4276    380        r
2348     4276    380        r
2349     4276    380        r
2350     4276    380        r
2351     4276    380        r
2352     4276    380        r
2353     4276    380        r
2354     4276    380        r
2355     4266    429        r
2356     4262    437        r
2357     4114    343        r
2358     4298    351        r
2359     4131    409        r
2360     4286    301        r
2361     4273    278        r
2362     4186    252        r
2363     4268    256        r
2364     4129    287        r
2365     4307    308        r
2366     4198    387        r
2367     4169    200        r
2368     4147    198        r
2369     4117    227        r
2370     4248    154        r
2371     4225    128        r
2372     4286    178        r
2373     4100    174        r
2374     4113    218        r
2375     4109    200        r
2376     4236    52        r
2377     4084    127        r
2378     4201    -2        r
2379     4245    20        r
2380     4176    -49        r
2381     4181    -68        r
2382     4181    -89        r
2383     4084    49        r
2384     4168    34        r
2385     4044    -120        r
2386     4107    -3        r
2387     4200    -131        r
2388     4161    -74        r
2389     4185    -165        r
2390     4163    -144        r
2391     4008    -158        r
2392     4154    -212        r
2393     4011    -192        r
2394     3960    -278        r
2395     4133    -310        r
2396     3967    -418        r
2397     4097    -325        r
2398     3929    -369        r
2399     4011    -528        r
