step   ball_X    ball_Y    side
0     0    0        f
0     0    0        f
0     0    0        f
0     0    0        f
0     0    0        f
0     0    0        f
0     0    0        f
0     0    0        f
0     0    0        f
0     0    0        f
0     0    0        f
0     0    0        f
0     0    0        f
0     0    0        f
0     0    0        f
0     0    0        f
0     0    0        f
0     0    0        f
0     0    0        f
0     0    0        f
0     0    0        f
0     0    0        f
0     0    0        f
0     0    0        f
0     0    0        f
0     0    0        f
0     0    0        f
0     0    0        f
0     0    0        f
0     0    0        f
0     0    0        f
0     0    0        f
0     0    0        f
0     0    0        f
0     0    0        f
0     0    0        f
0     0    0        f
0     0    0        f
0     0    0        f
0     0    0        f
0     0    0        f
0     0    0        f
0     0    0        f
0     0    0        f
0     0    0        f
0     0    0        f
0     0    0        f
0     0    0        f
0     0    0        f
0     0    0        f
0     0    0        f
0     0    0        f
0     0    0        f
0     0    0        f
0     0    0        f
0     0    0        f
0     0    0        f
0     0    0        f
0     0    0        f
0     0    0        f
0     0    0        f
0     0    0        f
0     0    0        f
0     0    0        f
0     0    0        f
0     0    0        f
0     0    0        f
0     0    0        f
0     0    0        f
0     0    0        f
1     0    0        f
2     0    0        f
3     0    0        f
4     0    0        f
5     0    0        f
6     0    0        f
7     0    0        f
8     0    0        f
9     0    0        f
10     0    0        f
11     0    0        f
12     0    0        f
13     0    0        f
14     0    0        f
15     0    0        f
16     0    0        f
17     0    0        f
18     0    0        f
19     0    0        f
20     0    0        f
21     0    0        f
22     0    0        f
23     0    0        f
24     0    0        f
25     0    0        f
26     0    0        f
27     0    0        f
28     0    0        f
29     0    0        f
30     0    0        f
31     0    0        f
32     0    0        f
33     0    0        f
34     0    0        f
35     0    0        f
36     0    0        f
37     0    0        f
38     0    0        f
39     0    0        f
40     0    0        f
41     0    0        f
42     0    0        f
43     0    0        f
44     0    0        f
45     0    0        f
46     0    0        f
47     0    0        f
48     0    0        f
49     0    0        f
50     0    0        f
51     0    0        f
52     0    0        f
53     0    0        f
54     0    0        f
55     0    0        f
56     0    0        f
57     0    0        f
58     0    0        f
59     0    0        f
60     0    0        f
61     0    0        f
62     0    0        f
63     0    0        f
64     0    0        f
65     0    0        f
66     0    0        f
67     0    0        f
68     0    0        f
69     0    0        f
70     0    0        f
71     0    0        f
72     0    0        f
73     0    0        f
74     0    0        f
75     0    0        f
76     0    0        f
77     0    0        f
78     0    0        f
79     0    0        f
80     0    0        f
81     0    0        f
82     0    0        f
83     0    0        f
84     0    0        f
85     0    0        f
86     0    0        f
87     0    0        f
88     0    0        f
89     0    0        f
90     0    0        f
91     0    0        f
92     0    0        f
93     0    0        f
94     0    0        f
95     0    0        f
96     0    0        f
97     0    0        f
98     0    0        f
99     0    0        f
100     0    0        f
101     0    0        f
102     0    0        f
103     0    0        f
104     0    0        f
105     0    0        l
106     0    0        l
107     0    0        l
108     0    0        l
109     0    0        l
110     0    0        l
111     0    0        l
112     0    0        l
113     0    0        l
114     0    0        l
115     0    0        l
116     0    0        l
117     0    0        l
118     0    0        l
119     0    0        l
120     0    0        l
121     0    0        l
122     0    0        l
123     0    0        l
124     0    0        r
125     0    0        r
126     0    0        l
127     0    0        r
128     0    0        l
129     0    0        l
130     0    0        l
131     0    0        l
132     0    0        l
133     0    0        l
134     0    0        l
135     0    0        l
136     0    0        l
137     0    0        l
138     0    0        l
139     0    0        l
140     0    0        l
141     0    0        l
142     0    0        l
143     0    0        l
144     0    0        l
145     0    0        l
146     0    0        l
147     0    0        l
148     0    0        l
149     0    0        l
150     0    0        l
151     0    0        l
152     0    0        l
153     0    0        l
154     0    0        l
155     0    0        l
156     0    0        l
157     0    0        l
158     0    0        f
159     76    -6        f
160     149    -12        f
161     218    -18        f
162     284    -23        f
163     348    -28        f
164     408    -34        f
165     466    -39        f
166     522    -43        f
167     574    -48        f
168     625    -52        f
169     673    -56        f
170     719    -60        f
171     763    -64        f
172     805    -67        f
173     844    -70        f
174     884    -74        f
175     921    -77        f
176     956    -80        f
177     989    -82        f
178     1021    -85        f
179     1051    -88        f
180     1081    -90        f
181     1108    -92        f
182     1135    -95        f
183     1161    -97        f
184     1185    -99        f
185     1208    -101        f
186     1230    -103        f
187     1251    -104        f
188     1251    -104        r
189     1251    -104        r
190     1251    -104        r
191     1251    -104        f
192     1180    -76        f
193     1112    -50        f
194     1047    -24        f
195     985    0        f
196     926    23        f
197     869    45        f
198     815    66        f
199     763    87        f
200     714    106        f
201     667    125        f
202     622    142        f
203     579    159        f
204     538    176        f
205     499    191        f
206     462    206        f
207     426    220        f
208     392    233        f
209     359    246        f
210     328    258        f
211     299    270        f
212     270    281        f
213     243    292        f
214     217    302        f
215     193    312        f
216     169    321        f
217     146    330        f
218     125    339        f
219     105    347        f
220     85    355        f
221     66    362        f
222     48    369        f
223     31    376        f
224     15    382        f
225     0    389        f
226     -14    394        f
227     -28    400        f
228     -42    405        f
229     -55    411        f
230     -67    415        f
231     -79    420        f
232     -91    425        f
233     -101    429        f
234     -112    433        f
235     -121    437        f
236     -131    441        f
237     -140    444        f
238     -148    448        f
239     -157    451        f
240     -164    454        f
241     -172    457        f
242     -179    459        f
243     -186    462        f
244     -192    465        f
245     -198    467        f
246     -204    470        f
247     -210    472        f
248     -215    474        f
249     -215    474        l
250     -215    474        l
251     -215    474        l
252     -215    474        f
253     -70    509        f
254     68    545        f
255     200    578        f
256     328    609        f
257     449    639        f
258     564    668        f
259     675    695        f
260     780    722        f
261     881    747        f
262     977    770        f
263     1069    793        f
264     1156    815        f
265     1240    836        f
266     1320    856        f
267     1396    874        f
268     1396    874        l
269     1396    874        l
270     1396    874        l
271     1396    874        f
272     1396    874        f
273     1396    874        f
274     1396    874        f
275     1396    874        f
276     1396    874        f
277     1396    874        f
278     1396    874        f
279     1396    874        f
280     1396    874        f
281     1396    874        f
282     1396    874        f
283     1396    874        f
284     1396    874        f
285     1396    874        f
286     1396    874        f
287     1396    874        f
288     1396    874        f
289     1396    874        r
290     1396    874        r
291     1396    874        r
292     1396    874        f
293     1318    747        f
294     1243    625        f
295     1171    508        f
296     1103    397        f
297     1038    290        f
298     975    189        f
299     916    92        f
300     859    0        f
301     805    -89        f
302     753    -173        f
303     704    -254        f
304     656    -330        f
305     611    -404        f
306     568    -474        f
307     527    -541        f
308     488    -605        f
309     450    -666        f
310     413    -725        f
311     380    -781        f
312     347    -834        f
313     316    -885        f
314     286    -933        f
315     258    -980        f
316     231    -1024        f
317     204    -1067        f
318     180    -1107        f
319     156    -1146        f
320     133    -1183        f
321     112    -1218        f
322     112    -1218        r
323     112    -1218        r
324     112    -1218        r
325     112    -1218        f
326     36    -1204        f
327     -34    -1191        f
328     -103    -1179        f
329     -169    -1167        f
330     -231    -1156        f
331     -291    -1145        f
332     -348    -1135        f
333     -403    -1126        f
334     -455    -1116        f
335     -505    -1107        f
336     -552    -1099        f
337     -598    -1091        f
338     -641    -1083        f
339     -683    -1076        f
340     -722    -1069        f
341     -760    -1062        f
342     -796    -1055        f
343     -830    -1049        f
344     -863    -1043        f
345     -863    -1043        l
346     -863    -1043        f
347     -790    -1019        f
348     -721    -997        f
349     -655    -975        f
350     -591    -953        f
351     -531    -934        f
352     -473    -915        f
353     -418    -897        f
354     -366    -880        f
355     -315    -863        f
356     -267    -847        f
357     -221    -832        f
358     -177    -818        f
359     -136    -803        f
360     -96    -791        f
361     -56    -778        f
362     -21    -766        f
363     13    -755        f
364     46    -744        f
365     78    -733        f
366     109    -723        f
367     138    -714        f
368     165    -705        f
369     192    -696        f
370     217    -688        f
371     241    -680        f
372     264    -672        f
373     286    -665        f
374     307    -658        f
375     327    -652        f
376     346    -645        f
377     365    -639        f
378     382    -634        f
379     399    -628        f
380     415    -623        f
381     430    -618        f
382     445    -613        f
383     458    -609        f
384     472    -604        f
385     484    -600        f
386     497    -596        f
387     508    -593        f
388     519    -589        f
389     530    -585        f
390     540    -582        f
391     549    -579        f
392     558    -576        f
393     567    -573        f
394     576    -570        f
395     584    -568        f
396     591    -565        f
397     598    -563        f
398     598    -563        r
399     598    -563        r
400     598    -563        r
401     598    -563        f
402     524    -544        f
403     454    -526        f
404     386    -509        f
405     321    -493        f
406     260    -476        f
407     200    -462        f
408     144    -448        f
409     91    -434        f
410     39    -422        f
411     -9    -409        f
412     -56    -397        f
413     -100    -386        f
414     -143    -375        f
415     -184    -365        f
416     -223    -355        f
417     -260    -346        f
418     -295    -337        f
419     -329    -328        f
420     -362    -320        f
421     -393    -312        f
422     -422    -305        f
423     -451    -298        f
424     -476    -291        f
425     -503    -284        f
426     -528    -278        f
427     -551    -272        f
428     -574    -266        f
429     -595    -261        f
430     -615    -256        f
431     -635    -250        f
432     -654    -246        f
433     -672    -241        f
434     -689    -237        f
435     -705    -233        f
436     -720    -229        f
437     -735    -225        f
438     -749    -222        f
439     -763    -218        f
440     -776    -215        f
441     -788    -212        f
442     -800    -209        f
443     -811    -206        f
444     -811    -206        l
445     -811    -206        l
446     -811    -206        l
447     -811    -206        f
448     -741    -237        f
449     -674    -266        f
450     -610    -294        f
451     -549    -320        f
452     -491    -346        f
453     -434    -370        f
454     -382    -393        f
455     -331    -415        f
456     -282    -437        f
457     -236    -457        f
458     -192    -476        f
459     -149    -495        f
460     -109    -512        f
461     -70    -529        f
462     -33    -545        f
463     1    -560        f
464     34    -575        f
465     67    -589        f
466     97    -602        f
467     127    -615        f
468     155    -627        f
469     181    -639        f
470     206    -650        f
471     231    -660        f
472     254    -670        f
473     277    -680        f
474     298    -689        f
475     318    -698        f
476     338    -706        f
477     356    -714        f
478     374    -722        f
479     391    -729        f
480     407    -736        f
481     422    -743        f
482     437    -749        f
483     451    -756        f
484     463    -761        f
485     476    -767        f
486     488    -772        f
487     501    -777        f
488     512    -782        f
489     523    -787        f
490     533    -791        f
491     543    -795        f
492     552    -799        f
493     561    -802        f
494     569    -807        f
495     569    -807        l
496     569    -807        l
497     569    -807        l
498     569    -807        f
499     635    -768        f
500     698    -730        f
501     698    -730        r
502     698    -730        r
503     698    -730        f
504     628    -700        f
505     561    -671        f
506     497    -643        f
507     436    -616        f
508     377    -591        f
509     322    -566        f
510     269    -543        f
511     218    -521        f
512     169    -500        f
513     123    -480        f
514     123    -480        r
515     123    -480        r
516     123    -480        f
517     51    -455        f
518     -17    -430        f
519     -83    -409        f
520     -146    -387        f
521     -206    -366        f
522     -264    -347        f
523     -319    -328        f
524     -371    -310        f
525     -421    -293        f
526     -469    -276        f
527     -515    -261        f
528     -559    -246        f
529     -601    -231        f
530     -640    -218        f
531     -679    -204        f
532     -715    -192        f
533     -750    -180        f
534     -783    -169        f
535     -814    -158        f
536     -844    -147        f
537     -874    -138        f
538     -901    -128        f
539     -927    -119        f
540     -952    -110        f
541     -977    -102        f
542     -1000    -94        f
543     -1022    -87        f
544     -1043    -80        f
545     -1063    -73        f
546     -1082    -66        f
547     -1100    -60        f
548     -1117    -54        f
549     -1134    -48        f
550     -1150    -43        f
551     -1165    -38        f
552     -1180    -33        f
553     -1194    -28        f
554     -1207    -24        f
555     -1219    -19        f
556     -1231    -15        f
557     -1243    -11        f
558     -1254    -7        f
559     -1264    -4        f
560     -1275    0        f
561     -1284    2        f
562     -1293    5        f
563     -1293    5        l
564     -1293    5        f
565     -1219    -13        f
566     -1148    -30        f
567     -1081    -47        f
568     -1016    -64        f
569     -953    -79        f
570     -894    -94        f
571     -839    -108        f
572     -785    -122        f
573     -734    -135        f
574     -685    -147        f
575     -638    -159        f
576     -593    -170        f
577     -550    -181        f
578     -509    -191        f
579     -470    -200        f
580     -433    -210        f
581     -398    -219        f
582     -364    -227        f
583     -331    -236        f
584     -300    -243        f
585     -271    -250        f
586     -242    -258        f
587     -215    -265        f
588     -190    -271        f
589     -165    -277        f
590     -142    -283        f
591     -119    -289        f
592     -119    -289        r
593     -119    -289        f
594     -189    -319        f
595     -256    -348        f
596     -320    -376        f
597     -381    -403        f
598     -440    -428        f
599     -495    -453        f
600     -549    -476        f
601     -599    -498        f
602     -648    -519        f
603     -694    -539        f
604     -739    -558        f
605     -781    -577        f
606     -821    -594        f
607     -860    -611        f
608     -897    -627        f
609     -932    -642        f
610     -965    -657        f
611     -998    -671        f
612     -1028    -684        f
613     -1057    -697        f
614     -1085    -709        f
615     -1112    -720        f
616     -1138    -731        f
617     -1162    -742        f
618     -1185    -752        f
619     -1207    -762        f
620     -1229    -771        f
621     -1249    -780        f
622     -1268    -788        f
623     -1287    -796        f
624     -1305    -803        f
625     -1321    -811        f
626     -1338    -818        f
627     -1353    -825        f
628     -1368    -831        f
629     -1382    -836        f
630     -1395    -843        f
631     -1408    -848        f
632     -1420    -853        f
633     -1432    -859        f
634     -1443    -864        f
635     -1453    -868        f
636     -1464    -873        f
637     -1473    -877        f
638     -1483    -881        f
639     -1491    -885        f
640     -1500    -888        f
641     -1508    -892        f
642     -1516    -894        f
643     -1523    -898        f
644     -1530    -901        f
645     -1530    -901        l
646     -1530    -901        l
647     -1530    -901        l
648     -1530    -901        l
649     -1530    -901        l
650     -1530    -901        f
651     -1455    -915        f
652     -1383    -927        f
653     -1314    -939        f
654     -1248    -951        f
655     -1186    -961        f
656     -1126    -972        f
657     -1069    -982        f
658     -1014    -991        f
659     -961    -1000        f
660     -913    -1009        f
661     -865    -1017        f
662     -819    -1025        f
663     -776    -1033        f
664     -735    -1040        f
665     -695    -1047        f
666     -658    -1054        f
667     -622    -1060        f
668     -587    -1066        f
669     -554    -1072        f
670     -523    -1077        f
671     -493    -1082        f
672     -463    -1087        f
673     -437    -1092        f
674     -411    -1097        f
675     -386    -1101        f
676     -362    -1105        f
677     -340    -1109        f
678     -318    -1113        f
679     -297    -1116        f
680     -277    -1120        f
681     -258    -1123        f
682     -240    -1126        f
683     -223    -1129        f
684     -206    -1132        f
685     -191    -1135        f
686     -176    -1137        f
687     -162    -1140        f
688     -148    -1142        f
689     -135    -1145        f
690     -122    -1147        f
691     -111    -1149        f
692     -99    -1151        f
693     -88    -1153        f
694     -78    -1155        f
695     -68    -1156        f
696     -59    -1158        f
697     -50    -1160        f
698     -41    -1161        f
699     -33    -1162        f
700     -25    -1164        f
701     -25    -1164        l
702     -25    -1164        l
703     -25    -1164        f
704     31    -1141        f
705     86    -1119        f
706     138    -1098        f
707     187    -1078        f
708     235    -1059        f
709     280    -1041        f
710     324    -1023        f
711     365    -1007        f
712     405    -991        f
713     442    -976        f
714     442    -976        l
715     442    -976        f
716     442    -976        f
717     442    -976        f
718     442    -976        f
719     442    -976        f
720     442    -976        f
721     442    -976        f
722     442    -976        f
723     442    -976        f
724     442    -976        f
725     442    -976        f
726     442    -976        f
727     442    -976        f
728     442    -976        f
729     442    -976        f
730     442    -976        f
731     442    -976        r
732     442    -976        r
733     442    -976        f
734     383    -927        f
735     326    -881        f
736     272    -836        f
737     221    -794        f
738     171    -754        f
739     124    -716        f
740     79    -679        f
741     36    -644        f
742     -4    -610        f
743     -43    -578        f
744     -80    -548        f
745     -115    -518        f
746     -150    -490        f
747     -182    -463        f
748     -214    -438        f
749     -243    -413        f
750     -271    -391        f
751     -299    -369        f
752     -324    -348        f
753     -349    -327        f
754     -372    -308        f
755     -395    -290        f
756     -416    -272        f
757     -437    -256        f
758     -455    -239        f
759     -475    -224        f
760     -493    -210        f
761     -509    -196        f
762     -526    -182        f
763     -542    -170        f
764     -557    -157        f
765     -571    -146        f
766     -584    -135        f
767     -597    -124        f
768     -610    -113        f
769     -622    -104        f
770     -633    -95        f
771     -644    -86        f
772     -654    -78        f
773     -664    -70        f
774     -673    -62        f
775     -682    -55        f
776     -691    -48        f
777     -699    -41        f
778     -707    -35        f
779     -714    -28        f
780     -721    -23        f
781     -728    -17        f
782     -735    -12        f
783     -741    -7        f
784     -747    -2        f
785     -752    2        f
786     -758    6        f
787     -763    11        f
788     -768    15        f
789     -773    19        f
790     -777    22        f
791     -781    26        f
792     -786    28        f
793     -789    32        f
794     -793    35        f
795     -797    38        f
796     -800    41        f
797     -800    41        l
798     -800    41        l
799     -800    41        l
800     -800    41        f
801     -726    21        f
802     -656    2        f
803     -588    -16        f
804     -524    -33        f
805     -463    -50        f
806     -404    -66        f
807     -348    -81        f
808     -348    -81        r
809     -348    -81        r
810     -348    -81        f
811     -423    -69        f
812     -496    -56        f
813     -564    -46        f
814     -630    -35        f
815     -693    -25        f
816     -753    -15        f
817     -810    -6        f
818     -865    2        f
819     -917    10        f
820     -967    18        f
821     -1015    26        f
822     -1060    34        f
823     -1104    41        f
824     -1145    47        f
825     -1185    54        f
826     -1223    60        f
827     -1259    66        f
828     -1294    72        f
829     -1326    77        f
830     -1358    82        f
831     -1388    87        f
832     -1417    92        f
833     -1444    96        f
834     -1470    100        f
835     -1495    105        f
836     -1519    108        f
837     -1542    112        f
838     -1563    115        f
839     -1584    119        f
840     -1604    122        f
841     -1604    122        l
842     -1604    122        l
843     -1604    122        f
844     -1554    77        f
845     -1506    34        f
846     -1460    -6        f
847     -1416    -45        f
848     -1375    -83        f
849     -1335    -119        f
850     -1297    -153        f
851     -1261    -186        f
852     -1226    -217        f
853     -1193    -247        f
854     -1161    -275        f
855     -1131    -302        f
856     -1102    -328        f
857     -1075    -353        f
858     -1048    -377        f
859     -1023    -399        f
860     -999    -421        f
861     -976    -441        f
862     -955    -461        f
863     -934    -480        f
864     -914    -498        f
865     -894    -515        f
866     -876    -531        f
867     -859    -547        f
868     -842    -562        f
869     -827    -576        f
870     -811    -590        f
871     -797    -603        f
872     -783    -615        f
873     -770    -627        f
874     -758    -638        f
875     -745    -649        f
876     -734    -660        f
877     -723    -670        f
878     -713    -679        f
879     -703    -688        f
880     -693    -697        f
881     -684    -705        f
882     -675    -713        f
883     -667    -720        f
884     -667    -720        l
885     -667    -720        l
886     -667    -720        l
887     -667    -720        f
888     -590    -717        f
889     -517    -714        f
890     -448    -711        f
891     -381    -708        f
892     -318    -705        f
893     -257    -702        f
894     -200    -700        f
895     -144    -697        f
896     -91    -695        f
897     -41    -693        f
898     6    -691        f
899     52    -689        f
900     96    -687        f
901     138    -685        f
902     178    -683        f
903     216    -682        f
904     252    -680        f
905     288    -678        f
906     321    -677        f
907     353    -676        f
908     383    -674        f
909     412    -673        f
910     440    -672        f
911     467    -671        f
912     492    -669        f
913     516    -668        f
914     539    -667        f
915     561    -666        f
916     582    -666        f
917     602    -665        f
918     622    -664        f
919     640    -663        f
920     658    -662        f
921     658    -662        l
922     658    -662        f
923     734    -657        f
924     807    -652        f
925     876    -647        f
926     943    -643        f
927     1006    -639        f
928     1067    -635        f
929     1125    -631        f
930     1180    -627        f
931     1233    -623        f
932     1283    -620        f
933     1332    -617        f
934     1378    -614        f
935     1422    -611        f
936     1464    -608        f
937     1504    -605        f
938     1542    -603        f
939     1579    -600        f
940     1613    -598        f
941     1647    -596        f
942     1679    -593        f
943     1709    -591        f
944     1738    -589        f
945     1766    -588        f
946     1792    -586        f
947     1818    -584        f
948     1842    -582        f
949     1864    -581        f
950     1887    -579        f
951     1907    -578        f
952     1928    -577        f
953     1947    -575        f
954     1964    -574        f
955     1982    -573        f
956     1998    -572        f
957     2014    -571        f
958     2030    -570        f
959     2030    -570        l
960     2030    -570        l
961     2030    -570        f
962     2178    -543        f
963     2318    -517        f
964     2453    -492        f
965     2581    -468        f
966     2704    -445        f
967     2821    -424        f
968     2933    -403        f
969     3039    -383        f
970     3141    -364        f
971     3239    -346        f
972     3331    -329        f
973     3331    -329        r
974     3331    -329        r
975     3331    -329        f
976     3259    -353        f
977     3189    -376        f
978     3123    -398        f
979     3060    -419        f
980     2999    -438        f
981     2941    -457        f
982     2886    -476        f
983     2833    -493        f
984     2783    -509        f
985     2735    -525        f
986     2689    -540        f
987     2645    -555        f
988     2603    -568        f
989     2563    -582        f
990     2525    -594        f
991     2488    -606        f
992     2453    -617        f
993     2420    -628        f
994     2388    -639        f
995     2358    -649        f
996     2329    -658        f
997     2301    -667        f
998     2275    -676        f
999     2250    -684        f
1000     2226    -692        f
1001     2203    -700        f
1002     2181    -707        f
1003     2160    -714        f
1004     2140    -720        f
1005     2121    -727        f
1006     2102    -733        f
1007     2085    -738        f
1008     2068    -744        f
1009     2052    -749        f
1010     2052    -749        l
1011     2052    -749        f
1012     2198    -713        f
1013     2337    -678        f
1014     2470    -645        f
1015     2596    -613        f
1016     2718    -583        f
1017     2834    -554        f
1018     2944    -527        f
1019     3050    -501        f
1020     3150    -475        f
1021     3247    -451        f
1022     3339    -429        f
1023     3426    -407        f
1024     3510    -386        f
1025     3590    -366        f
1026     3667    -347        f
1027     3740    -329        f
1028     3809    -311        f
1029     3876    -295        f
1030     3940    -279        f
1031     4000    -264        f
1032     4058    -249        f
1033     4114    -235        f
1034     4114    -235        r
1035     4114    -235        r
1036     4114    -235        r
1037     4114    -235        r
1038     4114    -235        f
1039     3964    -241        f
1040     3821    -246        f
1041     3684    -250        f
1042     3553    -254        f
1043     3429    -260        f
1044     3310    -264        f
1045     3196    -268        f
1046     3087    -272        f
1047     2984    -276        f
1048     2885    -279        f
1049     2790    -283        f
1050     2790    -283        r
1051     2790    -283        r
1052     2790    -283        r
1053     2790    -283        r
1054     2790    -283        r
1055     2790    -283        r
1056     2699    -286        f
1057     2699    -286        r
1058     2699    -286        r
1059     2699    -286        r
1060     2699    -286        r
1061     2699    -286        r
1062     2699    -286        r
1063     2699    -286        r
1064     2699    -286        r
1065     2699    -286        r
1066     2699    -286        r
1067     2699    -286        r
1068     2699    -286        r
1069     2699    -286        r
1070     2699    -286        r
1071     2699    -286        r
1072     2613    -289        f
1073     2613    -289        r
1074     2613    -289        r
1075     2613    -289        r
1076     2613    -289        r
1077     2613    -289        r
1078     2613    -289        r
1079     2613    -289        r
1080     2613    -289        r
1081     2613    -289        r
1082     2613    -289        r
1083     2613    -289        r
1084     2613    -289        r
1085     2613    -289        r
1086     2613    -289        l
1087     2613    -289        r
1088     2613    -289        r
1089     2613    -289        r
1090     2613    -289        r
1091     2613    -289        l
1092     2613    -289        r
1093     2613    -289        r
1094     2613    -289        l
1095     2613    -289        l
1096     2613    -289        r
1097     2613    -289        l
1098     2613    -289        r
1099     2613    -289        l
1100     2613    -289        r
1101     2613    -289        r
1102     2613    -289        l
1103     2613    -289        l
1104     2613    -289        l
1105     2613    -289        l
1106     2613    -289        l
1107     2613    -289        l
1108     2613    -289        l
1109     2613    -289        l
1110     2613    -289        l
1111     2613    -289        l
1112     2613    -289        l
1113     2613    -289        l
1114     2613    -289        l
1115     2613    -289        l
1116     2613    -289        l
1117     2613    -289        l
1118     2613    -289        l
1119     2613    -289        l
1120     2613    -289        l
1121     2613    -289        l
1122     2613    -289        l
1123     2613    -289        l
1124     2613    -289        l
1125     2613    -289        l
1126     2613    -289        l
1127     2613    -289        l
1128     2613    -289        l
1129     2613    -289        l
1130     2613    -289        l
1131     2613    -289        l
1132     2613    -289        l
1133     2613    -289        l
1134     2613    -289        l
1135     2613    -289        l
1136     2613    -289        l
1137     2613    -289        l
1138     2613    -289        l
1139     2613    -289        l
1140     2613    -289        f
1141     2762    -270        f
1142     2904    -252        f
1143     3040    -236        f
1144     3170    -220        f
1145     3293    -204        f
1146     3411    -190        f
1147     3525    -176        f
1148     3633    -162        f
1149     3736    -149        f
1150     3834    -137        f
1151     3928    -125        f
1152     4018    -113        f
1153     4104    -104        f
1154     4186    -93        f
1155     4264    -84        f
1156     4339    -75        f
1157     4410    -66        f
1158     4478    -56        f
1159     4543    -49        f
1160     4605    -41        f
1161     4665    -34        f
1162     4721    -27        f
1163     4775    -20        f
1164     4827    -14        f
1165     4877    -8        f
1166     4924    -2        f
1167     4969    3        f
1168     5012    8        f
1169     0    0        f
1170     0    0        f
1171     0    0        f
1172     0    0        f
1173     0    0        f
1174     0    0        f
1175     0    0        f
1176     0    0        f
1177     0    0        f
1178     0    0        f
1179     0    0        f
1180     0    0        f
1181     0    0        f
1182     0    0        f
1183     0    0        f
1184     0    0        f
1185     0    0        f
1186     0    0        f
1187     0    0        f
1188     0    0        f
1189     0    0        f
1190     0    0        f
1191     0    0        f
1192     0    0        f
1193     0    0        f
1194     0    0        f
1195     0    0        f
1196     0    0        f
1197     0    0        f
1198     0    0        f
1199     0    0        f
1200     0    0        f
1200     0    0        f
1200     0    0        f
1200     0    0        f
1200     0    0        f
1200     0    0        f
1200     0    0        f
1200     0    0        f
1200     0    0        f
1200     0    0        f
1200     0    0        f
1200     0    0        f
1200     0    0        f
1200     0    0        f
1200     0    0        f
1200     0    0        f
1200     0    0        f
1200     0    0        f
1200     0    0        f
1200     0    0        f
1200     0    0        f
1200     0    0        f
1200     0    0        f
1200     0    0        f
1200     0    0        f
1200     0    0        f
1200     0    0        f
1200     0    0        f
1200     0    0        f
1200     0    0        f
1200     0    0        f
1200     0    0        f
1200     0    0        f
1200     0    0        f
1200     0    0        f
1200     0    0        f
1200     0    0        f
1200     0    0        f
1200     0    0        f
1200     0    0        f
1200     0    0        f
1200     0    0        f
1200     0    0        f
1200     0    0        f
1200     0    0        f
1200     0    0        f
1200     0    0        f
1200     0    0        f
1200     0    0        f
1200     0    0        f
1200     0    0        f
1200     0    0        f
1200     0    0        f
1200     0    0        f
1200     0    0        f
1200     0    0        f
1200     0    0        f
1200     0    0        f
1200     0    0        f
1200     0    0        f
1200     0    0        f
1200     0    0        f
1200     0    0        f
1200     0    0        f
1200     0    0        f
1200     0    0        f
1200     0    0        f
1200     0    0        f
1200     0    0        f
1200     0    0        f
1200     0    0        f
1200     0    0        f
1200     0    0        f
1200     0    0        f
1200     0    0        f
1200     0    0        f
1200     0    0        f
1200     0    0        f
1200     0    0        f
1200     0    0        f
1200     0    0        f
1200     0    0        f
1200     0    0        f
1200     0    0        f
1200     0    0        f
1200     0    0        f
1200     0    0        f
1200     0    0        f
1200     0    0        f
1200     0    0        f
1200     0    0        f
1200     0    0        f
1200     0    0        f
1200     0    0        f
1200     0    0        f
1200     0    0        f
1200     0    0        f
1200     0    0        f
1200     0    0        f
1200     0    0        f
1200     0    0        f
1200     0    0        f
1201     0    0        f
1202     0    0        f
1203     0    0        f
1204     0    0        f
1205     0    0        f
1206     0    0        f
1207     0    0        f
1208     0    0        f
1209     0    0        f
1210     0    0        f
1211     0    0        f
1212     0    0        f
1213     0    0        f
1214     0    0        f
1215     0    0        f
1216     0    0        f
1217     0    0        f
1218     0    0        f
1219     0    0        f
1220     0    0        f
1221     0    0        f
1222     0    0        f
1223     0    0        f
1224     0    0        f
1225     0    0        f
1226     0    0        f
1227     0    0        f
1228     0    0        f
1229     0    0        f
1230     0    0        f
1231     0    0        f
1232     0    0        f
1233     0    0        f
1234     0    0        f
1235     0    0        f
1236     0    0        f
1237     0    0        f
1238     0    0        f
1239     0    0        f
1240     0    0        f
1241     0    0        f
1242     0    0        f
1243     0    0        f
1244     0    0        f
1245     0    0        f
1246     0    0        f
1247     0    0        f
1248     0    0        f
1249     0    0        f
1250     0    0        f
1251     0    0        f
1252     0    0        f
1253     0    0        f
1254     0    0        f
1255     0    0        f
1256     0    0        f
1257     0    0        f
1258     0    0        f
1259     0    0        f
1260     0    0        f
1261     0    0        f
1262     0    0        f
1263     0    0        f
1264     0    0        f
1265     0    0        f
1266     0    0        f
1267     0    0        f
1268     0    0        f
1269     0    0        f
1270     0    0        f
1271     0    0        f
1272     0    0        f
1273     0    0        f
1274     0    0        f
1275     0    0        f
1276     0    0        f
1277     0    0        f
1278     0    0        f
1279     0    0        f
1280     0    0        f
1281     0    0        f
1282     0    0        f
1283     0    0        f
1284     0    0        f
1285     0    0        f
1286     0    0        f
1287     0    0        f
1288     0    0        f
1289     0    0        f
1290     0    0        f
1291     0    0        f
1292     0    0        f
1293     0    0        f
1294     0    0        f
1295     0    0        f
1296     0    0        f
1297     0    0        f
1298     0    0        f
1299     0    0        f
1300     0    0        f
1301     0    0        f
1302     0    0        f
1303     0    0        f
1304     0    0        f
1305     0    0        r
1306     0    0        r
1307     0    0        r
1308     0    0        r
1309     0    0        f
1310     -75    -10        f
1311     -148    -20        f
1312     -217    -30        f
1313     -283    -39        f
1314     -346    -48        f
1315     -405    -56        f
1316     -463    -64        f
1317     -519    -72        f
1318     -571    -79        f
1319     -621    -86        f
1320     -669    -93        f
1321     -715    -100        f
1322     -758    -106        f
1323     -800    -111        f
1324     -840    -117        f
1325     -877    -122        f
1326     -914    -127        f
1327     -949    -132        f
1328     -982    -137        f
1329     -1013    -141        f
1330     -1043    -145        f
1331     -1072    -150        f
1332     -1100    -153        f
1333     -1126    -157        f
1334     -1151    -161        f
1335     -1175    -164        f
1336     -1198    -167        f
1337     -1220    -170        f
1338     -1241    -173        f
1339     -1261    -176        f
1340     -1280    -179        f
1341     -1298    -181        f
1342     -1315    -184        f
1343     -1332    -186        f
1344     -1348    -188        f
1345     -1363    -190        f
1346     -1377    -192        f
1347     -1391    -194        f
1348     -1405    -196        f
1349     -1417    -198        f
1350     -1429    -199        f
1351     -1441    -200        f
1352     -1452    -202        f
1353     -1462    -204        f
1354     -1472    -204        f
1355     -1482    -206        f
1356     -1491    -208        f
1357     -1499    -209        f
1358     -1508    -210        f
1359     -1516    -212        f
1360     -1523    -213        f
1361     -1531    -214        f
1362     -1537    -215        f
1363     -1544    -215        f
1364     -1550    -216        f
1365     -1556    -217        f
1366     -1562    -218        f
1367     -1562    -218        l
1368     -1562    -218        l
1369     -1562    -218        l
1370     -1562    -218        f
1371     -1486    -216        f
1372     -1413    -214        f
1373     -1343    -212        f
1374     -1277    -210        f
1375     -1213    -209        f
1376     -1152    -206        f
1377     -1095    -206        f
1378     -1039    -204        f
1379     -986    -202        f
1380     -936    -200        f
1381     -888    -200        f
1382     -842    -199        f
1383     -799    -198        f
1384     -757    -197        f
1385     -717    -196        f
1386     -679    -195        f
1387     -642    -194        f
1388     -608    -193        f
1389     -574    -192        f
1390     -543    -191        f
1391     -512    -190        f
1392     -483    -189        f
1393     -455    -189        f
1394     -429    -188        f
1395     -429    -188        r
1396     -429    -188        f
1397     -498    -221        f
1398     -564    -252        f
1399     -628    -282        f
1400     -688    -311        f
1401     -745    -338        f
1402     -800    -365        f
1403     -852    -389        f
1404     -902    -413        f
1405     -951    -436        f
1406     -996    -458        f
1407     -1040    -479        f
1408     -1082    -499        f
1409     -1122    -518        f
1410     -1160    -536        f
1411     -1196    -553        f
1412     -1231    -570        f
1413     -1264    -585        f
1414     -1295    -601        f
1415     -1325    -615        f
1416     -1354    -629        f
1417     -1382    -642        f
1418     -1408    -654        f
1419     -1433    -666        f
1420     -1457    -678        f
1421     -1480    -689        f
1422     -1502    -699        f
1423     -1523    -709        f
1424     -1542    -719        f
1425     -1561    -728        f
1426     -1561    -728        r
1427     -1580    -737        f
1428     -1580    -737        r
1429     -1580    -737        r
1430     -1597    -745        f
1431     -1597    -745        r
1432     -1613    -753        f
1433     -1613    -753        r
1434     -1613    -753        r
1435     -1629    -761        f
1436     -1629    -761        r
1437     -1629    -761        r
1438     -1629    -761        r
1439     -1644    -768        f
1440     -1644    -768        r
1441     -1644    -768        r
1442     -1644    -768        r
1443     -1644    -768        r
1444     -1644    -768        r
1445     -1644    -768        r
1446     -1644    -768        r
1447     -1644    -768        r
1448     -1644    -768        r
1449     -1644    -768        r
1450     -1644    -768        r
1451     -1644    -768        r
1452     -1644    -768        r
1453     -1644    -768        r
1454     -1644    -768        r
1455     -1644    -768        r
1456     -1644    -768        r
1457     -1644    -768        r
1458     -1644    -768        r
1459     -1644    -768        r
1460     -1644    -768        r
1461     -1644    -768        r
1462     -1644    -768        r
1463     -1644    -768        r
1464     -1644    -768        r
1465     -1644    -768        r
1466     -1644    -768        r
1467     -1644    -768        r
1468     -1644    -768        r
1469     -1644    -768        r
1470     -1644    -768        r
1471     -1644    -768        r
1472     -1644    -768        r
1473     -1644    -768        r
1474     -1644    -768        r
1475     -1644    -768        r
1476     -1644    -768        f
1477     -1644    -768        l
1478     -1644    -768        l
1479     -1644    -768        f
1480     -1575    -735        f
1481     -1510    -703        f
1482     -1447    -673        f
1483     -1387    -644        f
1484     -1329    -616        f
1485     -1275    -590        f
1486     -1222    -565        f
1487     -1172    -541        f
1488     -1125    -518        f
1489     -1079    -496        f
1490     -1036    -475        f
1491     -994    -455        f
1492     -953    -436        f
1493     -916    -418        f
1494     -880    -400        f
1495     -846    -383        f
1496     -813    -368        f
1497     -781    -352        f
1498     -751    -338        f
1499     -722    -324        f
1500     -695    -311        f
1501     -668    -298        f
1502     -643    -286        f
1503     -619    -274        f
1504     -596    -263        f
1505     -575    -252        f
1506     -554    -243        f
1507     -534    -233        f
1508     -515    -224        f
1509     -497    -215        f
1510     -479    -206        f
1511     -463    -199        f
1512     -447    -192        f
1513     -432    -184        f
1514     -417    -177        f
1515     -404    -171        f
1516     -390    -164        f
1517     -378    -158        f
1518     -366    -152        f
1519     -354    -147        f
1520     -343    -142        f
1521     -333    -137        f
1522     -323    -132        f
1523     -313    -127        f
1524     -304    -123        f
1525     -296    -119        f
1526     -287    -114        f
1527     -279    -111        f
1528     -272    -107        f
1529     -265    -104        f
1530     -258    -100        f
1531     -250    -97        f
1532     -245    -94        f
1533     -239    -91        f
1534     -233    -89        f
1535     -227    -86        f
1536     -222    -83        f
1537     -217    -81        f
1538     -212    -79        f
1539     -208    -77        f
1540     -204    -74        f
1541     -199    -72        f
1542     -195    -71        f
1543     -192    -69        f
1544     -188    -67        f
1545     -184    -65        f
1546     -181    -64        f
1547     -178    -62        f
1548     -175    -61        f
1549     -172    -59        f
1550     -172    -59        l
1551     -172    -59        r
1552     -172    -59        r
1553     -172    -59        l
1554     -172    -59        l
1555     -172    -59        l
1556     -172    -59        f
1557     -96    -70        f
1558     -24    -80        f
1559     44    -89        f
1560     110    -98        f
1561     173    -106        f
1562     233    -114        f
1563     291    -122        f
1564     346    -130        f
1565     398    -137        f
1566     448    -144        f
1567     496    -150        f
1568     542    -157        f
1569     585    -163        f
1570     627    -168        f
1571     667    -174        f
1572     705    -179        f
1573     741    -184        f
1574     775    -188        f
1575     808    -193        f
1576     840    -197        f
1577     869    -200        f
1578     899    -204        f
1579     926    -209        f
1580     952    -213        f
1581     977    -216        f
1582     1001    -219        f
1583     1024    -222        f
1584     1046    -225        f
1585     1067    -227        f
1586     1087    -231        f
1587     1106    -233        f
1588     1124    -236        f
1589     1141    -238        f
1590     1158    -241        f
1591     1174    -243        f
1592     1189    -245        f
1593     1203    -247        f
1594     1217    -249        f
1595     1230    -250        f
1596     1243    -252        f
1597     1255    -254        f
1598     1266    -254        f
1599     1277    -257        f
1600     1288    -258        f
1601     1298    -259        f
1602     1307    -261        f
1603     1316    -262        f
1604     1325    -263        f
1605     1333    -264        f
1606     1341    -265        f
1607     1349    -266        f
1608     1356    -267        f
1609     1363    -268        f
1610     1370    -269        f
1611     1376    -270        f
1612     1382    -271        f
1613     1388    -272        f
1614     1393    -272        f
1615     1398    -273        f
1616     1403    -274        f
1617     1408    -275        f
1618     1413    -275        f
1619     1417    -276        f
1620     1421    -276        f
1621     1421    -276        r
1622     1421    -276        r
1623     1421    -276        r
1624     1421    -276        r
1625     1421    -276        r
1626     1421    -276        r
1627     1421    -276        r
1628     1421    -276        r
1629     1421    -276        r
1630     1421    -276        r
1631     1421    -276        r
1632     1421    -276        r
1633     1421    -276        r
1634     1421    -276        r
1635     1421    -276        l
1636     1421    -276        r
1637     1421    -276        r
1638     1421    -276        l
1639     1421    -276        l
1640     1421    -276        l
1641     1421    -276        l
1642     1421    -276        l
1643     1421    -276        l
1644     1421    -276        l
1645     1421    -276        l
1646     1421    -276        l
1647     1421    -276        l
1648     1421    -276        l
1649     1421    -276        l
1650     1421    -276        l
1651     1421    -276        l
1652     1421    -276        l
1653     1421    -276        l
1654     1421    -276        l
1655     1421    -276        l
1656     1421    -276        l
1657     1421    -276        l
1658     1421    -276        l
1659     1421    -276        l
1660     1421    -276        l
1661     1421    -276        l
1662     1421    -276        l
1663     1421    -276        l
1664     1421    -276        l
1665     1421    -276        l
1666     1421    -276        l
1667     1421    -276        l
1668     1421    -276        l
1669     1421    -276        l
1670     1421    -276        l
1671     1421    -276        l
1672     1421    -276        l
1673     1421    -276        l
1674     1421    -276        l
1675     1421    -276        l
1676     1421    -276        l
1677     1421    -276        l
1678     1421    -276        l
1679     1421    -276        l
1680     1421    -276        r
1681     1421    -276        l
1682     1421    -276        r
1683     1421    -276        l
1684     1421    -276        r
1685     1421    -276        l
1686     1421    -276        l
1687     1421    -276        l
1688     1421    -276        r
1689     1421    -276        r
1690     1421    -276        r
1691     1421    -276        r
1692     1421    -276        r
1693     1421    -276        r
1694     1421    -276        r
1695     1421    -276        r
1696     1421    -276        r
1697     1421    -276        r
1698     1421    -276        r
1699     1421    -276        r
1700     1421    -276        r
1701     1421    -276        r
1702     1421    -276        r
1703     1421    -276        r
1704     1421    -276        r
1705     1421    -276        r
1706     1421    -276        r
1707     1421    -276        r
1708     1421    -276        r
1709     1421    -276        r
1710     1421    -276        r
1711     1421    -276        r
1712     1421    -276        r
1713     1421    -276        r
1714     1421    -276        r
1715     1421    -276        r
1716     1421    -276        r
1717     1421    -276        r
1718     1421    -276        r
1719     1421    -276        r
1720     1421    -276        r
1721     1421    -276        r
1722     1421    -276        r
1723     1421    -276        r
1724     1421    -276        r
1725     1421    -276        r
1726     1421    -276        r
1727     1421    -276        r
1728     1421    -276        r
1729     1421    -276        r
1730     1421    -276        r
1731     1421    -276        f
1732     1345    -274        f
1733     1272    -271        f
1734     1202    -269        f
1735     1136    -266        f
1736     1072    -264        f
1737     1011    -262        f
1738     953    -260        f
1739     899    -258        f
1740     846    -256        f
1741     795    -254        f
1742     747    -252        f
1743     701    -250        f
1744     657    -249        f
1745     615    -248        f
1746     615    -248        r
1747     615    -248        r
1748     615    -248        f
1749     547    -212        f
1750     483    -177        f
1751     421    -145        f
1752     363    -112        f
1753     306    -84        f
1754     252    -55        f
1755     200    -28        f
1756     153    -2        f
1757     106    22        f
1758     61    46        f
1759     18    68        f
1760     -21    90        f
1761     -60    111        f
1762     -97    131        f
1763     -133    149        f
1764     -167    167        f
1765     -199    185        f
1766     -229    200        f
1767     -260    217        f
1768     -288    231        f
1769     -315    246        f
1770     -341    260        f
1771     -365    273        f
1772     -389    285        f
1773     -411    297        f
1774     -432    308        f
1775     -453    319        f
1776     -472    330        f
1777     -491    339        f
1778     -509    349        f
1779     -526    358        f
1780     -542    367        f
1781     -557    375        f
1782     -572    383        f
1783     -586    390        f
1784     -600    397        f
1785     -613    404        f
1786     -625    411        f
1787     -637    417        f
1788     -648    423        f
1789     -659    428        f
1790     -669    434        f
1791     -679    438        f
1792     -688    444        f
1793     -697    449        f
1794     -705    453        f
1795     -714    458        f
1796     -721    462        f
1797     -729    466        f
1798     -736    469        f
1799     -743    473        f
1800     -749    476        f
1801     -755    480        f
1802     -761    483        f
1803     -767    486        f
1804     -772    488        f
1805     -777    491        f
1806     -777    491        l
1807     -777    491        l
1808     -777    491        l
1809     -777    491        f
1810     -706    463        f
1811     -638    438        f
1812     -573    412        f
1813     -509    389        f
1814     -451    366        f
1815     -394    344        f
1816     -340    323        f
1817     -288    303        f
1818     -239    284        f
1819     -239    284        r
1820     -239    284        f
1821     -314    272        f
1822     -386    260        f
1823     -455    249        f
1824     -521    238        f
1825     -584    227        f
1826     -644    218        f
1827     -701    208        f
1828     -756    200        f
1829     -808    191        f
1830     -858    183        f
1831     -906    175        f
1832     -951    168        f
1833     -994    160        f
1834     -1036    154        f
1835     -1076    147        f
1836     -1113    141        f
1837     -1150    135        f
1838     -1184    130        f
1839     -1217    124        f
1840     -1248    119        f
1841     -1278    113        f
1842     -1307    109        f
1843     -1307    109        l
1844     -1307    109        f
1845     -1240    73        f
1846     -1176    38        f
1847     -1115    4        f
1848     -1056    -27        f
1849     -1000    -56        f
1850     -947    -86        f
1851     -896    -113        f
1852     -848    -141        f
1853     -801    -166        f
1854     -757    -191        f
1855     -715    -214        f
1856     -674    -236        f
1857     -636    -257        f
1858     -599    -277        f
1859     -564    -296        f
1860     -530    -315        f
1861     -498    -332        f
1862     -467    -349        f
1863     -438    -365        f
1864     -409    -380        f
1865     -383    -395        f
1866     -358    -409        f
1867     -333    -422        f
1868     -310    -434        f
1869     -288    -447        f
1870     -266    -459        f
1871     -246    -470        f
1872     -227    -480        f
1873     -208    -490        f
1874     -191    -500        f
1875     -174    -509        f
1876     -158    -518        f
1877     -142    -527        f
1878     -128    -535        f
1879     -113    -542        f
1880     -101    -550        f
1881     -88    -557        f
1882     -76    -563        f
1883     -64    -570        f
1884     -53    -576        f
1885     -42    -582        f
1886     -32    -587        f
1887     -22    -593        f
1888     -13    -598        f
1889     -4    -602        f
1890     3    -607        f
1891     3    -607        r
1892     3    -607        r
1893     3    -607        r
1894     3    -607        l
1895     3    -607        l
1896     3    -607        l
1897     3    -607        f
1898     79    -617        f
1899     151    -627        f
1900     221    -636        f
1901     287    -645        f
1902     350    -653        f
1903     409    -661        f
1904     409    -661        r
1905     409    -661        r
1906     409    -661        f
1907     340    -692        f
1908     274    -722        f
1909     210    -751        f
1910     149    -778        f
1911     91    -803        f
1912     35    -828        f
1913     -17    -852        f
1914     -67    -875        f
1915     -115    -897        f
1916     -162    -918        f
1917     -206    -936        f
1918     -248    -956        f
1919     -289    -974        f
1920     -327    -991        f
1921     -364    -1008        f
1922     -399    -1024        f
1923     -433    -1039        f
1924     -465    -1053        f
1925     -495    -1067        f
1926     -524    -1080        f
1927     -552    -1092        f
1928     -579    -1104        f
1929     -604    -1116        f
1930     -628    -1127        f
1931     -651    -1137        f
1932     -674    -1147        f
1933     -695    -1156        f
1934     -715    -1166        f
1935     -734    -1174        f
1936     -753    -1182        f
1937     -770    -1190        f
1938     -787    -1198        f
1939     -802    -1205        f
1940     -818    -1212        f
1941     -833    -1219        f
1942     -847    -1225        f
1943     -860    -1231        f
1944     -873    -1237        f
1945     -885    -1242        f
1946     -897    -1247        f
1947     -908    -1252        f
1948     -919    -1257        f
1949     -928    -1261        f
1950     -938    -1266        f
1951     -948    -1270        f
1952     -956    -1274        f
1953     -965    -1278        f
1954     -973    -1281        f
1955     -981    -1285        f
1956     -988    -1288        f
1957     -994    -1291        f
1958     -1002    -1294        f
1959     -1008    -1297        f
1960     -1014    -1300        f
1961     -1019    -1302        f
1962     -1026    -1305        f
1963     -1031    -1307        f
1964     -1036    -1309        f
1965     -1036    -1309        r
1966     -1036    -1309        r
1967     -1036    -1309        f
1968     -1106    -1279        f
1969     -1173    -1249        f
1970     -1237    -1221        f
1971     -1298    -1195        f
1972     -1356    -1169        f
1973     -1412    -1145        f
1974     -1465    -1121        f
1975     -1516    -1099        f
1976     -1564    -1078        f
1977     -1611    -1057        f
1978     -1655    -1038        f
1979     -1697    -1019        f
1980     -1738    -1002        f
1981     -1776    -985        f
1982     -1813    -969        f
1983     -1848    -952        f
1984     -1882    -939        f
1985     -1914    -925        f
1986     -1945    -911        f
1987     -1973    -899        f
1988     -2002    -886        f
1989     -2029    -875        f
1990     -2054    -864        f
1991     -2079    -852        f
1992     -2102    -843        f
1993     -2124    -833        f
1994     -2145    -824        f
1995     -2166    -815        f
1996     -2185    -807        f
1997     -2204    -798        f
1998     -2221    -791        f
1999     -2238    -783        f
2000     -2254    -776        f
2001     -2270    -770        f
2002     -2284    -763        f
2003     -2298    -757        f
2004     -2312    -751        f
2005     -2325    -746        f
2006     -2337    -740        f
2007     -2348    -735        f
2008     -2360    -730        f
2009     -2370    -726        f
2010     -2380    -721        f
2011     -2390    -717        f
2012     -2399    -713        f
2013     -2399    -713        l
2014     -2399    -713        l
2015     -2399    -713        l
2016     -2399    -713        f
2017     -2327    -737        f
2018     -2257    -760        f
2019     -2191    -782        f
2020     -2191    -782        r
2021     -2191    -782        f
2022     -2336    -744        f
2023     -2475    -707        f
2024     -2607    -673        f
2025     -2733    -640        f
2026     -2854    -608        f
2027     -2969    -578        f
2028     -3079    -549        f
2029     -3184    -522        f
2030     -3285    -495        f
2031     -3381    -470        f
2032     -3381    -470        l
2033     -3381    -470        l
2034     -3381    -470        f
2035     -3314    -432        f
2036     -3251    -396        f
2037     -3191    -361        f
2038     -3133    -328        f
2039     -3078    -296        f
2040     -3025    -266        f
2041     -2975    -237        f
2042     -2926    -209        f
2043     -2881    -183        f
2044     -2837    -157        f
2045     -2795    -133        f
2046     -2755    -110        f
2047     -2717    -88        f
2048     -2680    -68        f
2049     -2645    -48        f
2050     -2612    -28        f
2051     -2580    -10        f
2052     -2550    6        f
2053     -2521    23        f
2054     -2493    39        f
2055     -2467    54        f
2056     -2441    68        f
2057     -2417    82        f
2058     -2394    95        f
2059     -2372    108        f
2060     -2351    120        f
2061     -2331    132        f
2062     -2312    143        f
2063     -2294    153        f
2064     -2276    163        f
2065     -2260    173        f
2066     -2244    182        f
2067     -2229    191        f
2068     -2214    199        f
2069     -2200    206        f
2070     -2187    214        f
2071     -2174    222        f
2072     -2162    229        f
2073     -2150    235        f
2074     -2139    242        f
2075     -2129    248        f
2076     -2119    252        f
2077     -2109    259        f
2078     -2100    264        f
2079     -2091    269        f
2080     -2083    274        f
2081     -2075    278        f
2082     -2067    283        f
2083     -2060    287        f
2084     -2053    291        f
2085     -2046    295        f
2086     -2039    298        f
2087     -2039    298        r
2088     -2039    298        r
2089     -2039    298        r
2090     -2039    298        f
2091     -2189    283        f
2092     -2331    268        f
2093     -2467    252        f
2094     -2597    240        f
2095     -2721    225        f
2096     -2840    214        f
2097     -2953    202        f
2098     -3060    191        f
2099     -3163    180        f
2100     -3261    169        f
2101     -3356    160        f
2102     -3445    150        f
2103     -3531    141        f
2104     -3613    132        f
2105     -3690    124        f
2106     -3765    115        f
2107     -3836    109        f
2108     -3904    102        f
2109     -3970    95        f
2110     -4032    88        f
2111     -4090    82        f
2112     -4148    76        f
2113     -4202    70        f
2114     -4202    70        l
2115     -4202    70        l
2116     -4202    70        f
2117     -4052    75        f
2118     -3909    80        f
2119     -3772    85        f
2120     -3642    89        f
2121     -3517    94        f
2122     -3397    98        f
2123     -3285    102        f
2124     -3176    105        f
2125     -3072    109        f
2126     -3072    109        l
2127     -3072    109        f
2128     -2997    97        f
2129     -2925    85        f
2130     -2856    74        f
2131     -2790    63        f
2132     -2728    53        f
2133     -2668    44        f
2134     -2611    34        f
2135     -2556    26        f
2136     -2504    17        f
2137     -2454    9        f
2138     -2406    2        f
2139     -2361    -5        f
2140     -2318    -12        f
2141     -2276    -18        f
2142     -2237    -25        f
2143     -2199    -31        f
2144     -2163    -37        f
2145     -2128    -42        f
2146     -2096    -47        f
2147     -2064    -53        f
2148     -2034    -56        f
2149     -2005    -62        f
2150     -1978    -66        f
2151     -1952    -71        f
2152     -1927    -75        f
2153     -1903    -78        f
2154     -1880    -82        f
2155     -1859    -86        f
2156     -1838    -89        f
2157     -1818    -92        f
2158     -1798    -95        f
2159     -1780    -98        f
2160     -1764    -101        f
2161     -1747    -104        f
2162     -1730    -106        f
2163     -1716    -109        f
2164     -1702    -111        f
2165     -1688    -112        f
2166     -1675    -114        f
2167     -1663    -117        f
2168     -1651    -119        f
2169     -1639    -121        f
2170     -1628    -123        f
2171     -1628    -123        l
2172     -1628    -123        l
2173     -1628    -123        l
2174     -1628    -123        f
2175     -1559    -90        f
2176     -1493    -59        f
2177     -1430    -30        f
2178     -1369    -1        f
2179     -1312    25        f
2180     -1257    50        f
2181     -1204    75        f
2182     -1154    98        f
2183     -1106    121        f
2184     -1060    142        f
2185     -1016    163        f
2186     -974    182        f
2187     -934    200        f
2188     -896    219        f
2189     -860    236        f
2190     -825    252        f
2191     -791    268        f
2192     -760    282        f
2193     -729    297        f
2194     -700    310        f
2195     -673    323        f
2196     -646    335        f
2197     -621    347        f
2198     -597    358        f
2199     -574    369        f
2200     -552    379        f
2201     -531    389        f
2202     -511    399        f
2203     -492    408        f
2204     -473    416        f
2205     -455    424        f
2206     -438    432        f
2207     -423    438        f
2208     -408    447        f
2209     -393    453        f
2210     -380    459        f
2211     -366    466        f
2212     -354    472        f
2213     -342    478        f
2214     -330    483        f
2215     -319    488        f
2216     -309    493        f
2217     -299    498        f
2218     -289    501        f
2219     -289    501        l
2220     -289    501        l
2221     -289    501        l
2222     -289    501        l
2223     -289    501        f
2224     -222    471        f
2225     -159    441        f
2226     -98    413        f
2227     -40    386        f
2228     14    360        f
2229     67    335        f
2230     118    311        f
2231     166    289        f
2232     212    267        f
2233     256    246        f
2234     256    246        l
2235     256    246        l
2236     256    246        f
2237     327    275        f
2238     394    302        f
2239     459    328        f
2240     521    353        f
2241     580    377        f
2242     637    400        f
2243     691    421        f
2244     742    442        f
2245     791    461        f
2246     838    480        f
2247     883    498        f
2248     926    515        f
2249     967    532        f
2250     1006    547        f
2251     1043    562        f
2252     1079    577        f
2253     1113    590        f
2254     1145    603        f
2255     1176    616        f
2256     1206    628        f
2257     1234    639        f
2258     1261    650        f
2259     1287    660        f
2260     1312    670        f
2261     1335    679        f
2262     1358    688        f
2263     1379    697        f
2264     1400    705        f
2265     1419    713        f
2266     1438    721        f
2267     1456    728        f
2268     1473    735        f
2269     1473    735        r
2270     1473    735        r
2271     1473    735        r
2272     1473    735        f
2273     1411    689        f
2274     1352    646        f
2275     1296    605        f
2276     1242    565        f
2277     1191    528        f
2278     1142    492        f
2279     1095    458        f
2280     1051    425        f
2281     1008    394        f
2282     967    364        f
2283     967    364        r
2284     967    364        r
2285     967    364        f
2286     891    370        f
2287     891    370        l
2288     891    370        f
2289     966    383        f
2290     1038    396        f
2291     1107    408        f
2292     1172    419        f
2293     1235    430        f
2294     1295    440        f
2295     1352    450        f
2296     1406    459        f
2297     1458    469        f
2298     1508    476        f
2299     1556    486        f
2300     1601    493        f
2301     1645    501        f
2302     1686    508        f
2303     1726    515        f
2304     1763    522        f
2305     1798    528        f
2306     1834    534        f
2307     1867    539        f
2308     1898    545        f
2309     1928    550        f
2310     1957    555        f
2311     1984    560        f
2312     2011    564        f
2313     2036    569        f
2314     2059    573        f
2315     2082    577        f
2316     2104    580        f
2317     2125    584        f
2318     2144    587        f
2319     2163    591        f
2320     2182    594        f
2321     2199    597        f
2322     2215    600        f
2323     2231    602        f
2324     2246    605        f
2325     2260    607        f
2326     2274    610        f
2327     2287    612        f
2328     2300    614        f
2329     2312    616        f
2330     2323    618        f
2331     2334    620        f
2332     2345    622        f
2333     2354    624        f
2334     2364    625        f
2335     2373    627        f
2336     2382    628        f
2337     2390    630        f
2338     2398    631        f
2339     2405    632        f
2340     2413    634        f
2341     2420    635        f
2342     2426    636        f
2343     2432    637        f
2344     2438    638        f
2345     2444    639        f
2346     2450    640        f
2347     2455    641        f
2348     2460    642        f
2349     2465    643        f
2350     2469    643        f
2351     2473    644        f
2352     2478    645        f
2353     2482    646        f
2354     2485    646        f
2355     2489    647        f
2356     2492    647        f
2357     2496    648        f
2358     2499    649        f
2359     2502    649        f
2360     2505    650        f
2361     2508    650        f
2362     2510    650        f
2363     2513    651        f
2364     2513    651        r
2365     2513    651        r
2366     2513    651        r
2367     2513    651        f
2368     2436    655        f
2369     2363    660        f
2370     2363    660        l
2371     2363    660        l
2372     2363    660        f
2373     2511    631        f
2374     2651    604        f
2375     2785    578        f
2376     2913    553        f
2377     3036    529        f
2378     3152    505        f
2379     3264    484        f
2380     3370    463        f
2381     3471    444        f
2382     3568    425        f
2383     3661    407        f
2384     3749    390        f
2385     3833    373        f
2386     3914    358        f
2387     3990    342        f
2388     4064    328        f
2389     4134    314        f
2390     4201    301        f
2391     4265    289        f
2392     4265    289        r
2393     4265    289        r
2394     4265    289        r
2395     4265    289        f
2396     4115    293        f
2397     3972    297        f
2398     3835    301        f
2399     3704    305        f
