step   ball_X    ball_Y    side
347     -1639    -360        f
348     -1639    -360        f
349     -1641    -360        f
350     -1642    -360        f
351     -1643    -360        f
352     -1643    -361        f
353     -1644    -361        f
354     -1645    -361        f
355     -1645    -361        f
356     -1646    -361        f
357     -1647    -361        f
358     -1647    -361        f
359     -1648    -362        f
360     -1648    -362        f
361     -1648    -362        f
362     -1648    -362        f
363     -1648    -362        f
364     -1650    -362        f
365     -1650    -362        f
366     -1651    -362        f
367     -1651    -362        f
368     -1651    -362        f
369     -1652    -362        f
370     -1652    -363        f
371     -1652    -363        f
372     -1653    -363        f
373     -1653    -363        f
374     -1653    -363        f
375     -1653    -363        f
376     -1654    -363        f
377     -1654    -363        f
378     -1654    -363        f
379     -1654    -363        f
380     -1654    -363        f
381     -1655    -363        f
382     -1655    -363        f
383     -1655    -363        f
384     -1655    -363        f
385     -1655    -363        f
386     -1655    -363        f
387     -1655    -363        f
388     -1655    -363        f
389     -1655    -363        f
390     -1655    -363        f
391     -1655    -363        f
392     -1655    -363        f
393     -1655    -363        f
394     -1655    -363        f
395     -1655    -364        f
396     -1657    -364        f
397     -1657    -364        l
398     -1657    -364        l
399     -1657    -364        l
400     -1657    -364        l
401     -1657    -364        l
402     -1657    -364        l
403     -1657    -364        l
404     -1657    -364        l
405     -1657    -364        l
406     -1657    -364        l
407     -1657    -364        l
408     -1657    -364        l
409     -1657    -364        l
410     -1657    -364        l
411     -1657    -364        l
412     -1657    -364        l
413     -1657    -364        l
414     -1657    -364        l
415     -1657    -364        l
416     -1657    -364        l
417     -1657    -364        l
418     -1657    -364        l
419     -1657    -364        l
420     -1657    -364        l
421     -1657    -364        l
422     -1657    -364        l
423     -1657    -364        l
424     -1657    -364        l
425     -1657    -364        l
426     -1657    -364        l
427     -1657    -364        l
428     -1657    -364        l
429     -1657    -364        l
430     -1657    -364        l
431     -1657    -364        l
432     -1657    -364        l
433     -1657    -364        l
434     -1657    -364        f
435     -1657    -364        f
436     -1657    -364        f
437     -1657    -364        f
438     -1657    -364        f
439     -1657    -364        f
440     -1657    -364        f
441     -1657    -364        f
442     -1657    -364        f
443     -1657    -364        f
444     -1657    -364        f
445     -1657    -364        f
446     -1657    -364        f
447     -1657    -364        f
448     -1657    -364        f
449     -1657    -364        f
450     -1657    -364        f
451     -1657    -364        f
452     -1657    -364        f
453     -1657    -364        f
454     -1657    -364        f
455     -1657    -364        f
456     -1657    -364        l
457     -1657    -364        l
458     -1657    -364        l
459     -1657    -364        l
460     -1657    -364        l
461     -1657    -364        l
462     -1657    -364        l
463     -1657    -364        l
464     -1657    -364        l
465     -1657    -364        l
466     -1657    -364        l
467     -1657    -364        l
468     -1657    -364        f
469     -1558    -252        f
470     -1462    -145        f
471     -1371    -43        f
472     -1284    53        f
473     -1200    146        f
474     -1121    235        f
475     -1045    320        f
476     -972    401        f
477     -902    478        f
478     -836    552        f
479     -774    622        f
480     -714    690        f
481     -657    754        f
482     -602    816        f
483     -550    874        f
484     -500    931        f
485     -451    984        f
486     -405    1035        f
487     -363    1084        f
488     -321    1131        f
489     -281    1175        f
490     -244    1218        f
491     -206    1259        f
492     -173    1297        f
493     -140    1334        f
494     -108    1369        f
495     -78    1403        f
496     -49    1435        f
497     -22    1466        f
498     3    1495        f
499     28    1523        f
500     52    1550        f
501     75    1576        f
502     97    1600        f
503     118    1623        f
504     138    1645        f
505     157    1667        f
506     175    1687        f
507     193    1705        f
508     209    1725        f
509     225    1743        f
510     240    1759        f
511     254    1776        f
512     269    1791        f
513     282    1805        f
514     294    1820        f
515     306    1832        f
516     318    1846        f
517     329    1857        f
518     339    1870        f
519     349    1880        f
520     359    1892        f
521     368    1902        f
522     377    1911        f
523     385    1921        f
524     393    1930        f
525     401    1938        f
526     408    1946        f
527     415    1954        f
528     421    1961        f
529     428    1968        f
530     434    1975        f
531     438    1980        f
532     445    1987        f
533     450    1993        f
534     455    1998        f
535     459    2004        f
536     465    2009        f
537     469    2014        f
538     473    2019        f
539     476    2023        f
540     480    2027        f
541     484    2030        f
542     488    2035        f
543     491    2039        f
544     494    2043        f
545     498    2046        f
546     500    2049        f
547     503    2052        f
548     505    2055        f
549     508    2058        f
550     511    2061        f
551     513    2063        f
552     515    2066        f
553     517    2068        f
554     519    2070        f
555     521    2072        f
556     523    2074        f
557     525    2076        f
558     526    2078        f
559     528    2080        f
560     528    2080        r
561     528    2080        r
562     528    2080        r
563     528    2080        r
564     528    2080        r
565     528    2080        r
566     528    2080        r
567     528    2080        r
568     528    2080        r
569     528    2080        r
570     528    2080        r
571     528    2080        r
572     528    2080        r
573     528    2080        r
574     528    2080        r
575     528    2080        r
576     528    2080        r
577     528    2080        r
578     528    2080        r
579     528    2080        r
580     528    2080        r
581     528    2080        r
582     529    2081        f
583     531    2083        f
584     532    2085        f
585     534    2086        f
586     535    2087        f
587     536    2089        f
588     537    2090        f
589     538    2091        f
590     539    2092        f
591     540    2094        f
592     541    2095        f
593     542    2096        f
594     543    2097        f
595     544    2097        f
596     545    2098        f
597     546    2099        f
598     546    2100        f
599     547    2101        f
600     547    2101        l
601     547    2101        l
602     547    2101        l
603     547    2101        l
604     547    2101        l
605     547    2101        l
606     547    2101        l
607     547    2101        l
608     548    2102        f
609     548    2102        f
610     549    2103        f
611     549    2104        f
612     550    2104        f
613     550    2105        f
614     551    2105        f
615     551    2106        f
616     552    2106        f
617     552    2107        f
618     553    2107        f
619     553    2108        f
620     554    2108        f
621     554    2109        f
622     554    2109        f
623     555    2109        f
624     555    2110        f
625     555    2110        f
626     555    2110        f
627     556    2111        f
628     556    2111        f
629     556    2111        f
630     557    2111        f
631     557    2112        f
632     557    2112        f
633     557    2112        f
634     557    2112        f
635     558    2113        f
636     558    2113        f
637     558    2113        f
638     558    2113        f
639     558    2113        f
640     558    2114        f
641     559    2114        f
642     559    2114        f
643     559    2114        f
644     559    2114        f
645     559    2114        f
646     559    2114        f
647     559    2114        f
648     559    2115        f
649     559    2115        f
650     560    2115        f
651     560    2115        f
652     560    2115        f
653     560    2115        f
654     560    2115        f
655     560    2115        f
656     560    2115        f
657     560    2115        f
658     560    2116        f
659     560    2116        f
660     560    2116        f
661     560    2116        f
662     560    2116        f
663     560    2116        f
664     561    2116        f
665     561    2116        f
666     561    2116        f
667     561    2116        f
668     561    2116        f
669     561    2116        f
670     561    2116        f
671     561    2116        f
672     561    2116        f
673     561    2116        f
674     561    2116        f
675     561    2116        f
676     561    2116        r
677     561    2116        r
678     561    2116        r
679     561    2116        r
680     561    2116        r
681     561    2116        r
682     561    2116        r
683     561    2116        r
684     561    2116        r
685     561    2116        r
686     561    2116        r
687     561    2116        r
688     561    2116        r
689     561    2116        r
690     561    2116        r
691     561    2116        r
692     561    2116        r
693     561    2116        r
694     561    2116        r
695     561    2116        r
696     561    2116        r
697     561    2116        r
698     561    2116        r
699     561    2116        r
700     561    2116        r
701     561    2116        r
702     561    2116        f
703     561    2116        f
704     561    2116        f
705     561    2116        f
706     561    2117        f
707     561    2117        f
708     561    2117        f
709     561    2117        f
710     561    2117        r
711     561    2117        r
712     561    2117        r
713     561    2117        r
714     561    2117        r
715     561    2117        r
716     561    2117        r
717     561    2117        r
718     561    2117        r
719     561    2117        r
720     561    2117        r
721     561    2117        r
722     561    2117        r
723     561    2117        f
724     528    1970        f
725     496    1830        f
726     465    1698        f
727     436    1570        f
728     408    1449        f
729     381    1332        f
730     356    1221        f
731     331    1115        f
732     308    1014        f
733     286    917        f
734     265    825        f
735     244    737        f
736     225    653        f
737     206    573        f
738     189    496        f
739     172    423        f
740     156    353        f
741     141    286        f
742     126    223        f
743     112    162        f
744     99    104        f
745     86    48        f
746     74    -4        f
747     62    -54        f
748     62    -54        r
749     62    -54        r
750     62    -54        r
751     62    -54        r
752     62    -54        r
753     62    -54        r
754     62    -54        r
755     62    -54        r
756     62    -54        r
757     62    -54        r
758     62    -54        r
759     62    -54        r
760     62    -54        r
761     62    -54        r
762     62    -54        r
763     62    -54        r
764     62    -54        r
765     62    -54        r
766     62    -54        r
767     62    -54        r
768     62    -54        r
769     62    -54        r
770     62    -54        r
771     62    -54        r
772     62    -54        r
773     62    -54        r
774     62    -54        r
775     62    -54        r
776     62    -54        f
777     -31    12        f
778     -120    76        f
779     -206    137        f
780     -288    196        f
781     -366    252        f
782     -441    305        f
783     -512    356        f
784     -580    405        f
785     -645    451        f
786     -707    496        f
787     -766    538        f
788     -823    579        f
789     -877    618        f
790     -928    655        f
791     -977    690        f
792     -1025    724        f
793     -1070    756        f
794     -1113    787        f
795     -1154    816        f
796     -1193    844        f
797     -1231    871        f
798     -1266    896        f
799     -1300    921        f
800     -1333    944        f
801     -1364    967        f
802     -1394    988        f
803     -1422    1008        f
804     -1449    1028        f
805     -1475    1046        f
806     -1500    1064        f
807     -1523    1081        f
808     -1546    1097        f
809     -1567    1113        f
810     -1588    1127        f
811     -1607    1141        f
812     -1626    1155        f
813     -1644    1168        f
814     -1661    1180        f
815     -1678    1192        f
816     -1693    1203        f
817     -1707    1214        f
818     -1722    1224        f
819     -1736    1234        f
820     -1748    1243        f
821     -1761    1252        f
822     -1773    1260        f
823     -1785    1268        f
824     -1795    1276        f
825     -1805    1283        f
826     -1816    1291        f
827     -1825    1297        f
828     -1834    1304        f
829     -1843    1310        f
830     -1851    1316        f
831     -1859    1321        f
832     -1866    1327        f
833     -1873    1332        f
834     -1880    1337        f
835     -1886    1341        f
836     -1893    1346        f
837     -1898    1350        f
838     -1904    1354        f
839     -1910    1358        f
840     -1914    1362        f
841     -1920    1365        f
842     -1925    1369        f
843     -1929    1372        f
844     -1932    1375        f
845     -1932    1375        l
846     -1932    1375        l
847     -1932    1375        l
848     -1932    1375        l
849     -1932    1375        l
850     -1932    1375        l
851     -1932    1375        l
852     -1932    1375        l
853     -1932    1375        l
854     -1932    1375        f
855     -1809    1375        f
856     -1689    1375        f
857     -1576    1375        f
858     -1468    1375        f
859     -1364    1374        f
860     -1265    1374        f
861     -1171    1374        f
862     -1081    1374        f
863     -994    1374        f
864     -913    1374        f
865     -834    1374        f
866     -759    1374        f
867     -687    1374        f
868     -619    1374        f
869     -554    1374        f
870     -491    1374        f
871     -432    1374        f
872     -375    1374        f
873     -375    1374        l
874     -375    1374        l
875     -375    1374        l
876     -375    1374        l
877     -375    1374        l
878     -375    1374        l
879     -375    1374        l
880     -375    1374        l
881     -375    1374        l
882     -375    1374        l
883     -375    1374        l
884     -375    1374        l
885     -375    1374        l
886     -375    1374        l
887     -321    1374        f
888     -269    1374        f
889     -220    1374        f
890     -173    1374        f
891     -128    1374        f
892     -85    1374        f
893     -43    1374        f
894     -4    1373        f
895     32    1373        f
896     68    1373        f
897     102    1373        f
898     135    1373        f
899     166    1373        f
900     196    1373        f
901     224    1373        f
902     250    1373        f
903     277    1373        f
904     302    1373        f
905     325    1373        f
906     348    1373        f
907     370    1373        f
908     390    1373        f
909     409    1373        f
910     429    1373        f
911     447    1373        f
912     463    1373        f
913     480    1373        f
914     496    1373        f
915     511    1373        f
916     525    1373        f
917     539    1373        f
918     552    1373        f
919     564    1373        f
920     576    1373        f
921     588    1373        f
922     598    1373        f
923     609    1373        f
924     619    1373        f
925     628    1373        f
926     637    1373        f
927     646    1373        f
928     654    1373        f
929     662    1373        f
930     669    1373        f
931     677    1373        f
932     683    1373        f
933     690    1373        f
934     696    1373        f
935     702    1373        f
936     708    1373        f
937     713    1373        f
938     719    1373        f
939     723    1373        f
940     728    1373        f
941     733    1373        f
942     737    1373        f
943     737    1373        r
944     737    1373        r
945     737    1373        r
946     737    1373        r
947     737    1373        r
948     737    1373        r
949     737    1373        r
950     737    1373        r
951     737    1373        r
952     737    1373        r
953     737    1373        r
954     737    1373        r
955     737    1373        r
956     737    1373        r
957     737    1373        r
958     737    1373        r
959     737    1373        r
960     737    1373        r
961     737    1373        r
962     737    1373        r
963     737    1373        r
964     737    1373        r
965     737    1373        f
966     679    1235        f
967     623    1103        f
968     570    977        f
969     519    856        f
970     471    741        f
971     424    632        f
972     380    526        f
973     338    426        f
974     298    330        f
975     259    239        f
976     222    151        f
977     187    68        f
978     154    -11        f
979     121    -87        f
980     91    -160        f
981     62    -229        f
982     34    -296        f
983     7    -359        f
984     -17    -420        f
985     -42    -478        f
986     -65    -533        f
987     -87    -586        f
988     -108    -636        f
989     -128    -684        f
990     -147    -730        f
991     -166    -774        f
992     -183    -815        f
993     -200    -855        f
994     -216    -893        f
995     -231    -930        f
996     -246    -965        f
997     -260    -998        f
998     -274    -1030        f
999     -286    -1060        f
1000     -299    -1089        f
1001     -310    -1117        f
1002     -321    -1143        f
1003     -332    -1168        f
1004     -342    -1192        f
1005     -352    -1215        f
1006     -361    -1237        f
1007     -361    -1237        r
1008     -361    -1237        r
1009     -361    -1237        r
1010     -361    -1237        r
1011     -361    -1237        r
1012     -361    -1237        r
1013     -361    -1237        r
1014     -361    -1237        r
1015     -361    -1237        r
1016     -361    -1237        r
1017     -361    -1237        r
1018     -361    -1237        r
1019     -361    -1237        f
1020     -425    -1164        f
1021     -486    -1094        f
1022     -545    -1026        f
1023     -600    -961        f
1024     -654    -901        f
1025     -704    -843        f
1026     -753    -787        f
1027     -799    -734        f
1028     -844    -683        f
1029     -886    -634        f
1030     -926    -587        f
1031     -965    -543        f
1032     -1002    -501        f
1033     -1037    -459        f
1034     -1037    -459        r
1035     -1037    -459        r
1036     -1037    -459        r
1037     -1037    -459        r
1038     -1037    -459        r
1039     -1037    -459        r
1040     -1037    -459        r
1041     -1037    -459        r
1042     -1037    -459        r
1043     -1037    -459        r
1044     -1037    -459        r
1045     -1037    -459        r
1046     -1037    -459        r
1047     -1037    -459        r
1048     -1037    -459        r
1049     -1037    -459        r
1050     -1037    -459        r
1051     -1037    -459        r
1052     -1037    -459        r
1053     -1037    -459        r
1054     -1037    -459        r
1055     -1037    -459        r
1056     -1037    -459        r
1057     -1037    -459        r
1058     -1037    -459        r
1059     -1037    -459        r
1060     -1037    -459        r
1061     -1037    -459        r
1062     -1037    -459        r
1063     -1037    -459        r
1064     -1037    -459        r
1065     -1037    -459        r
1066     -1037    -459        r
1067     -1037    -459        r
1068     -1037    -459        r
1069     -1037    -459        r
1070     -1037    -459        r
1071     -1037    -459        r
1072     -1037    -459        r
1073     -1037    -459        r
1074     -1037    -459        l
1075     -1037    -459        l
1076     -1037    -459        l
1077     -1037    -459        l
1078     -1037    -459        l
1079     -1037    -459        l
1080     -1037    -459        l
1081     -1037    -459        l
1082     -1037    -459        l
1083     -1037    -459        l
1084     -1037    -459        l
1085     -1037    -459        l
1086     -1037    -459        l
1087     -1037    -459        l
1088     -1037    -459        l
1089     -1037    -459        l
1090     -1037    -459        l
1091     -1037    -459        l
1092     -1037    -459        f
1093     -960    -459        f
1094     -886    -457        f
1095     -817    -455        f
1096     -751    -455        f
1097     -687    -453        f
1098     -626    -451        f
1099     -568    -451        f
1100     -513    -450        f
1101     -459    -449        f
1102     -409    -448        f
1103     -360    -447        f
1104     -314    -446        f
1105     -270    -445        f
1106     -227    -445        f
1107     -187    -444        f
1108     -148    -443        f
1109     -112    -442        f
1110     -76    -442        f
1111     -43    -441        f
1112     -11    -440        f
1113     19    -440        f
1114     48    -438        f
1115     76    -438        f
1116     103    -438        f
1117     129    -438        f
1118     153    -437        f
1119     176    -437        f
1120     199    -436        f
1121     220    -436        f
1122     240    -436        f
1123     260    -434        f
1124     278    -434        f
1125     296    -434        f
1126     313    -434        f
1127     329    -434        f
1128     344    -434        f
1129     359    -433        f
1130     373    -433        f
1131     387    -433        f
1132     399    -433        f
1133     412    -432        f
1134     423    -432        f
1135     434    -432        f
1136     445    -432        f
1137     455    -430        f
1138     465    -430        f
1139     475    -430        f
1140     483    -430        f
1141     492    -430        f
1142     500    -430        f
1143     508    -430        f
1144     515    -430        f
1145     522    -430        f
1146     529    -430        f
1147     535    -430        f
1148     541    -430        f
1149     547    -430        f
1150     553    -430        f
1151     558    -430        f
1152     563    -429        f
1153     568    -429        f
1154     573    -429        f
1155     577    -429        f
1156     582    -429        f
1157     586    -429        f
1158     590    -429        f
1159     593    -429        f
1160     597    -429        f
1161     600    -429        f
1162     603    -429        f
1163     607    -429        f
1164     609    -429        f
1165     612    -428        f
1166     615    -428        f
1167     618    -428        f
1168     620    -428        f
1169     622    -428        f
1170     625    -428        f
1171     627    -428        f
1172     629    -428        f
1173     631    -428        f
1174     633    -428        f
1175     634    -428        f
1176     636    -428        f
1177     638    -428        f
1178     639    -428        f
1179     641    -428        f
1180     642    -428        f
1181     642    -428        r
1182     642    -428        r
1183     642    -428        r
1184     642    -428        r
1185     642    -428        f
1186     525    -467        f
1187     413    -504        f
1188     308    -540        f
1189     206    -574        f
1190     109    -607        f
1191     17    -638        f
1192     -71    -667        f
1193     -155    -696        f
1194     -236    -723        f
1195     -313    -749        f
1196     -387    -773        f
1197     -458    -797        f
1198     -525    -819        f
1199     -589    -841        f
1200     0    0        f
1200     0    0        f
1200     0    0        f
1200     0    0        f
1200     0    0        f
1200     0    0        f
1200     0    0        f
1200     0    0        f
1200     0    0        f
1200     0    0        f
1200     0    0        f
1200     0    0        f
1200     0    0        f
1200     0    0        f
1200     0    0        f
1200     0    0        f
1200     0    0        f
1200     0    0        f
1200     0    0        f
1200     0    0        f
1200     0    0        f
1200     0    0        f
1200     0    0        f
1200     0    0        f
1200     0    0        f
1200     0    0        f
1200     0    0        f
1200     0    0        f
1200     0    0        f
1200     0    0        f
1200     0    0        f
1200     0    0        f
1200     0    0        f
1200     0    0        f
1200     0    0        f
1200     0    0        f
1200     0    0        f
1200     0    0        f
1200     0    0        f
1200     0    0        f
1200     0    0        f
1200     0    0        f
1200     0    0        f
1200     0    0        f
1200     0    0        f
1200     0    0        f
1200     0    0        f
1200     0    0        f
1200     0    0        f
1200     0    0        f
1200     0    0        f
1200     0    0        f
1200     0    0        f
1200     0    0        f
1200     0    0        f
1200     0    0        f
1200     0    0        f
1200     0    0        f
1200     0    0        f
1200     0    0        f
1200     0    0        f
1200     0    0        f
1200     0    0        f
1200     0    0        f
1200     0    0        f
1200     0    0        f
1200     0    0        f
1200     0    0        f
1200     0    0        f
1200     0    0        f
1200     0    0        f
1200     0    0        f
1200     0    0        f
1200     0    0        f
1200     0    0        f
1200     0    0        f
1200     0    0        f
1200     0    0        f
1200     0    0        f
1200     0    0        f
1200     0    0        f
1200     0    0        f
1200     0    0        f
1200     0    0        f
1200     0    0        f
1200     0    0        f
1200     0    0        f
1200     0    0        f
1200     0    0        f
1200     0    0        f
1200     0    0        f
1200     0    0        f
1200     0    0        f
1200     0    0        f
1200     0    0        f
1200     0    0        f
1200     0    0        f
1200     0    0        f
1200     0    0        f
1200     0    0        f
1200     0    0        f
1200     0    0        f
1201     0    0        f
1202     0    0        f
1203     0    0        f
1204     0    0        f
1205     0    0        f
1206     0    0        f
1207     0    0        f
1208     0    0        f
1209     0    0        f
1210     0    0        f
1211     0    0        f
1212     0    0        f
1213     0    0        f
1214     0    0        f
1215     0    0        f
1216     0    0        f
1217     0    0        f
1218     0    0        f
1219     0    0        f
1220     0    0        f
1221     0    0        f
1222     0    0        f
1223     0    0        f
1224     0    0        f
1225     0    0        f
1226     0    0        f
1227     0    0        f
1228     0    0        f
1229     0    0        f
1230     0    0        f
1231     0    0        f
1232     0    0        f
1233     0    0        f
1234     0    0        f
1235     0    0        f
1236     0    0        f
1237     0    0        f
1238     0    0        f
1239     0    0        f
1240     0    0        f
1241     0    0        f
1242     0    0        f
1243     0    0        f
1244     0    0        f
1245     0    0        f
1246     0    0        f
1247     0    0        f
1248     0    0        f
1249     0    0        f
1250     0    0        f
1251     0    0        f
1252     0    0        f
1253     0    0        f
1254     0    0        f
1255     0    0        f
1256     0    0        f
1257     0    0        f
1258     0    0        f
1259     0    0        f
1260     0    0        f
1261     0    0        f
1262     0    0        f
1263     0    0        f
1264     0    0        f
1265     0    0        f
1266     0    0        f
1267     0    0        f
1268     0    0        f
1269     0    0        f
1270     0    0        f
1271     0    0        f
1272     0    0        f
1273     0    0        f
1274     0    0        f
1275     0    0        f
1276     0    0        f
1277     0    0        f
1278     0    0        f
1279     0    0        f
1280     0    0        f
1281     0    0        f
1282     0    0        f
1283     0    0        f
1284     0    0        f
1285     0    0        f
1286     0    0        f
1287     0    0        f
1288     0    0        f
1289     0    0        f
1290     0    0        f
1291     0    0        f
1292     0    0        f
1293     0    0        f
1294     0    0        f
1295     0    0        f
1296     0    0        f
1297     0    0        f
1298     0    0        f
1299     0    0        f
1300     0    0        f
1301     0    0        f
1302     0    0        f
1303     0    0        f
1304     0    0        f
1305     0    0        r
1306     0    0        r
1307     0    0        r
1308     0    0        f
1309     -74    -19        f
1310     -144    -37        f
1311     -212    -54        f
1312     -276    -71        f
1313     -338    -87        f
1314     -397    -102        f
1315     -453    -117        f
1316     -507    -130        f
1317     -558    -144        f
1318     -607    -156        f
1319     -653    -168        f
1320     -698    -180        f
1321     -740    -191        f
1322     -781    -202        f
1323     -819    -212        f
1324     -857    -221        f
1325     -892    -229        f
1326     -926    -239        f
1327     -958    -247        f
1328     -989    -254        f
1329     -1019    -263        f
1330     -1047    -270        f
1331     -1074    -277        f
1332     -1099    -284        f
1333     -1124    -290        f
1334     -1147    -296        f
1335     -1170    -302        f
1336     -1191    -308        f
1337     -1211    -313        f
1338     -1231    -318        f
1339     -1250    -323        f
1340     -1267    -327        f
1341     -1284    -332        f
1342     -1301    -336        f
1343     -1316    -340        f
1344     -1331    -344        f
1345     -1345    -347        f
1346     -1359    -351        f
1347     -1371    -354        f
1348     -1384    -357        f
1349     -1395    -360        f
1350     -1407    -363        f
1351     -1417    -366        f
1352     -1428    -369        f
1353     -1437    -371        f
1354     -1447    -374        f
1355     -1456    -376        f
1356     -1464    -378        f
1357     -1472    -380        f
1358     -1480    -382        f
1359     -1487    -384        f
1360     -1494    -386        f
1361     -1501    -388        f
1362     -1508    -389        f
1363     -1514    -391        f
1364     -1520    -392        f
1365     -1525    -394        f
1366     -1531    -395        f
1367     -1536    -396        f
1368     -1541    -398        f
1369     -1545    -399        f
1370     -1545    -399        l
1371     -1545    -399        l
1372     -1545    -399        l
1373     -1545    -399        f
1374     -1410    -463        f
1375     -1281    -526        f
1376     -1158    -585        f
1377     -1040    -641        f
1378     -927    -695        f
1379     -819    -747        f
1380     -718    -796        f
1381     -620    -843        f
1382     -527    -888        f
1383     -437    -931        f
1384     -352    -972        f
1385     -270    -1011        f
1386     -193    -1049        f
1387     -118    -1085        f
1388     -47    -1119        f
1389     19    -1151        f
1390     84    -1182        f
1391     146    -1212        f
1392     204    -1241        f
1393     261    -1268        f
1394     315    -1294        f
1395     367    -1319        f
1396     416    -1342        f
1397     463    -1365        f
1398     508    -1386        f
1399     550    -1407        f
1400     591    -1427        f
1401     631    -1446        f
1402     668    -1464        f
1403     704    -1481        f
1404     738    -1497        f
1405     770    -1513        f
1406     801    -1528        f
1407     831    -1542        f
1408     859    -1556        f
1409     886    -1569        f
1410     911    -1581        f
1411     936    -1593        f
1412     960    -1604        f
1413     982    -1614        f
1414     1003    -1625        f
1415     1024    -1635        f
1416     1044    -1645        f
1417     1063    -1654        f
1418     1080    -1662        f
1419     1097    -1670        f
1420     1114    -1678        f
1421     1129    -1686        f
1422     1144    -1693        f
1423     1158    -1700        f
1424     1172    -1705        f
1425     1185    -1713        f
1426     1197    -1718        f
1427     1209    -1723        f
1428     1220    -1730        f
1429     1231    -1735        f
1430     1241    -1739        f
1431     1251    -1744        f
1432     1260    -1748        f
1433     1269    -1753        f
1434     1277    -1757        f
1435     1285    -1761        f
1436     1293    -1764        f
1437     1293    -1764        r
1438     1293    -1764        r
1439     1293    -1764        r
1440     1293    -1764        f
1441     1171    -1678        f
1442     1171    -1678        l
1443     1171    -1678        l
1444     1171    -1678        l
1445     1171    -1678        l
1446     1171    -1678        l
1447     1171    -1678        l
1448     1171    -1678        l
1449     1171    -1678        f
1450     1247    -1679        f
1451     1320    -1680        f
1452     1390    -1680        f
1453     1457    -1680        f
1454     1520    -1682        f
1455     1581    -1682        f
1456     1639    -1682        f
1457     1695    -1684        f
1458     1748    -1684        f
1459     1798    -1685        f
1460     1847    -1685        f
1461     1893    -1686        f
1462     1937    -1686        f
1463     1979    -1687        f
1464     2019    -1687        f
1465     2057    -1688        f
1466     2094    -1688        f
1467     2129    -1688        f
1468     2163    -1689        f
1469     2195    -1689        f
1470     2225    -1689        f
1471     2254    -1689        f
1472     2282    -1689        f
1473     2309    -1689        f
1474     2334    -1689        f
1475     2359    -1691        f
1476     2382    -1691        f
1477     2404    -1691        f
1478     2425    -1691        f
1479     2445    -1692        f
1480     2465    -1692        f
1481     2483    -1692        f
1482     2501    -1692        f
1483     2518    -1692        f
1484     2534    -1692        f
1485     2549    -1693        f
1486     2564    -1693        f
1487     2578    -1693        f
1488     2591    -1693        f
1489     2604    -1693        f
1490     2616    -1693        f
1491     2628    -1693        f
1492     2639    -1694        f
1493     2649    -1694        f
1494     2660    -1694        f
1495     2669    -1694        f
1496     2678    -1694        f
1497     2687    -1694        f
1498     2696    -1694        f
1499     2704    -1694        f
1500     2712    -1694        f
1501     2719    -1694        f
1502     2726    -1694        f
1503     2733    -1695        f
1504     2739    -1695        f
1505     2745    -1695        f
1506     2751    -1695        f
1507     2757    -1695        f
1508     2762    -1695        f
1509     2767    -1695        f
1510     2772    -1695        f
1511     2777    -1695        f
1512     2781    -1695        f
1513     2785    -1695        f
1514     2789    -1695        f
1515     2793    -1695        f
1516     2797    -1695        f
1517     2800    -1695        f
1518     2804    -1695        f
1519     2807    -1695        f
1520     2810    -1695        f
1521     2813    -1695        f
1522     2816    -1695        f
1523     2818    -1695        f
1524     2821    -1695        f
1525     2823    -1695        f
1526     2826    -1695        f
1527     2828    -1696        f
1528     2830    -1696        f
1529     2832    -1696        f
1530     2834    -1696        f
1531     2836    -1696        f
1532     2838    -1696        f
1533     2839    -1696        f
1534     2841    -1696        f
1535     2842    -1696        f
1536     2844    -1696        f
1537     2845    -1696        f
1538     2847    -1696        f
1539     2848    -1696        f
1540     2848    -1696        r
1541     2848    -1696        r
1542     2848    -1696        r
1543     2848    -1696        r
1544     2848    -1696        r
1545     2848    -1696        r
1546     2848    -1696        r
1547     2848    -1696        r
1548     2848    -1696        r
1549     2848    -1696        r
1550     2848    -1696        r
1551     2848    -1696        r
1552     2848    -1696        r
1553     2848    -1696        r
1554     2848    -1696        r
1555     2848    -1696        r
1556     2848    -1696        r
1557     2848    -1696        r
1558     2848    -1696        r
1559     2849    -1696        f
1560     2850    -1696        f
1561     2851    -1696        f
1562     2852    -1696        f
1563     2853    -1696        f
1564     2854    -1696        f
1565     2855    -1696        f
1566     2856    -1696        f
1567     2857    -1696        f
1568     2858    -1696        f
1569     2859    -1696        f
1570     2859    -1696        f
1571     2860    -1696        f
1572     2861    -1696        f
1573     2861    -1696        f
1574     2862    -1696        f
1575     2863    -1696        f
1576     2863    -1696        f
1577     2864    -1696        f
1578     2864    -1696        f
1579     2864    -1696        l
1580     2864    -1696        l
1581     2864    -1696        l
1582     2864    -1696        f
1583     2979    -1599        f
1584     3088    -1507        f
1585     3193    -1418        f
1586     3292    -1334        f
1587     3388    -1254        f
1588     3479    -1177        f
1589     3565    -1104        f
1590     3649    -1034        f
1591     3728    -967        f
1592     3804    -902        f
1593     3876    -843        f
1594     3945    -785        f
1595     4011    -729        f
1596     4074    -676        f
1597     4135    -625        f
1598     4192    -577        f
1599     4247    -531        f
1600     4299    -487        f
1601     4349    -444        f
1602     4397    -404        f
1603     4443    -366        f
1604     4443    -366        r
1605     4443    -366        r
1606     4443    -366        r
1607     4443    -366        r
1608     4486    -329        f
1609     4486    -329        r
1610     4486    -329        r
1611     4486    -329        r
1612     4486    -329        r
1613     4486    -329        r
1614     4486    -329        r
1615     4486    -329        r
1616     4486    -329        r
1617     4486    -329        r
1618     4528    -294        f
1619     4568    -261        f
1620     4605    -229        f
1621     4642    -198        f
1622     4676    -169        f
1623     4709    -141        f
1624     4741    -114        f
1625     4771    -89        f
1626     4800    -65        f
1627     4827    -42        f
1628     4854    -20        f
1629     4879    0        f
1630     4902    21        f
1631     4925    40        f
1632     4947    57        f
1633     4968    76        f
1634     4988    92        f
1635     5007    108        f
1636     0    0        f
1637     0    0        f
1638     0    0        f
1639     0    0        f
1640     0    0        f
1641     0    0        f
1642     0    0        f
1643     0    0        f
1644     0    0        f
1645     0    0        f
1646     0    0        f
1647     0    0        f
1648     0    0        f
1649     0    0        f
1650     0    0        f
1651     0    0        f
1652     0    0        f
1653     0    0        f
1654     0    0        f
1655     0    0        f
1656     0    0        f
1657     0    0        f
1658     0    0        f
1659     0    0        f
1660     0    0        f
1661     0    0        f
1662     0    0        f
1663     0    0        f
1664     0    0        f
1665     0    0        f
1666     0    0        f
1667     0    0        f
1668     0    0        f
1669     0    0        f
1670     0    0        f
1671     0    0        f
1672     0    0        f
1673     0    0        f
1674     0    0        f
1675     0    0        f
1676     0    0        f
1677     0    0        f
1678     0    0        f
1679     0    0        f
1680     0    0        f
1681     0    0        f
1682     0    0        f
1683     0    0        f
1684     0    0        f
1685     0    0        f
1686     0    0        f
1687     0    0        f
1688     0    0        f
1689     0    0        f
1690     0    0        f
1691     0    0        f
1692     0    0        f
1693     0    0        f
1694     0    0        f
1695     0    0        f
1696     0    0        f
1697     0    0        f
1698     0    0        f
1699     0    0        f
1700     0    0        f
1701     0    0        f
1702     0    0        f
1703     0    0        f
1704     0    0        f
1705     0    0        f
1706     0    0        f
1707     0    0        f
1708     0    0        f
1709     0    0        f
1710     0    0        f
1711     0    0        f
1712     0    0        f
1713     0    0        f
1714     0    0        f
1715     0    0        f
1716     0    0        f
1717     0    0        f
1718     0    0        f
1719     0    0        f
1720     0    0        f
1721     0    0        f
1722     0    0        f
1723     0    0        f
1724     0    0        f
1725     0    0        f
1726     0    0        f
1727     0    0        f
1728     0    0        f
1729     0    0        f
1730     0    0        f
1731     0    0        f
1732     0    0        f
1733     0    0        f
1734     0    0        f
1735     0    0        f
1736     0    0        f
1737     0    0        f
1738     0    0        f
1739     0    0        f
1740     0    0        f
1741     0    0        f
1742     0    0        l
1743     0    0        l
1744     0    0        l
1745     0    0        l
1746     0    0        l
1747     0    0        l
1748     0    0        l
1749     0    0        l
1750     0    0        l
1751     0    0        l
1752     0    0        l
1753     0    0        l
1754     0    0        l
1755     0    0        l
1756     0    0        l
1757     0    0        l
1758     0    0        l
1759     0    0        l
1760     0    0        l
1761     0    0        l
1762     0    0        l
1763     0    0        l
1764     0    0        l
1765     0    0        l
1766     0    0        l
1767     0    0        l
1768     0    0        l
1769     0    0        l
1770     0    0        l
1771     0    0        l
1772     0    0        l
1773     0    0        l
1774     0    0        l
1775     0    0        l
1776     0    0        l
1777     0    0        l
1778     0    0        l
1779     0    0        l
1780     0    0        l
1781     0    0        f
1782     0    0        f
1783     0    0        f
1784     0    0        f
1785     0    0        f
1786     0    0        f
1787     0    0        f
1788     0    0        f
1789     0    0        f
1790     0    0        f
1791     0    0        f
1792     0    0        f
1793     0    0        f
1794     0    0        f
1795     0    0        f
1796     0    0        f
1797     0    0        f
1798     0    0        f
1799     0    0        f
1800     0    0        f
1801     0    0        f
1802     0    0        f
1803     0    0        f
1804     0    0        f
1805     0    0        f
1806     0    0        f
1807     0    0        f
1808     0    0        l
1809     0    0        l
1810     0    0        l
1811     0    0        l
1812     0    0        l
1813     0    0        l
1814     0    0        l
1815     0    0        l
1816     0    0        l
1817     0    0        l
1818     0    0        l
1819     0    0        l
1820     0    0        l
1821     0    0        l
1822     0    0        l
1823     0    0        l
1824     0    0        l
1825     0    0        l
1826     0    0        l
1827     0    0        l
1828     0    0        l
1829     0    0        l
1830     0    0        l
1831     0    0        l
1832     0    0        l
1833     0    0        l
1834     0    0        l
1835     0    0        f
1836     67    -35        f
1837     132    -70        f
1838     193    -102        f
1839     252    -133        f
1840     309    -163        f
1841     362    -192        f
1842     413    -219        f
1843     463    -245        f
1844     509    -269        f
1845     554    -293        f
1846     597    -315        f
1847     638    -337        f
1848     677    -358        f
1849     714    -377        f
1850     750    -396        f
1851     783    -413        f
1852     816    -430        f
1853     847    -448        f
1854     876    -463        f
1855     903    -478        f
1856     931    -492        f
1857     957    -505        f
1858     982    -519        f
1859     1005    -532        f
1860     1027    -543        f
1861     1049    -555        f
1862     1069    -566        f
1863     1089    -576        f
1864     1107    -586        f
1865     1125    -595        f
1866     1142    -604        f
1867     1158    -613        f
1868     1174    -621        f
1869     1189    -629        f
1870     1203    -636        f
1871     1216    -644        f
1872     1229    -650        f
1873     1242    -657        f
1874     1253    -663        f
1875     1265    -669        f
1876     1275    -675        f
1877     1286    -680        f
1878     1296    -685        f
1879     1305    -690        f
1880     1314    -695        f
1881     1322    -700        f
1882     1331    -704        f
1883     1331    -704        l
1884     1331    -704        l
1885     1331    -704        r
1886     1331    -704        l
1887     1331    -704        l
1888     1331    -704        r
1889     1331    -704        r
1890     1331    -704        l
1891     1331    -704        r
1892     1331    -704        l
1893     1331    -704        r
1894     1331    -704        l
1895     1331    -704        l
1896     1331    -704        r
1897     1331    -704        r
1898     1331    -704        r
1899     1331    -704        r
1900     1331    -704        r
1901     1331    -704        r
1902     1331    -704        r
1903     1331    -704        r
1904     1331    -704        r
1905     1331    -704        r
1906     1331    -704        r
1907     1331    -704        r
1908     1331    -704        r
1909     1331    -704        f
1910     1265    -665        f
1911     1201    -629        f
1912     1141    -593        f
1913     1084    -560        f
1914     1029    -528        f
1915     977    -497        f
1916     926    -468        f
1917     878    -440        f
1918     833    -413        f
1919     790    -388        f
1920     748    -364        f
1921     708    -341        f
1922     670    -319        f
1923     670    -319        l
1924     670    -319        f
1925     720    -373        f
1926     767    -425        f
1927     811    -475        f
1928     855    -522        f
1929     896    -568        f
1930     935    -611        f
1931     972    -652        f
1932     1008    -692        f
1933     1042    -730        f
1934     1075    -766        f
1935     1106    -800        f
1936     1136    -833        f
1937     1164    -864        f
1938     1191    -894        f
1939     1217    -923        f
1940     1242    -950        f
1941     1266    -977        f
1942     1288    -1002        f
1943     1310    -1025        f
1944     1331    -1048        f
1945     1350    -1070        f
1946     1369    -1091        f
1947     1387    -1110        f
1948     1404    -1129        f
1949     1420    -1147        f
1950     1436    -1164        f
1951     1451    -1181        f
1952     1465    -1197        f
1953     1479    -1212        f
1954     1492    -1226        f
1955     1504    -1240        f
1956     1516    -1253        f
1957     1528    -1265        f
1958     1538    -1277        f
1959     1549    -1289        f
1960     1559    -1299        f
1961     1568    -1310        f
1962     1577    -1320        f
1963     1586    -1329        f
1964     1594    -1338        f
1965     1602    -1347        f
1966     1609    -1355        f
1967     1616    -1363        f
1968     1623    -1370        f
1969     1630    -1378        f
1970     1636    -1385        f
1971     1642    -1391        f
1972     1648    -1397        f
1973     1653    -1403        f
1974     1657    -1409        f
1975     1663    -1415        f
1976     1668    -1420        f
1977     1672    -1425        f
1978     1677    -1429        f
1979     1680    -1434        f
1980     1680    -1434        r
1981     1680    -1434        r
1982     1680    -1434        f
1983     1680    -1434        r
1984     1680    -1434        r
1985     1680    -1434        r
1986     1680    -1434        f
1987     1680    -1434        l
1988     1680    -1434        l
1989     1680    -1434        l
1990     1680    -1434        f
1991     1755    -1418        f
1992     1827    -1403        f
1993     1895    -1388        f
1994     1961    -1374        f
1995     2023    -1361        f
1996     2082    -1348        f
1997     2139    -1336        f
1998     2194    -1324        f
1999     2245    -1313        f
2000     2295    -1303        f
2001     2342    -1293        f
2002     2387    -1283        f
2003     2430    -1274        f
2004     2472    -1265        f
2005     2511    -1257        f
2006     2548    -1248        f
2007     2584    -1241        f
2008     2618    -1234        f
2009     2651    -1227        f
2010     2682    -1220        f
2011     2712    -1213        f
2012     2740    -1207        f
2013     2767    -1202        f
2014     2793    -1196        f
2015     2818    -1191        f
2016     2842    -1186        f
2017     2864    -1181        f
2018     2886    -1176        f
2019     2907    -1172        f
2020     2926    -1168        f
2021     2945    -1164        f
2022     2963    -1160        f
2023     2980    -1156        f
2024     2997    -1153        f
2025     3012    -1149        f
2026     3027    -1146        f
2027     3041    -1143        f
2028     3055    -1140        f
2029     3068    -1137        f
2030     3080    -1135        f
2031     3092    -1132        f
2032     3103    -1130        f
2033     3114    -1127        f
2034     3125    -1125        f
2035     3134    -1123        f
2036     3144    -1121        f
2037     3153    -1119        f
2038     3161    -1117        f
2039     3170    -1115        f
2040     3177    -1114        f
2041     3185    -1112        f
2042     3192    -1111        f
2043     3199    -1109        f
2044     3204    -1108        f
2045     3211    -1106        f
2046     3217    -1105        f
2047     3222    -1104        f
2048     3229    -1103        f
2049     3234    -1102        f
2050     3239    -1101        f
2051     3243    -1100        f
2052     3247    -1099        f
2053     3252    -1098        f
2054     3256    -1097        f
2055     3260    -1096        f
2056     3264    -1095        f
2057     3267    -1094        f
2058     3271    -1094        f
2059     3274    -1093        f
2060     3277    -1092        f
2061     3279    -1092        f
2062     3283    -1091        f
2063     3286    -1090        f
2064     3288    -1090        f
2065     3290    -1089        f
2066     3293    -1089        f
2067     3295    -1088        f
2068     3297    -1088        f
2069     3299    -1087        f
2070     3301    -1087        f
2071     3303    -1087        f
2072     3304    -1086        f
2073     3307    -1086        f
2074     3308    -1086        f
2075     3310    -1085        f
2076     3311    -1085        f
2077     3313    -1085        f
2078     3314    -1084        f
2079     3315    -1084        f
2080     3317    -1084        f
2081     3318    -1083        f
2082     3319    -1083        f
2083     3320    -1083        f
2084     3321    -1083        f
2085     3322    -1083        f
2086     3322    -1082        f
2087     3324    -1082        f
2088     3325    -1082        f
2089     3326    -1082        f
2090     3326    -1082        f
2091     3327    -1081        f
2092     3327    -1081        r
2093     3327    -1081        r
2094     3327    -1081        r
2095     3327    -1081        r
2096     3327    -1081        r
2097     3327    -1081        r
2098     3327    -1081        r
2099     3327    -1081        r
2100     3327    -1081        r
2101     3327    -1081        r
2102     3327    -1081        r
2103     3327    -1081        r
2104     3327    -1081        r
2105     3327    -1081        r
2106     3327    -1081        r
2107     3327    -1081        r
2108     3327    -1081        r
2109     3327    -1081        r
2110     3327    -1081        r
2111     3327    -1081        r
2112     3327    -1081        r
2113     3327    -1081        l
2114     3327    -1081        l
2115     3327    -1081        l
2116     3327    -1081        l
2117     3327    -1081        l
2118     3327    -1081        l
2119     3327    -1081        l
2120     3327    -1081        l
2121     3327    -1081        l
2122     3327    -1081        f
2123     3451    -997        f
2124     3451    -997        r
2125     3451    -997        r
2126     3451    -997        r
2127     3451    -997        r
2128     3451    -997        r
2129     3451    -997        r
2130     3451    -997        r
2131     3451    -997        r
2132     3451    -997        r
2133     3451    -997        r
2134     3451    -997        r
2135     3451    -997        r
2136     3451    -997        r
2137     3451    -997        r
2138     3451    -997        r
2139     3451    -997        r
2140     3451    -997        r
2141     3451    -997        r
2142     3451    -997        r
2143     3451    -997        r
2144     3451    -997        r
2145     3451    -997        r
2146     3451    -997        r
2147     3451    -997        r
2148     3451    -997        r
2149     3451    -997        r
2150     3451    -997        r
2151     3451    -997        r
2152     3451    -997        r
2153     3451    -997        r
2154     3451    -997        r
2155     3451    -997        r
2156     3451    -997        r
2157     3451    -997        r
2158     3451    -997        r
2159     3451    -997        r
2160     3451    -997        r
2161     3451    -997        r
2162     3451    -997        r
2163     3451    -997        r
2164     3451    -997        r
2165     3451    -997        r
2166     3451    -997        r
2167     3451    -997        r
2168     3451    -997        r
2169     3451    -997        r
2170     3451    -997        r
2171     3451    -997        l
2172     3451    -997        r
2173     3451    -997        l
2174     3451    -997        r
2175     3451    -997        l
2176     3451    -997        l
2177     3451    -997        r
2178     3451    -997        l
2179     3451    -997        r
2180     3451    -997        r
2181     3451    -997        r
2182     3451    -997        r
2183     3451    -997        r
2184     3451    -997        r
2185     3451    -997        r
2186     3451    -997        r
2187     3451    -997        r
2188     3451    -997        r
2189     3451    -997        r
2190     3451    -997        r
2191     3451    -997        r
2192     3451    -997        r
2193     3379    -884        r
2194     3379    -884        f
2195     3429    -882        f
2196     3477    -881        f
2197     3522    -880        f
2198     3565    -878        f
2199     3608    -877        f
2200     3374    -886        r
2201     3374    -886        r
2202     3374    -886        r
2203     3374    -886        r
2204     3374    -886        r
2205     3374    -886        r
2206     3374    -886        r
2207     3374    -886        r
2208     3374    -886        r
2209     3374    -886        r
2210     3374    -886        r
2211     3374    -886        r
2212     3374    -886        r
2213     3374    -886        r
2214     3374    -886        r
2215     3374    -886        r
2216     3374    -886        r
2217     3374    -886        r
2218     3374    -886        r
2219     3374    -886        r
2220     3374    -886        f
2221     3372    -886        f
2222     3372    -888        f
2223     3372    -888        f
2224     3371    -889        f
2225     3371    -889        f
2226     3370    -889        f
2227     3370    -889        f
2228     3370    -889        l
2229     3370    -889        f
2230     3504    -825        f
2231     3635    -764        f
2232     3758    -705        f
2233     3876    -649        f
2234     3988    -595        f
2235     4096    -544        f
2236     4199    -495        f
2237     4297    -449        f
2238     4391    -404        f
2239     4480    -362        f
2240     4566    -321        f
2241     4648    -282        f
2242     4726    -245        f
2243     4800    -210        f
2244     4872    -176        f
2245     4940    -144        f
2246     5005    -112        f
2247     0    0        f
2248     0    0        f
2249     0    0        f
2250     0    0        f
2251     0    0        f
2252     0    0        f
2253     0    0        f
2254     0    0        f
2255     0    0        f
2256     0    0        f
2257     0    0        f
2258     0    0        f
2259     0    0        f
2260     0    0        f
2261     0    0        f
2262     0    0        f
2263     0    0        f
2264     0    0        f
2265     0    0        f
2266     0    0        f
2267     0    0        f
2268     0    0        f
2269     0    0        f
2270     0    0        f
2271     0    0        f
2272     0    0        f
2273     0    0        f
2274     0    0        f
2275     0    0        f
2276     0    0        f
2277     0    0        f
2278     0    0        f
2279     0    0        f
2280     0    0        f
2281     0    0        f
2282     0    0        f
2283     0    0        f
2284     0    0        f
2285     0    0        f
2286     0    0        f
2287     0    0        f
2288     0    0        f
2289     0    0        f
2290     0    0        f
2291     0    0        f
2292     0    0        f
2293     0    0        f
2294     0    0        f
2295     0    0        f
2296     0    0        f
2297     0    0        f
2298     0    0        f
2299     0    0        f
2300     0    0        f
2301     0    0        f
2302     0    0        f
2303     0    0        f
2304     0    0        f
2305     0    0        f
2306     0    0        f
2307     0    0        f
2308     0    0        f
2309     0    0        f
2310     0    0        f
2311     0    0        f
2312     0    0        f
2313     0    0        f
2314     0    0        f
2315     0    0        f
2316     0    0        f
2317     0    0        f
2318     0    0        f
2319     0    0        f
2320     0    0        f
2321     0    0        f
2322     0    0        f
2323     0    0        f
2324     0    0        f
2325     0    0        f
2326     0    0        f
2327     0    0        f
2328     0    0        f
2329     0    0        f
2330     0    0        f
2331     0    0        f
2332     0    0        f
2333     0    0        f
2334     0    0        f
2335     0    0        f
2336     0    0        f
2337     0    0        f
2338     0    0        f
2339     0    0        f
2340     0    0        f
2341     0    0        f
2342     0    0        f
2343     0    0        f
2344     0    0        f
2345     0    0        f
2346     0    0        f
2347     0    0        f
2348     0    0        f
2349     0    0        f
2350     0    0        f
2351     0    0        f
2352     0    0        f
2353     0    0        f
2354     0    0        l
2355     0    0        l
2356     0    0        l
2357     0    0        l
2358     0    0        l
2359     0    0        f
2360     70    -30        f
2361     137    -59        f
2362     200    -86        f
2363     262    -112        f
2364     321    -138        f
2365     377    -162        f
2366     430    -185        f
2367     480    -206        f
2368     529    -227        f
2369     576    -247        f
2370     620    -266        f
2371     663    -285        f
2372     703    -302        f
2373     742    -319        f
2374     779    -334        f
2375     814    -350        f
2376     848    -364        f
2377     880    -378        f
2378     910    -391        f
2379     940    -404        f
2380     967    -416        f
2381     994    -426        f
2382     1019    -438        f
2383     1044    -449        f
2384     1067    -459        f
2385     1089    -468        f
2386     1110    -476        f
2387     1131    -486        f
2388     1150    -494        f
2389     1169    -501        f
2390     1186    -509        f
2391     1203    -517        f
2392     1219    -524        f
2393     1234    -531        f
2394     1249    -537        f
2395     1263    -543        f
2396     1276    -549        f
2397     1289    -554        f
2398     1301    -559        f
2399     1313    -564        f
