step   ball_X    ball_Y    side
0     0    0        f
0     0    0        f
0     0    0        f
0     0    0        f
0     0    0        f
0     0    0        f
0     0    0        f
0     0    0        f
0     0    0        f
0     0    0        f
0     0    0        f
0     0    0        f
1     0    0        f
2     0    0        f
3     0    0        f
4     0    0        f
5     0    0        f
6     0    0        f
7     0    0        f
8     0    0        f
9     0    0        f
10     0    0        f
11     0    0        f
12     0    0        f
13     0    0        f
14     0    0        f
15     0    0        f
16     0    0        f
17     0    0        f
18     0    0        f
19     0    0        f
20     0    0        f
21     0    0        f
22     0    0        f
23     0    0        f
24     0    0        f
25     0    0        f
26     0    0        f
27     0    0        f
28     0    0        f
29     0    0        f
30     0    0        f
31     0    0        f
32     0    0        f
33     0    0        f
34     0    0        f
35     0    0        f
36     0    0        f
37     0    0        f
38     0    0        f
39     0    0        f
40     0    0        f
41     0    0        f
42     0    0        f
43     0    0        f
44     0    0        f
45     0    0        f
46     0    0        f
47     0    0        f
48     0    0        f
49     0    0        f
50     0    0        f
51     0    0        f
52     0    0        f
53     0    0        f
54     0    0        f
55     0    0        f
56     0    0        f
57     0    0        f
58     0    0        f
59     0    0        f
60     0    0        f
61     0    0        f
62     0    0        f
63     0    0        f
64     0    0        f
65     0    0        f
66     0    0        f
67     0    0        f
68     0    0        f
69     0    0        f
70     0    0        f
71     0    0        f
72     0    0        f
73     0    0        f
74     0    0        f
75     0    0        f
76     0    0        f
77     0    0        f
78     0    0        f
79     0    0        f
80     0    0        f
81     0    0        f
82     0    0        f
83     0    0        f
84     0    0        f
85     0    0        f
86     0    0        f
87     0    0        f
88     0    0        f
89     0    0        f
90     0    0        f
91     0    0        f
92     0    0        f
93     0    0        f
94     0    0        f
95     0    0        f
96     0    0        f
97     0    0        f
98     0    0        f
99     0    0        f
100     0    0        f
101     0    0        f
102     0    0        f
103     0    0        f
104     0    0        f
105     0    0        l
106     0    0        l
107     0    0        l
108     0    0        l
109     0    0        l
110     0    0        l
111     0    0        f
112     74    16        f
113     146    31        f
114     214    46        f
115     279    60        f
116     341    74        f
117     401    87        f
118     458    99        f
119     512    111        f
120     564    122        f
121     613    132        f
122     660    143        f
123     705    152        f
124     749    162        f
125     790    171        f
126     828    179        f
127     867    187        f
128     902    195        f
129     936    202        f
130     969    210        f
131     1000    216        f
132     1030    223        f
133     1059    229        f
134     1086    235        f
135     1112    241        f
136     1137    246        f
137     1160    250        f
138     1183    256        f
139     1205    261        f
140     1225    265        f
141     1245    269        f
142     1264    273        f
143     1282    277        f
144     1299    281        f
145     1315    285        f
146     1331    288        f
147     1346    291        f
148     1360    294        f
149     1374    297        f
150     1387    300        f
151     1399    303        f
152     1411    305        f
153     1423    308        f
154     1433    310        f
155     1444    313        f
156     1454    315        f
157     1463    317        f
158     1463    317        r
159     1463    317        r
160     1463    317        f
161     1413    411        f
162     1366    501        f
163     1320    587        f
164     1277    669        f
165     1236    747        f
166     1196    821        f
167     1158    893        f
168     1122    961        f
169     1088    1026        f
170     1055    1088        f
171     1024    1147        f
172     994    1204        f
173     965    1258        f
174     938    1310        f
175     911    1359        f
176     886    1406        f
177     863    1451        f
178     841    1494        f
179     819    1535        f
180     798    1574        f
181     778    1612        f
182     760    1647        f
183     742    1682        f
184     724    1714        f
185     708    1745        f
186     692    1775        f
187     677    1803        f
188     663    1830        f
189     649    1855        f
190     636    1880        f
191     624    1905        f
192     612    1927        f
193     600    1948        f
194     589    1969        f
195     579    1989        f
196     569    2007        f
197     560    2025        f
198     560    2025        l
199     560    2025        l
200     560    2025        f
201     627    1989        f
202     691    1954        f
203     753    1921        f
204     811    1889        f
205     867    1859        f
206     921    1830        f
207     972    1802        f
208     1019    1776        f
209     1067    1750        f
210     1111    1726        f
211     1153    1703        f
212     1194    1680        f
213     1233    1660        f
214     1269    1639        f
215     1305    1621        f
216     1338    1603        f
217     1371    1585        f
218     1401    1569        f
219     1431    1553        f
220     1459    1538        f
221     1485    1523        f
222     1511    1509        f
223     1535    1496        f
224     1558    1483        f
225     1581    1471        f
226     1581    1471        r
227     1581    1471        r
228     1602    1460        f
229     1602    1460        r
230     1622    1449        f
231     1622    1449        r
232     1642    1438        f
233     1642    1438        r
234     1660    1428        f
235     1660    1428        r
236     1678    1419        f
237     1678    1419        r
238     1695    1410        f
239     1695    1410        r
240     1711    1401        f
241     1726    1393        f
242     1741    1385        f
243     1755    1377        f
244     1768    1370        f
245     1780    1363        f
246     1794    1356        f
247     1805    1350        f
248     1816    1344        f
249     1827    1338        f
250     1837    1333        f
251     1847    1327        f
252     1855    1322        f
253     1864    1317        f
254     1873    1313        f
255     1882    1308        f
256     1889    1304        f
257     1897    1300        f
258     1904    1297        f
259     1910    1293        f
260     1917    1289        f
261     1923    1286        f
262     1929    1283        f
263     1934    1280        f
264     1939    1277        f
265     1945    1274        f
266     1945    1274        r
267     1945    1274        r
268     1945    1274        f
269     1861    1150        f
270     1780    1032        f
271     1703    918        f
272     1630    810        f
273     1560    707        f
274     1493    609        f
275     1429    514        f
276     1368    425        f
277     1310    339        f
278     1254    257        f
279     1201    178        f
280     1150    104        f
281     1101    32        f
282     1055    -35        f
283     1011    -100        f
284     969    -162        f
285     927    -221        f
286     890    -278        f
287     852    -332        f
288     818    -384        f
289     784    -434        f
290     752    -480        f
291     721    -526        f
292     692    -569        f
293     664    -610        f
294     638    -649        f
295     612    -687        f
296     588    -723        f
297     565    -757        f
298     542    -789        f
299     521    -819        f
300     0    0        f
300     0    0        f
300     0    0        f
300     0    0        f
300     0    0        f
300     0    0        f
300     0    0        f
300     0    0        f
300     0    0        f
300     0    0        f
300     0    0        f
300     0    0        f
300     0    0        f
300     0    0        f
300     0    0        f
300     0    0        f
300     0    0        f
300     0    0        f
300     0    0        f
300     0    0        f
300     0    0        f
300     0    0        f
300     0    0        f
300     0    0        f
300     0    0        f
300     0    0        f
300     0    0        f
300     0    0        f
300     0    0        f
300     0    0        f
300     0    0        f
300     0    0        f
300     0    0        f
300     0    0        f
300     0    0        f
300     0    0        f
300     0    0        f
300     0    0        f
300     0    0        f
300     0    0        f
300     0    0        f
300     0    0        f
300     0    0        f
300     0    0        f
300     0    0        f
300     0    0        f
300     0    0        f
300     0    0        f
300     0    0        f
300     0    0        f
300     0    0        f
300     0    0        f
300     0    0        f
300     0    0        f
300     0    0        f
300     0    0        f
300     0    0        f
300     0    0        f
300     0    0        f
300     0    0        f
300     0    0        f
300     0    0        f
300     0    0        f
300     0    0        f
300     0    0        f
300     0    0        f
300     0    0        f
300     0    0        f
300     0    0        f
300     0    0        f
300     0    0        f
300     0    0        f
300     0    0        f
300     0    0        f
300     0    0        f
300     0    0        f
300     0    0        f
300     0    0        f
300     0    0        f
300     0    0        f
300     0    0        f
300     0    0        f
300     0    0        f
300     0    0        f
300     0    0        f
300     0    0        f
300     0    0        f
300     0    0        f
300     0    0        f
300     0    0        f
300     0    0        f
300     0    0        f
300     0    0        f
300     0    0        f
300     0    0        f
300     0    0        f
300     0    0        f
300     0    0        f
300     0    0        f
300     0    0        f
300     0    0        f
300     0    0        f
301     0    0        f
302     0    0        f
303     0    0        f
304     0    0        f
305     0    0        f
306     0    0        f
307     0    0        f
308     0    0        f
309     0    0        f
310     0    0        f
311     0    0        f
312     0    0        f
313     0    0        f
314     0    0        f
315     0    0        f
316     0    0        f
317     0    0        f
318     0    0        f
319     0    0        f
320     0    0        f
321     0    0        f
322     0    0        f
323     0    0        f
324     0    0        f
325     0    0        f
326     0    0        f
327     0    0        f
328     0    0        f
329     0    0        f
330     0    0        f
331     0    0        f
332     0    0        f
333     0    0        f
334     0    0        f
335     0    0        f
336     0    0        f
337     0    0        f
338     0    0        f
339     0    0        f
340     0    0        f
341     0    0        f
342     0    0        f
343     0    0        f
344     0    0        f
345     0    0        f
346     0    0        f
347     0    0        f
348     0    0        f
349     0    0        f
350     0    0        f
351     0    0        f
352     0    0        f
353     0    0        f
354     0    0        f
355     0    0        f
356     0    0        f
357     0    0        f
358     0    0        f
359     0    0        f
360     0    0        f
361     0    0        f
362     0    0        f
363     0    0        f
364     0    0        f
365     0    0        f
366     0    0        f
367     0    0        f
368     0    0        f
369     0    0        f
370     0    0        f
371     0    0        f
372     0    0        f
373     0    0        f
374     0    0        f
375     0    0        f
376     0    0        f
377     0    0        f
378     0    0        f
379     0    0        f
380     0    0        f
381     0    0        f
382     0    0        f
383     0    0        f
384     0    0        f
385     0    0        f
386     0    0        f
387     0    0        f
388     0    0        f
389     0    0        f
390     0    0        f
391     0    0        f
392     0    0        f
393     0    0        f
394     0    0        f
395     0    0        f
396     0    0        f
397     0    0        f
398     0    0        f
399     0    0        f
400     0    0        f
401     0    0        f
402     0    0        f
403     0    0        f
404     0    0        f
405     0    0        r
406     0    0        r
407     0    0        f
408     -75    -9        f
409     -148    -17        f
410     -217    -26        f
411     -283    -34        f
412     -346    -41        f
413     -407    -49        f
414     -465    -56        f
415     -520    -62        f
416     -572    -68        f
417     -623    -75        f
418     -671    -80        f
419     -716    -86        f
420     -760    -91        f
421     -802    -96        f
422     -842    -101        f
423     -880    -105        f
424     -916    -110        f
425     -951    -113        f
426     -984    -118        f
427     -1016    -122        f
428     -1046    -125        f
429     -1075    -129        f
430     -1103    -132        f
431     -1129    -135        f
432     -1154    -138        f
433     -1178    -141        f
434     -1201    -144        f
435     -1223    -147        f
436     -1244    -149        f
437     -1264    -152        f
438     -1283    -154        f
439     -1301    -156        f
440     -1318    -158        f
441     -1335    -160        f
442     -1351    -162        f
443     -1366    -164        f
444     -1381    -166        f
445     -1395    -167        f
446     -1408    -169        f
447     -1420    -170        f
448     -1432    -172        f
449     -1444    -173        f
450     -1455    -175        f
451     -1465    -176        f
452     -1475    -177        f
453     -1485    -178        f
454     -1494    -179        f
455     -1503    -180        f
456     -1511    -181        f
457     -1519    -182        f
458     -1527    -183        f
459     -1534    -184        f
460     -1541    -185        f
461     -1548    -186        f
462     -1554    -186        f
463     -1560    -187        f
464     -1566    -188        f
465     -1571    -189        f
466     -1577    -189        f
467     -1582    -190        f
468     -1582    -190        l
469     -1582    -190        l
470     -1582    -190        f
471     -1460    -121        f
472     -1344    -56        f
473     -1234    6        f
474     -1128    66        f
475     -1027    123        f
476     -931    177        f
477     -839    229        f
478     -751    279        f
479     -667    326        f
480     -587    371        f
481     -509    415        f
482     -437    455        f
483     -367    495        f
484     -300    533        f
485     -237    569        f
486     -176    603        f
487     -118    636        f
488     -62    667        f
489     -9    697        f
490     41    726        f
491     89    753        f
492     136    779        f
493     180    803        f
494     222    827        f
495     262    850        f
496     301    871        f
497     337    892        f
498     372    911        f
499     405    931        f
500     438    949        f
501     468    966        f
502     497    982        f
503     525    998        f
504     552    1013        f
505     577    1027        f
506     601    1041        f
507     624    1054        f
508     647    1066        f
509     668    1078        f
510     688    1089        f
511     707    1100        f
512     725    1110        f
513     743    1120        f
514     760    1130        f
515     776    1139        f
516     791    1147        f
517     805    1155        f
518     819    1163        f
519     833    1171        f
520     844    1178        f
521     858    1185        f
522     869    1191        f
523     880    1198        f
524     891    1203        f
525     901    1209        f
526     911    1215        f
527     911    1215        r
528     911    1215        r
529     911    1215        f
530     776    1277        f
531     647    1336        f
532     524    1393        f
533     405    1447        f
534     294    1499        f
535     187    1548        f
536     84    1595        f
537     -12    1639        f
538     -106    1682        f
539     -195    1723        f
540     -280    1764        f
541     -362    1801        f
542     -438    1837        f
543     -513    1871        f
544     -584    1904        f
545     -652    1935        f
546     -716    1964        f
547     -778    1993        f
548     -836    2020        f
549     -836    2020        r
550     -836    2020        r
551     -836    2020        r
552     -893    2046        f
553     -893    2046        r
554     -893    2046        r
555     -893    2046        r
556     -893    2046        r
557     -893    2046        r
558     -893    2046        r
559     -893    2046        r
560     -893    2046        f
561     -936    1919        f
562     -977    1798        f
563     -1016    1682        f
564     -1053    1573        f
565     -1089    1468        f
566     -1123    1367        f
567     -1156    1271        f
568     -1156    1271        l
569     -1156    1271        f
570     -1081    1287        f
571     -1010    1302        f
572     -1010    1302        r
573     -1010    1302        f
574     -1065    1233        f
575     -1118    1168        f
576     -1169    1105        f
577     -1218    1045        f
578     -1264    988        f
579     -1308    933        f
580     -1351    881        f
581     -1391    831        f
582     -1429    784        f
583     -1466    738        f
584     -1502    695        f
585     -1535    654        f
586     -1567    614        f
587     -1598    576        f
588     -1627    540        f
589     -1655    505        f
590     -1682    472        f
591     -1707    441        f
592     -1732    411        f
593     -1755    382        f
594     -1777    355        f
595     -1798    329        f
596     -1818    304        f
597     -1838    280        f
598     -1855    257        f
599     -1873    235        f
