step   ball_X    ball_Y    side
323     1564    527        f
324     1566    527        f
325     1568    528        f
326     1570    529        f
327     1572    529        f
328     1574    530        f
329     1576    530        f
330     1577    531        f
331     1579    531        f
332     1580    532        f
333     1581    532        f
334     1583    533        f
335     1584    533        f
336     1585    534        f
337     1586    534        f
338     1587    534        f
339     1588    535        f
340     1589    535        f
341     1590    535        f
342     1591    536        f
343     1592    536        f
344     1593    536        f
345     1594    537        f
346     1595    537        f
347     1595    537        f
348     1596    537        f
349     1597    538        f
350     1597    538        f
351     1598    538        f
352     1598    538        f
353     1599    538        f
354     1599    538        f
355     1600    539        f
356     1600    539        f
357     1601    539        f
358     1601    539        f
359     1601    539        l
360     1601    539        l
361     1601    539        l
362     1601    539        l
363     1601    539        l
364     1601    539        l
365     1601    539        l
366     1601    539        l
367     1601    539        l
368     1601    539        l
369     1601    539        l
370     1601    539        l
371     1601    539        l
372     1601    539        l
373     1601    539        l
374     1601    539        l
375     1601    539        l
376     1601    539        l
377     1601    539        l
378     1601    539        l
379     1601    539        l
380     1601    539        l
381     1601    539        l
382     1601    539        l
383     1601    539        l
384     1601    539        l
385     1601    539        l
386     1602    539        f
387     1602    539        f
388     1602    540        f
389     1603    540        f
390     1603    540        f
391     1604    540        f
392     1604    540        f
393     1604    540        f
394     1604    540        f
395     1605    540        f
396     1605    540        f
397     1605    540        f
398     1605    541        f
399     1605    541        f
400     1605    541        f
401     1605    541        f
402     1605    541        f
403     1605    541        f
404     1607    541        f
405     1607    541        f
406     1607    541        r
407     1607    541        r
408     1607    541        r
409     1607    541        r
410     1607    541        r
411     1607    541        r
412     1607    541        r
413     1607    541        r
414     1607    541        r
415     1607    541        r
416     1607    541        r
417     1607    541        r
418     1607    541        r
419     1607    541        r
420     1607    541        r
421     1607    541        r
422     1607    541        r
423     1607    541        r
424     1607    541        r
425     1607    541        r
426     1607    541        r
1043     -1625    -281        f
1044     -1644    -298        f
1045     -1662    -313        f
1046     -1680    -328        f
1047     -1696    -342        f
1048     -1712    -355        f
1049     -1727    -368        f
1050     -1742    -380        f
1051     -1755    -392        f
1052     -1769    -403        f
1053     -1782    -413        f
1054     -1794    -424        f
1055     -1805    -434        f
1056     -1816    -443        f
1057     -1827    -451        f
1058     -1837    -461        f
1059     -1846    -469        f
1060     -1855    -476        f
1061     -1864    -484        f
1062     -1873    -491        f
1063     -1880    -498        f
1064     -1888    -504        f
1065     -1896    -509        f
1066     -1903    -516        f
1067     -1903    -516        l
1068     -1903    -516        l
1069     -1903    -516        l
1070     -1903    -516        f
1071     -1820    -442        f
1072     -1820    -442        r
1073     -1820    -442        r
1074     -1820    -442        r
1075     -1820    -442        f
1076     -1969    -420        f
1077     -2110    -400        f
1078     -2246    -380        f
1079     -2375    -362        f
1080     -2498    -344        f
1081     -2616    -327        f
1082     -2729    -310        f
1083     -2836    -295        f
1084     -2939    -280        f
1085     -3037    -266        f
1086     -3130    -252        f
1087     -3219    -239        f
1088     -3304    -227        f
1089     -3386    -215        f
1090     -3464    -202        f
1091     -3538    -193        f
1092     -3609    -182        f
1093     -3677    -172        f
1094     -3677    -172        l
1095     -3677    -172        l
1096     -3677    -172        f
1097     -3527    -162        f
1098     -3384    -151        f
1099     -3247    -142        f
1100     -3117    -132        f
1101     -2993    -123        f
1102     -2874    -114        f
1103     -2761    -107        f
1104     -2653    -99        f
1105     -2549    -92        f
1106     -2451    -85        f
1107     -2357    -78        f
1108     -2267    -71        f
1109     -2181    -65        f
1110     -2099    -59        f
1111     -2020    -54        f
1112     -1946    -48        f
1113     -1873    -43        f
1114     -1805    -38        f
1115     -1741    -34        f
1116     -1679    -28        f
1117     -1619    -25        f
1118     -1563    -21        f
1119     -1509    -17        f
1120     -1457    -13        f
1121     -1407    -10        f
1122     -1360    -6        f
1123     -1315    -3        f
1124     -1272    0        f
1125     -1231    2        f
1126     -1192    5        f
1127     -1154    8        f
1128     -1119    10        f
1129     -1084    13        f
1130     -1052    15        f
1131     -1021    17        f
1132     -1021    17        l
1133     -1021    17        f
1134     -946    0        f
1135     -875    -17        f
1136     -807    -33        f
1137     -742    -48        f
1138     -680    -63        f
1139     -621    -77        f
1140     -564    -91        f
1141     -509    -104        f
1142     -459    -115        f
1143     -409    -128        f
1144     -363    -139        f
1145     -318    -150        f
1146     -275    -160        f
1147     -234    -170        f
1148     -195    -180        f
1149     -157    -189        f
1150     -122    -197        f
1151     -88    -204        f
1152     -55    -213        f
1153     -24    -221        f
1154     4    -227        f
1155     33    -235        f
1156     60    -241        f
1157     86    -247        f
1158     110    -252        f
1159     134    -259        f
1160     156    -264        f
1161     178    -269        f
1162     198    -274        f
1163     218    -279        f
1164     237    -283        f
1165     254    -288        f
1166     272    -292        f
1167     288    -296        f
1168     304    -299        f
1169     318    -303        f
1170     333    -306        f
1171     346    -310        f
1172     359    -313        f
1173     372    -316        f
1174     383    -319        f
1175     395    -321        f
1176     405    -324        f
1177     416    -326        f
1178     426    -329        f
1179     434    -331        f
1180     444    -333        f
1181     444    -333        r
1182     444    -333        r
1183     444    -333        r
1184     444    -333        l
1185     444    -333        l
1186     444    -333        f
1187     511    -296        f
1188     575    -261        f
1189     636    -227        f
1190     695    -196        f
1191     750    -165        f
1192     802    -136        f
1193     853    -108        f
1194     902    -82        f
1195     949    -56        f
1196     993    -32        f
1197     1035    -9        f
1198     1076    12        f
1199     1114    33        f
1200     0    0        f
1200     0    0        f
1200     0    0        f
1200     0    0        f
1200     0    0        f
1200     0    0        f
1200     0    0        f
1200     0    0        f
1200     0    0        f
1200     0    0        f
1200     0    0        f
1200     0    0        f
1200     0    0        f
1200     0    0        f
1200     0    0        f
1200     0    0        f
1200     0    0        f
1200     0    0        f
1200     0    0        f
1200     0    0        f
1200     0    0        f
1200     0    0        f
1200     0    0        f
1200     0    0        f
1200     0    0        f
1200     0    0        f
1200     0    0        f
1200     0    0        f
1200     0    0        f
1200     0    0        f
1200     0    0        f
1200     0    0        f
1200     0    0        f
1200     0    0        f
1200     0    0        f
1200     0    0        f
1200     0    0        f
1200     0    0        f
1200     0    0        f
1200     0    0        f
1200     0    0        f
1200     0    0        f
1200     0    0        f
1200     0    0        f
1200     0    0        f
1200     0    0        f
1200     0    0        f
1200     0    0        f
1200     0    0        f
1200     0    0        f
1200     0    0        f
1200     0    0        f
1200     0    0        f
1200     0    0        f
1200     0    0        f
1200     0    0        f
1200     0    0        f
1200     0    0        f
1200     0    0        f
1200     0    0        f
1200     0    0        f
1200     0    0        f
1200     0    0        f
1200     0    0        f
1200     0    0        f
1200     0    0        f
1200     0    0        f
1200     0    0        f
1200     0    0        f
1200     0    0        f
1200     0    0        f
1200     0    0        f
1200     0    0        f
1200     0    0        f
1200     0    0        f
1200     0    0        f
1200     0    0        f
1200     0    0        f
1200     0    0        f
1200     0    0        f
1200     0    0        f
1200     0    0        f
1200     0    0        f
1200     0    0        f
1200     0    0        f
1200     0    0        f
1200     0    0        f
1200     0    0        f
1200     0    0        f
1200     0    0        f
1200     0    0        f
1200     0    0        f
1200     0    0        f
1200     0    0        f
1200     0    0        f
1200     0    0        f
1200     0    0        f
1200     0    0        f
1200     0    0        f
1200     0    0        f
1200     0    0        f
1200     0    0        f
1201     0    0        f
1202     0    0        f
1203     0    0        f
1204     0    0        f
1205     0    0        f
1206     0    0        f
1207     0    0        f
1208     0    0        f
1209     0    0        f
1210     0    0        f
1211     0    0        f
1212     0    0        f
1213     0    0        f
1214     0    0        f
1215     0    0        f
1216     0    0        f
1217     0    0        f
1218     0    0        f
1219     0    0        f
1220     0    0        f
1221     0    0        f
1222     0    0        f
1223     0    0        f
1224     0    0        f
1225     0    0        f
1226     0    0        f
1227     0    0        f
1228     0    0        f
1229     0    0        f
1230     0    0        f
1231     0    0        f
1232     0    0        f
1233     0    0        f
1234     0    0        f
1235     0    0        f
1236     0    0        f
1237     0    0        f
1238     0    0        f
1239     0    0        f
1240     0    0        f
1241     0    0        f
1242     0    0        f
1243     0    0        f
1244     0    0        f
1245     0    0        f
1246     0    0        f
1247     0    0        f
1248     0    0        f
1249     0    0        f
1250     0    0        f
1251     0    0        f
1252     0    0        f
1253     0    0        f
1254     0    0        f
1255     0    0        f
1256     0    0        f
1257     0    0        f
1258     0    0        f
1259     0    0        f
1260     0    0        f
1261     0    0        f
1262     0    0        f
1263     0    0        f
1264     0    0        f
1265     0    0        f
1266     0    0        f
1267     0    0        f
1268     0    0        f
1269     0    0        f
1270     0    0        f
1271     0    0        f
1272     0    0        f
1273     0    0        f
1274     0    0        f
1275     0    0        f
1276     0    0        f
1277     0    0        f
1278     0    0        f
1279     0    0        f
1280     0    0        f
1281     0    0        f
1282     0    0        f
1283     0    0        f
1284     0    0        f
1285     0    0        f
1286     0    0        f
1287     0    0        f
1288     0    0        f
1289     0    0        f
1290     0    0        f
1291     0    0        f
1292     0    0        f
1293     0    0        f
1294     0    0        f
1295     0    0        f
1296     0    0        f
1297     0    0        f
1298     0    0        f
1299     0    0        f
1300     0    0        f
1301     0    0        f
1302     0    0        f
1303     0    0        f
1304     0    0        f
1305     0    0        r
1306     0    0        r
1307     0    0        f
1308     -74    -17        f
1309     -145    -33        f
1310     -213    -49        f
1311     -278    -64        f
1312     -340    -78        f
1313     -399    -92        f
1314     -455    -105        f
1315     -455    -105        l
1316     -455    -105        l
1317     -455    -105        f
1318     -384    -132        f
1319     -316    -159        f
1320     -250    -183        f
1321     -188    -206        f
1322     -129    -229        f
1323     -72    -252        f
1324     -18    -272        f
1325     33    -292        f
1326     82    -311        f
1327     129    -329        f
1328     175    -346        f
1329     218    -363        f
1330     259    -378        f
1331     298    -393        f
1332     336    -408        f
1333     371    -421        f
1334     405    -434        f
1335     438    -447        f
1336     470    -459        f
1337     500    -470        f
1338     528    -480        f
1339     555    -492        f
1340     581    -501        f
1341     606    -511        f
1342     630    -520        f
1343     653    -529        f
1344     674    -537        f
1345     695    -545        f
1346     714    -552        f
1347     733    -559        f
1348     751    -566        f
1349     768    -573        f
1350     785    -579        f
1351     800    -585        f
1352     815    -591        f
1353     828    -596        f
1354     843    -601        f
1355     856    -606        f
1356     868    -611        f
1357     880    -616        f
1358     892    -620        f
1359     902    -624        f
1360     913    -628        f
1361     923    -632        f
1362     932    -635        f
1363     941    -639        f
1364     950    -642        f
1365     958    -645        f
1366     966    -648        f
1367     973    -651        f
1368     980    -654        f
1369     986    -656        f
1370     993    -659        f
1371     1000    -661        f
1372     1006    -663        f
1373     1011    -666        f
1374     1017    -668        f
1375     1017    -668        r
1376     1017    -668        r
1377     1017    -668        r
1378     1017    -668        r
1379     1017    -668        r
1380     1017    -668        f
1381     946    -697        f
1382     877    -724        f
1383     814    -751        f
1384     752    -776        f
1385     693    -801        f
1386     637    -824        f
1387     584    -846        f
1388     532    -867        f
1389     484    -886        f
1390     437    -906        f
1391     392    -925        f
1392     350    -942        f
1393     309    -959        f
1394     270    -975        f
1395     233    -990        f
1396     198    -1005        f
1397     164    -1019        f
1398     131    -1032        f
1399     101    -1045        f
1400     71    -1057        f
1401     43    -1068        f
1402     16    -1079        f
1403     -9    -1090        f
1404     -33    -1100        f
1405     -56    -1110        f
1406     -79    -1119        f
1407     -101    -1128        f
1408     -121    -1136        f
1409     -141    -1144        f
1410     -159    -1152        f
1411     -177    -1159        f
1412     -194    -1166        f
1413     -211    -1172        f
1414     -225    -1179        f
1415     -241    -1185        f
1416     -254    -1191        f
1417     -269    -1196        f
1418     -282    -1202        f
1419     -294    -1207        f
1420     -306    -1211        f
1421     -317    -1216        f
1422     -328    -1220        f
1423     -338    -1225        f
1424     -348    -1229        f
1425     -357    -1232        f
1426     -366    -1236        f
1427     -375    -1240        f
1428     -383    -1243        f
1429     -390    -1246        f
1430     -398    -1249        f
1431     -405    -1252        f
1432     -412    -1255        f
1433     -418    -1258        f
1434     -424    -1260        f
1435     -430    -1262        f
1436     -436    -1265        f
1437     -436    -1265        l
1438     -436    -1265        l
1439     -436    -1265        f
1440     -359    -1268        f
1441     -286    -1272        f
1442     -217    -1275        f
1443     -150    -1278        f
1444     -87    -1281        f
1445     -26    -1284        f
1446     31    -1287        f
1447     86    -1289        f
1448     139    -1292        f
1449     190    -1294        f
1450     238    -1297        f
1451     284    -1299        f
1452     328    -1301        f
1453     370    -1303        f
1454     411    -1305        f
1455     449    -1307        f
1456     486    -1308        f
1457     521    -1310        f
1458     554    -1312        f
1459     586    -1313        f
1460     616    -1315        f
1461     645    -1316        f
1462     673    -1317        f
1463     700    -1318        f
1464     725    -1320        f
1465     749    -1321        f
1466     772    -1322        f
1467     794    -1323        f
1468     815    -1324        f
1469     835    -1325        f
1470     855    -1326        f
1471     873    -1327        f
1472     890    -1327        f
1473     907    -1328        f
1474     923    -1329        f
1475     938    -1330        f
1476     952    -1330        f
1477     967    -1331        f
1478     967    -1331        r
1479     967    -1331        r
1480     967    -1331        f
1481     902    -1196        f
1482     841    -1066        f
1483     782    -943        f
1484     725    -825        f
1485     672    -712        f
1486     620    -604        f
1487     571    -501        f
1488     524    -403        f
1489     480    -309        f
1490     437    -219        f
1491     396    -134        f
1492     357    -52        f
1493     320    25        f
1494     285    100        f
1495     250    171        f
1496     218    240        f
1497     187    305        f
1498     158    367        f
1499     130    426        f
1500     103    483        f
1501     77    537        f
1502     52    588        f
1503     28    638        f
1504     6    685        f
1505     -14    730        f
1506     -35    773        f
1507     -54    814        f
1508     -73    852        f
1509     -91    890        f
1510     -108    926        f
1511     -124    960        f
1512     -140    993        f
1513     -155    1024        f
1514     -169    1054        f
1515     -182    1082        f
1516     -195    1110        f
1517     -206    1135        f
1518     -219    1160        f
1519     -229    1184        f
1520     -241    1207        f
1521     -250    1228        f
1522     -250    1228        r
1523     -250    1228        r
1524     -250    1228        f
1525     -322    1198        f
1526     -389    1170        f
1527     -453    1142        f
1528     -515    1116        f
1529     -573    1092        f
1530     -629    1068        f
1531     -683    1045        f
1532     -734    1023        f
1533     -782    1002        f
1534     -828    983        f
1535     -873    964        f
1536     -916    946        f
1537     -956    928        f
1538     -994    913        f
1539     -1032    897        f
1540     -1067    882        f
1541     -1101    868        f
1542     -1133    853        f
1543     -1133    853        r
1544     -1133    853        r
1545     -1133    853        f
1546     -1207    794        f
1547     -1279    736        f
1548     -1347    681        f
1549     -1412    629        f
1550     -1474    579        f
1551     -1534    531        f
1552     -1590    484        f
1553     -1645    441        f
1554     -1696    400        f
1555     -1746    360        f
1556     -1793    322        f
1557     -1838    286        f
1558     -1880    250        f
1559     -1922    218        f
1560     -1962    186        f
1561     -1998    156        f
1562     -2035    127        f
1563     -2035    127        r
1564     -2035    127        r
1565     -2035    127        f
1566     -2185    112        f
1567     -2327    100        f
1568     -2464    88        f
1569     -2594    76        f
1570     -2718    65        f
1571     -2837    54        f
1572     -2951    43        f
1573     -3059    33        f
1574     -3163    24        f
1575     -3261    15        f
1576     -3356    6        f
1577     -3446    -1        f
1578     -3533    -9        f
1579     -3615    -16        f
1580     -3694    -24        f
1581     -3769    -30        f
1582     -3840    -37        f
1583     -3909    -43        f
1584     -3975    -49        f
1585     -4036    -55        f
1586     -4097    -60        f
1587     -4154    -66        f
1588     -4209    -71        f
1589     -4261    -75        f
1590     -4310    -80        f
1591     -4358    -84        f
1592     -4403    -88        f
1593     -4446    -92        f
1594     -4488    -96        f
1595     -4527    -100        f
1596     -4565    -103        f
1597     -4601    -106        f
1598     -4635    -109        f
1599     -4668    -112        f
1600     -4699    -114        f
1601     -4729    -118        f
1602     -4758    -121        f
1603     -4785    -123        f
1604     -4811    -126        f
1605     -4836    -128        f
1606     -4860    -130        f
1607     -4882    -132        f
1608     -4904    -134        f
1609     -4925    -136        f
1610     -4944    -138        f
1611     -4963    -139        f
1612     -4981    -141        f
1613     -4998    -143        f
1614     -5015    -144        f
1615     0    0        f
1616     0    0        f
1617     0    0        f
1618     0    0        f
1619     0    0        f
1620     0    0        f
1621     0    0        f
1622     0    0        f
1623     0    0        f
1624     0    0        f
1625     0    0        f
1626     0    0        f
1627     0    0        f
1628     0    0        f
1629     0    0        f
1630     0    0        f
1631     0    0        f
1632     0    0        f
1633     0    0        f
1634     0    0        f
1635     0    0        f
1636     0    0        f
1637     0    0        f
1638     0    0        f
1639     0    0        f
1640     0    0        f
1641     0    0        f
1642     0    0        f
1643     0    0        f
1644     0    0        f
1645     0    0        f
1646     0    0        f
1647     0    0        f
1648     0    0        f
1649     0    0        f
1650     0    0        f
1651     0    0        f
1652     0    0        f
1653     0    0        f
1654     0    0        f
1655     0    0        f
1656     0    0        f
1657     0    0        f
1658     0    0        f
1659     0    0        f
1660     0    0        f
1661     0    0        f
1662     0    0        f
1663     0    0        f
1664     0    0        f
1665     0    0        f
1666     0    0        f
1667     0    0        f
1668     0    0        f
1669     0    0        f
1670     0    0        f
1671     0    0        f
1672     0    0        f
1673     0    0        f
1674     0    0        f
1675     0    0        f
1676     0    0        f
1677     0    0        f
1678     0    0        f
1679     0    0        f
1680     0    0        f
1681     0    0        f
1682     0    0        f
1683     0    0        f
1684     0    0        f
1685     0    0        f
1686     0    0        f
1687     0    0        f
1688     0    0        f
1689     0    0        f
1690     0    0        f
1691     0    0        f
1692     0    0        f
1693     0    0        f
1694     0    0        f
1695     0    0        f
1696     0    0        f
1697     0    0        f
1698     0    0        f
1699     0    0        f
1700     0    0        f
1701     0    0        f
1702     0    0        f
1703     0    0        f
1704     0    0        f
1705     0    0        f
1706     0    0        f
1707     0    0        f
1708     0    0        f
1709     0    0        f
1710     0    0        f
1711     0    0        f
1712     0    0        f
1713     0    0        f
1714     0    0        f
1715     0    0        f
1716     0    0        f
1717     0    0        f
1718     0    0        f
1719     0    0        f
1720     0    0        r
1721     0    0        r
1722     0    0        r
1723     0    0        f
1724     -76    6        f
1725     -149    12        f
1726     -218    17        f
1727     -285    23        f
1728     -348    28        f
1729     -409    33        f
1730     -409    33        l
1731     -409    33        l
1732     -409    33        f
1733     -335    13        f
1734     -264    -5        f
1735     -197    -23        f
1736     -132    -40        f
1737     -71    -56        f
1738     -12    -72        f
1739     43    -87        f
1740     96    -101        f
1741     148    -114        f
1742     196    -128        f
1743     243    -141        f
1744     288    -152        f
1745     330    -164        f
1746     371    -175        f
1747     409    -185        f
1748     447    -195        f
1749     482    -204        f
1750     516    -213        f
1751     548    -222        f
1752     579    -229        f
1753     609    -238        f
1754     637    -245        f
1755     664    -252        f
1756     689    -259        f
1757     714    -266        f
1758     737    -272        f
1759     759    -278        f
1760     781    -284        f
1761     801    -289        f
1762     821    -294        f
1763     839    -299        f
1764     857    -304        f
1765     874    -308        f
1766     890    -313        f
1767     905    -317        f
1768     919    -321        f
1769     934    -324        f
1770     947    -328        f
1771     960    -331        f
1772     972    -335        f
1773     984    -338        f
1774     994    -341        f
1775     1006    -344        f
1776     1016    -346        f
1777     1026    -349        f
1778     1035    -351        f
1779     1044    -354        f
1780     1052    -356        f
1781     1061    -358        f
1782     1068    -360        f
1783     1076    -362        f
1784     1083    -364        f
1785     1089    -366        f
1786     1096    -368        f
1787     1102    -369        f
1788     1108    -371        f
1789     1113    -372        f
1790     1119    -374        f
1791     1124    -375        f
1792     1129    -377        f
1793     1133    -378        f
1794     1138    -379        f
1795     1142    -380        f
1796     1146    -381        f
1797     1150    -382        f
1798     1150    -382        r
1799     1150    -382        r
1800     1150    -382        r
1801     1150    -382        f
1802     1077    -359        f
1803     1077    -359        l
1804     1077    -359        f
1805     1144    -322        f
1806     1207    -287        f
1807     1268    -252        f
1808     1326    -220        f
1809     1382    -189        f
1810     1435    -160        f
1811     1486    -131        f
1812     1534    -104        f
1813     1580    -79        f
1814     1623    -54        f
1815     1623    -54        r
1816     1623    -54        r
1817     1623    -54        r
1818     1623    -54        r
1819     1623    -54        f
1820     1577    -103        f
1821     1533    -149        f
1822     1490    -194        f
1823     1449    -236        f
1824     1410    -277        f
1825     1373    -316        f
1826     1337    -352        f
1827     1304    -388        f
1828     1271    -422        f
1829     1240    -454        f
1830     1211    -484        f
1831     1183    -514        f
1832     1156    -542        f
1833     1130    -569        f
1834     1105    -594        f
1835     1082    -619        f
1836     1059    -642        f
1837     1038    -664        f
1838     1018    -686        f
1839     998    -706        f
1840     978    -725        f
1841     961    -744        f
1842     944    -762        f
1843     928    -779        f
1844     913    -795        f
1845     898    -810        f
1846     884    -825        f
1847     871    -839        f
1848     858    -852        f
1849     844    -865        f
1850     834    -877        f
1851     822    -889        f
1852     811    -900        f
1853     801    -911        f
1854     792    -921        f
1855     782    -931        f
1856     773    -940        f
1857     765    -949        f
1858     757    -958        f
1859     749    -966        f
1860     741    -973        f
1861     734    -981        f
1862     727    -988        f
1863     721    -994        f
1864     715    -1001        f
1865     709    -1007        f
1866     703    -1013        f
1867     698    -1019        f
1868     693    -1024        f
1869     688    -1029        f
1870     683    -1034        f
1871     678    -1039        f
1872     674    -1043        f
1873     670    -1048        f
1874     666    -1052        f
1875     662    -1056        f
1876     659    -1059        f
1877     655    -1063        f
1878     655    -1063        l
1879     655    -1063        l
1880     655    -1063        f
1881     732    -1069        f
1882     732    -1069        r
1883     732    -1069        r
1884     732    -1069        r
1885     732    -1069        r
1886     732    -1069        f
1887     665    -1050        f
1888     602    -1031        f
1889     542    -1014        f
1890     484    -998        f
1891     429    -982        f
1892     376    -967        f
1893     326    -952        f
1894     278    -939        f
1895     231    -925        f
1896     188    -913        f
1897     146    -901        f
1898     106    -889        f
1899     68    -878        f
1900     31    -868        f
1901     31    -868        l
1902     31    -868        l
1903     31    -868        f
1904     98    -908        f
1905     162    -946        f
1906     223    -983        f
1907     281    -1018        f
1908     337    -1051        f
1909     390    -1083        f
1910     441    -1114        f
1911     490    -1143        f
1912     536    -1171        f
1913     580    -1197        f
1914     623    -1222        f
1915     663    -1247        f
1916     702    -1270        f
1917     739    -1292        f
1918     774    -1313        f
1919     807    -1333        f
1920     840    -1352        f
1921     869    -1371        f
1922     900    -1388        f
1923     927    -1405        f
1924     953    -1421        f
1925     980    -1436        f
1926     1003    -1451        f
1927     1028    -1465        f
1928     1050    -1478        f
1929     1071    -1491        f
1930     1092    -1503        f
1931     1111    -1515        f
1932     1130    -1526        f
1933     1147    -1536        f
1934     1164    -1546        f
1935     1180    -1556        f
1936     1196    -1565        f
1937     1210    -1574        f
1938     1224    -1582        f
1939     1238    -1591        f
1940     1251    -1598        f
1941     1263    -1605        f
1942     1275    -1612        f
1943     1286    -1619        f
1944     1297    -1626        f
1945     1307    -1632        f
1946     1316    -1637        f
1947     1326    -1643        f
1948     1335    -1648        f
1949     1343    -1653        f
1950     1351    -1657        f
1951     1359    -1663        f
1952     1366    -1667        f
1953     1373    -1671        f
1954     1380    -1675        f
1955     1386    -1679        f
1956     1393    -1682        f
1957     1398    -1686        f
1958     1404    -1689        f
1959     1404    -1689        r
1960     1404    -1689        r
1961     1404    -1689        f
1962     1367    -1550        f
1963     1367    -1550        l
1964     1367    -1550        f
1965     1439    -1523        f
1966     1507    -1496        f
1967     1572    -1470        f
1968     1634    -1446        f
1969     1693    -1423        f
1970     1750    -1401        f
1971     1804    -1380        f
1972     1855    -1360        f
1973     1905    -1340        f
1974     1952    -1322        f
1975     1997    -1304        f
1976     2039    -1287        f
1977     2081    -1271        f
1978     2121    -1256        f
1979     2158    -1242        f
1980     2194    -1228        f
1981     2228    -1214        f
1982     2261    -1202        f
1983     2292    -1189        f
1984     2321    -1178        f
1985     2350    -1167        f
1986     2377    -1156        f
1987     2403    -1146        f
1988     2428    -1136        f
1989     2451    -1127        f
1990     2474    -1118        f
1991     2495    -1110        f
1992     2516    -1102        f
1993     2536    -1094        f
1994     2555    -1087        f
1995     2572    -1080        f
1996     2590    -1073        f
1997     2606    -1067        f
1998     2622    -1060        f
1999     2637    -1055        f
2000     2651    -1049        f
2001     2664    -1044        f
2002     2677    -1039        f
2003     2690    -1034        f
2004     2702    -1029        f
2005     2713    -1025        f
2006     2724    -1021        f
2007     2734    -1016        f
2008     2744    -1013        f
2009     2753    -1009        f
2010     2762    -1005        f
2011     2771    -1002        f
2012     2779    -999        f
2013     2787    -996        f
2014     2794    -993        f
2015     2801    -990        f
2016     2808    -986        f
2017     2815    -985        f
2018     2821    -982        f
2019     2827    -980        f
2020     2833    -977        f
2021     2838    -976        f
2022     2843    -974        f
2023     2848    -972        f
2024     2853    -969        f
2025     2857    -968        f
2026     2862    -967        f
2027     2866    -965        f
2028     2870    -963        f
2029     2873    -961        f
2030     2877    -961        f
2031     2880    -959        f
2032     2884    -958        f
2033     2887    -957        f
2034     2890    -956        f
2035     2890    -956        r
2036     2890    -956        r
2037     2890    -956        r
2038     2890    -956        r
2039     2890    -956        r
2040     2890    -956        r
2041     2890    -956        r
2042     2890    -956        r
2043     2890    -956        r
2044     2890    -956        f
2045     2746    -992        f
2046     2608    -1026        f
2047     2477    -1059        f
2048     2351    -1091        f
2049     2232    -1121        f
2050     2117    -1150        f
2051     2007    -1177        f
2052     1903    -1204        f
2053     1803    -1229        f
2054     1707    -1253        f
2055     1617    -1275        f
2056     1531    -1297        f
2057     1448    -1318        f
2058     1368    -1338        f
2059     1293    -1357        f
2060     1221    -1375        f
2061     1151    -1393        f
2062     1086    -1409        f
2063     1023    -1425        f
2064     961    -1440        f
2065     905    -1455        f
2066     850    -1468        f
2067     850    -1468        r
2068     850    -1468        r
2069     798    -1482        f
2070     798    -1482        r
2071     798    -1482        r
2072     798    -1482        r
2073     798    -1482        f
2074     674    -1396        f
2075     556    -1315        f
2076     444    -1237        f
2077     336    -1163        f
2078     233    -1092        f
2079     135    -1024        f
2080     42    -959        f
2081     -47    -898        f
2082     -132    -839        f
2083     -213    -782        f
2084     -291    -729        f
2085     -365    -677        f
2086     -436    -628        f
2087     -504    -581        f
2088     -569    -536        f
2089     -630    -494        f
2090     -689    -453        f
2091     -746    -413        f
2092     -799    -377        f
2093     -851    -341        f
2094     -899    -307        f
2095     -946    -275        f
2096     -991    -244        f
2097     -1033    -214        f
2098     -1074    -186        f
2099     -1113    -159        f
2100     -1150    -133        f
2101     -1150    -133        r
2102     -1150    -133        f
2103     -1226    -137        f
2104     -1299    -141        f
2105     -1369    -144        f
2106     -1436    -148        f
2107     -1499    -151        f
2108     -1560    -154        f
2109     -1618    -157        f
2110     -1673    -160        f
2111     -1726    -162        f
2112     -1776    -165        f
2113     -1823    -167        f
2114     -1870    -170        f
2115     -1914    -172        f
2116     -1955    -174        f
2117     -1996    -176        f
2118     -2034    -178        f
2119     -2071    -180        f
2120     -2106    -182        f
2121     -2139    -183        f
2122     -2171    -185        f
2123     -2201    -187        f
2124     -2230    -188        f
2125     -2258    -190        f
2126     -2284    -191        f
2127     -2309    -192        f
2128     -2333    -193        f
2129     -2356    -195        f
2130     -2378    -196        f
2131     -2399    -197        f
2132     -2419    -198        f
2133     -2438    -199        f
2134     -2456    -200        f
2135     -2474    -200        f
2136     -2491    -202        f
2137     -2506    -202        f
2138     -2522    -202        f
2139     -2536    -204        f
2140     -2550    -204        f
2141     -2563    -204        f
2142     -2576    -206        f
2143     -2588    -206        f
2144     -2599    -206        f
2145     -2610    -208        f
2146     -2621    -208        f
2147     -2631    -209        f
2148     -2631    -209        l
2149     -2631    -209        l
2150     -2631    -209        l
2151     -2631    -209        f
2152     -2526    -316        f
2153     -2427    -419        f
2154     -2331    -518        f
2155     -2240    -611        f
2156     -2154    -701        f
2157     -2071    -786        f
2158     -1992    -868        f
2159     -1916    -946        f
2160     -1844    -1019        f
2161     -1775    -1092        f
2162     -1709    -1159        f
2163     -1646    -1224        f
2164     -1586    -1286        f
2165     -1529    -1345        f
2166     -1474    -1401        f
2167     -1422    -1455        f
2168     -1372    -1507        f
2169     -1324    -1556        f
2170     -1279    -1603        f
2171     -1235    -1647        f
2172     -1194    -1689        f
2173     -1154    -1730        f
2174     -1116    -1770        f
2175     -1080    -1807        f
2176     -1045    -1842        f
2177     -1011    -1876        f
2178     -1011    -1876        r
2179     -981    -1909        f
2180     -981    -1909        r
2181     -981    -1909        r
2182     -981    -1909        r
2183     -951    -1939        f
2184     -951    -1939        r
2185     -951    -1939        r
2186     -951    -1939        r
2187     -951    -1939        r
2188     -922    -1969        f
2189     -922    -1969        r
2190     -922    -1969        f
2191     -969    -1910        f
2192     -1017    -1853        f
2193     -1061    -1798        f
2194     -1103    -1748        f
2195     -1143    -1698        f
2196     -1181    -1651        f
2197     -1218    -1605        f
2198     -1253    -1563        f
2199     -1286    -1522        f
2200     -1318    -1483        f
2201     -1349    -1446        f
2202     -1378    -1410        f
2203     -1405    -1376        f
2204     -1432    -1343        f
2205     -1457    -1312        f
2206     -1481    -1283        f
2207     -1504    -1254        f
2208     -1504    -1254        l
2209     -1504    -1254        l
2210     -1504    -1254        f
2211     -1406    -1187        f
2212     -1313    -1123        f
2213     -1224    -1062        f
2214     -1138    -1003        f
2215     -1057    -949        f
2216     -978    -896        f
2217     -905    -844        f
2218     -834    -796        f
2219     -767    -750        f
2220     -702    -706        f
2221     -640    -664        f
2222     -582    -624        f
2223     -525    -585        f
2224     -472    -548        f
2225     -421    -513        f
2226     -372    -480        f
2227     -325    -448        f
2228     -280    -417        f
2229     -238    -388        f
2230     -197    -360        f
2231     -158    -334        f
2232     -121    -308        f
2233     -85    -284        f
2234     -51    -261        f
2235     -19    -239        f
2236     11    -218        f
2237     41    -198        f
2238     69    -178        f
2239     96    -160        f
2240     122    -142        f
2241     122    -142        l
2242     122    -142        f
2243     197    -154        f
2244     270    -165        f
2245     339    -175        f
2246     404    -185        f
2247     467    -194        f
2248     527    -202        f
2249     585    -212        f
2250     639    -220        f
2251     692    -227        f
2252     742    -236        f
2253     789    -243        f
2254     835    -250        f
2255     877    -256        f
2256     919    -262        f
2257     960    -268        f
2258     997    -274        f
2259     1034    -279        f
2260     1068    -285        f
2261     1101    -290        f
2262     1133    -294        f
2263     1163    -299        f
2264     1192    -303        f
2265     1219    -307        f
2266     1245    -311        f
2267     1270    -315        f
2268     1294    -319        f
2269     1317    -322        f
2270     1339    -325        f
2271     1359    -329        f
2272     1379    -332        f
2273     1398    -334        f
2274     1416    -337        f
2275     1433    -340        f
2276     1450    -342        f
2277     1466    -345        f
2278     1481    -347        f
2279     1495    -349        f
2280     1509    -351        f
2281     1522    -353        f
2282     1534    -355        f
2283     1546    -357        f
2284     1558    -359        f
2285     1569    -360        f
2286     1579    -362        f
2287     1589    -363        f
2288     1598    -365        f
2289     1607    -366        f
2290     1616    -367        f
2291     1623    -369        f
2292     1632    -370        f
2293     1639    -371        f
2294     1647    -372        f
2295     1654    -373        f
2296     1660    -374        f
2297     1667    -375        f
2298     1673    -376        f
2299     1673    -376        r
2300     1673    -376        r
2301     1673    -376        r
2302     1673    -376        f
2303     1610    -240        f
2304     1549    -110        f
2305     1492    13        f
2306     1437    132        f
2307     1384    245        f
2308     1334    353        f
2309     1286    455        f
2310     1240    555        f
2311     1197    649        f
2312     1155    739        f
2313     1115    824        f
2314     1077    906        f
2315     1041    984        f
2316     1006    1059        f
2317     973    1130        f
2318     941    1198        f
2319     911    1263        f
2320     911    1263        r
2321     882    1325        f
2322     882    1325        r
2323     882    1325        f
2324     749    1256        f
2325     622    1189        f
2326     501    1126        f
2327     386    1065        f
2328     275    1007        f
2329     170    952        f
2330     69    899        f
2331     -26    848        f
2332     -118    800        f
2333     -206    754        f
2334     -289    710        f
2335     -369    668        f
2336     -445    628        f
2337     -518    590        f
2338     -588    554        f
2339     -654    519        f
2340     -717    484        f
2341     -778    454        f
2342     -836    423        f
2343     -891    394        f
2344     -943    367        f
2345     -994    340        f
2346     -1042    315        f
2347     -1088    291        f
2348     -1131    268        f
2349     -1173    246        f
2350     -1213    225        f
2351     -1251    204        f
2352     -1287    186        f
2353     -1322    168        f
2354     -1355    150        f
2355     -1387    134        f
2356     -1417    118        f
2357     -1446    103        f
2358     -1474    88        f
2359     -1500    74        f
2360     -1525    61        f
2361     -1549    48        f
2362     -1572    36        f
2363     -1594    25        f
2364     -1614    14        f
2365     -1635    3        f
2366     -1654    -6        f
2367     -1673    -15        f
2368     -1689    -24        f
2369     -1707    -33        f
2370     -1723    -41        f
2371     -1738    -49        f
2372     -1752    -56        f
2373     -1766    -64        f
2374     -1779    -71        f
2375     -1792    -78        f
2376     -1792    -78        r
2377     -1792    -78        r
2378     -1792    -78        r
2379     -1804    -84        f
2380     -1804    -84        r
2381     -1804    -84        r
2382     -1804    -84        r
2383     -1816    -90        f
2384     -1816    -90        r
2385     -1816    -90        r
2386     -1827    -96        f
2387     -1827    -96        r
2388     -1837    -101        f
2389     -1837    -101        r
2390     -1847    -107        f
2391     -1847    -107        r
2392     -1847    -107        r
2393     -1857    -112        f
2394     -1857    -112        r
2395     -1866    -115        f
2396     -1866    -115        r
2397     -1866    -115        r
2398     -1875    -121        f
2399     -1875    -121        r
