step   ball_X    ball_Y    side
505     -2007    -141        f
506     -2013    -143        f
507     -2017    -144        f
508     -2022    -146        f
509     -2026    -147        f
510     -2030    -148        f
511     -2034    -150        f
512     -2037    -151        f
513     -2037    -151        l
514     -2037    -151        l
515     -2037    -151        l
516     -2037    -151        l
517     -2037    -151        l
518     -2037    -151        l
519     -2037    -151        l
520     -2037    -151        l
521     -2037    -151        l
522     -2037    -151        l
523     -2037    -151        l
524     -2037    -151        l
525     -2037    -151        l
526     -2037    -151        l
527     -2037    -151        l
528     -2037    -151        l
529     -2037    -151        l
530     -2037    -151        l
531     -2037    -151        l
532     -2037    -151        l
533     -2037    -151        l
534     -2037    -151        l
535     -2037    -151        l
536     -2037    -151        l
537     -2037    -151        l
538     -2037    -151        l
539     -2037    -151        l
540     -2037    -151        l
541     -2037    -151        l
542     -2037    -151        l
543     -2037    -151        l
544     -2037    -151        l
545     -2041    -152        f
546     -2044    -153        f
547     -2047    -155        f
548     -2050    -156        f
549     -2053    -157        f
550     -2056    -158        f
551     -2058    -159        f
552     -2061    -159        f
553     -2063    -160        f
554     -2065    -161        f
555     -2067    -162        f
556     -2070    -163        f
557     -2072    -163        f
558     -2073    -164        f
559     -2075    -165        f
560     -2075    -165        r
561     -2075    -165        r
562     -2075    -165        r
563     -2075    -165        r
564     -2075    -165        r
565     -2075    -165        r
566     -2075    -165        r
567     -2075    -165        r
568     -2075    -165        r
569     -2075    -165        r
570     -2075    -165        r
571     -2075    -165        r
572     -2075    -165        r
573     -2075    -165        r
574     -2075    -165        r
575     -2075    -165        r
576     -2075    -165        r
577     -2075    -165        r
578     -2075    -165        r
579     -2075    -165        r
580     -2075    -165        r
581     -2075    -165        r
582     -2075    -165        r
583     -2075    -165        r
584     -2075    -165        r
585     -2077    -165        f
586     -2079    -166        f
587     -2080    -166        f
588     -2082    -167        f
589     -2083    -167        f
590     -2084    -168        f
591     -2086    -168        f
592     -2087    -169        f
593     -2088    -169        f
594     -2089    -170        f
595     -2090    -170        f
596     -2091    -170        f
597     -2092    -171        f
598     -2093    -171        f
599     -2094    -171        f
600     -2095    -172        f
601     -2096    -172        f
602     -2097    -172        f
603     -2098    -172        f
604     -2098    -173        f
605     -2099    -173        f
606     -2100    -173        f
607     -2100    -173        f
608     -2101    -174        f
609     -2101    -174        f
610     -2102    -174        f
611     -2102    -174        f
612     -2103    -174        f
613     -2103    -174        f
614     -2104    -175        f
615     -2104    -175        f
616     -2105    -175        f
617     -2105    -175        f
618     -2106    -175        f
619     -2106    -175        f
620     -2106    -175        f
621     -2107    -176        f
622     -2107    -176        f
623     -2107    -176        f
624     -2107    -176        f
625     -2108    -176        f
626     -2108    -176        f
627     -2108    -176        f
628     -2109    -176        f
629     -2109    -176        f
630     -2109    -176        f
631     -2109    -177        f
632     -2109    -177        f
633     -2110    -177        f
634     -2110    -177        f
635     -2110    -177        f
636     -2110    -177        f
637     -2110    -177        f
638     -2110    -177        r
639     -2110    -177        r
640     -2110    -177        r
641     -2110    -177        r
642     -2110    -177        r
643     -2110    -177        r
644     -2110    -177        r
645     -2110    -177        r
646     -2110    -177        r
647     -2110    -177        r
648     -2110    -177        r
649     -2110    -177        r
650     -2110    -177        r
651     -2110    -177        r
652     -2110    -177        r
653     -2110    -177        r
654     -2110    -177        r
655     -2110    -177        r
656     -2110    -177        r
657     -2110    -177        r
658     -2110    -177        r
659     -2110    -177        f
660     -2260    -168        f
661     -2403    -159        f
662     -2540    -151        f
663     -2670    -143        f
664     -2795    -135        f
665     -2914    -128        f
666     -3028    -121        f
667     -3136    -114        f
668     -3240    -108        f
669     -3339    -102        f
670     -3434    -97        f
671     -3524    -91        f
672     -3610    -86        f
673     -3692    -81        f
674     -3771    -76        f
675     -3846    -72        f
676     -3918    -67        f
677     -3986    -63        f
678     -4052    -59        f
679     -4114    -56        f
680     -4174    -52        f
681     -4231    -49        f
682     -4286    -45        f
683     -4338    -42        f
684     -4387    -39        f
685     -4435    -36        f
686     -4480    -34        f
687     -4524    -31        f
688     -4565    -28        f
689     -4605    -26        f
690     -4642    -24        f
691     -4678    -22        f
692     -4713    -20        f
693     -4746    -18        f
694     -4777    -16        f
695     -4807    -14        f
696     -4836    -12        f
697     -4863    -11        f
698     -4889    -9        f
699     -4914    -8        f
700     -4938    -6        f
701     -4961    -5        f
702     -4983    -3        f
703     -5003    -2        f
704     0    0        f
705     0    0        f
706     0    0        f
707     0    0        f
708     0    0        f
709     0    0        f
710     0    0        f
711     0    0        f
712     0    0        f
713     0    0        f
714     0    0        f
715     0    0        f
716     0    0        f
717     0    0        f
718     0    0        f
719     0    0        f
720     0    0        f
721     0    0        f
722     0    0        f
723     0    0        f
724     0    0        f
725     0    0        f
726     0    0        f
727     0    0        f
728     0    0        f
729     0    0        f
730     0    0        f
731     0    0        f
732     0    0        f
733     0    0        f
734     0    0        f
735     0    0        f
736     0    0        f
737     0    0        f
738     0    0        f
739     0    0        f
740     0    0        f
741     0    0        f
742     0    0        f
743     0    0        f
744     0    0        f
745     0    0        f
746     0    0        f
747     0    0        f
748     0    0        f
749     0    0        f
750     0    0        f
751     0    0        f
752     0    0        f
753     0    0        f
754     0    0        f
755     0    0        f
756     0    0        f
757     0    0        f
758     0    0        f
759     0    0        f
760     0    0        f
761     0    0        f
762     0    0        f
763     0    0        f
764     0    0        f
765     0    0        f
766     0    0        f
767     0    0        f
768     0    0        f
769     0    0        f
770     0    0        f
771     0    0        f
772     0    0        f
773     0    0        f
774     0    0        f
775     0    0        f
776     0    0        f
777     0    0        f
778     0    0        f
779     0    0        f
780     0    0        f
781     0    0        f
782     0    0        f
783     0    0        f
784     0    0        f
785     0    0        f
786     0    0        f
787     0    0        f
788     0    0        f
789     0    0        f
790     0    0        f
791     0    0        f
792     0    0        f
793     0    0        f
794     0    0        f
795     0    0        f
796     0    0        f
797     0    0        f
798     0    0        f
799     0    0        f
800     0    0        f
801     0    0        f
802     0    0        f
803     0    0        f
804     0    0        f
805     0    0        f
806     0    0        f
807     0    0        f
808     0    0        f
809     0    0        r
810     0    0        r
811     0    0        f
812     -72    -24        f
813     -141    -48        f
814     -206    -71        f
815     -270    -92        f
816     -330    -112        f
817     -388    -133        f
818     -443    -152        f
819     -495    -170        f
820     -545    -187        f
821     -593    -202        f
822     -639    -219        f
823     -682    -234        f
824     -724    -248        f
825     -764    -262        f
826     -802    -275        f
827     -838    -287        f
828     -873    -299        f
829     -906    -311        f
830     -938    -321        f
831     -968    -332        f
832     -997    -342        f
833     -1024    -351        f
834     -1050    -360        f
835     -1075    -369        f
836     -1099    -377        f
837     -1122    -385        f
838     -1144    -392        f
839     -1165    -399        f
840     -1185    -405        f
841     -1204    -413        f
842     -1222    -419        f
843     -1239    -425        f
844     -1256    -430        f
845     -1272    -436        f
846     -1287    -441        f
847     -1301    -446        f
848     -1315    -451        f
849     -1328    -455        f
850     -1341    -459        f
851     -1353    -463        f
852     -1365    -468        f
853     -1376    -471        f
854     -1386    -475        f
855     -1396    -478        f
856     -1406    -482        f
857     -1415    -484        f
858     -1423    -488        f
859     -1432    -491        f
860     -1440    -493        f
861     -1447    -496        f
862     -1455    -498        f
863     -1461    -501        f
864     -1468    -503        f
865     -1474    -505        f
866     -1480    -507        f
867     -1486    -509        f
868     -1492    -511        f
869     -1497    -513        f
870     -1502    -515        f
871     -1507    -516        f
872     -1511    -518        f
873     -1516    -519        f
874     -1520    -521        f
875     -1524    -522        f
876     -1528    -523        f
877     -1531    -525        f
878     -1535    -526        f
879     -1538    -527        f
880     -1541    -528        f
881     -1544    -529        f
882     -1547    -530        f
883     -1550    -531        f
884     -1552    -532        f
885     -1555    -533        f
886     -1557    -534        f
887     -1560    -534        f
888     -1562    -535        f
889     -1564    -536        f
890     -1566    -537        f
891     -1568    -537        f
892     -1570    -538        f
893     -1571    -538        f
894     -1571    -538        l
895     -1571    -538        l
896     -1571    -538        l
897     -1571    -538        l
898     -1571    -538        l
899     -1571    -538        l
900     -1571    -538        l
901     -1571    -538        l
902     -1571    -538        l
903     -1571    -538        f
904     -1480    -493        f
905     -1393    -450        f
906     -1310    -408        f
907     -1230    -368        f
908     -1154    -331        f
909     -1082    -294        f
910     -1011    -260        f
911     -946    -227        f
912     -883    -195        f
913     -823    -165        f
914     -766    -137        f
915     -711    -109        f
916     -658    -83        f
917     -608    -57        f
918     -560    -34        f
919     -514    -11        f
920     -471    10        f
921     -429    31        f
922     -389    51        f
923     -351    70        f
924     -315    88        f
925     -280    105        f
926     -247    122        f
927     -215    138        f
928     -185    153        f
929     -156    167        f
930     -129    181        f
931     -103    194        f
932     -77    206        f
933     -77    206        l
934     -77    206        l
935     -77    206        f
936     -10    74        f
937     53    -51        f
938     114    -172        f
939     173    -287        f
940     229    -397        f
941     283    -501        f
942     334    -603        f
943     383    -698        f
944     429    -790        f
945     474    -877        f
946     516    -961        f
947     557    -1041        f
948     596    -1117        f
949     633    -1190        f
950     668    -1259        f
951     702    -1325        f
952     734    -1389        f
953     765    -1449        f
954     794    -1507        f
955     822    -1562        f
956     849    -1614        f
957     874    -1664        f
958     899    -1713        f
959     922    -1759        f
960     944    -1803        f
961     944    -1803        l
962     944    -1803        l
963     944    -1803        l
964     944    -1803        l
965     944    -1803        l
966     944    -1803        l
967     944    -1803        l
968     944    -1803        l
969     944    -1803        l
970     944    -1803        l
971     944    -1803        l
972     944    -1803        l
973     944    -1803        l
974     944    -1803        l
975     944    -1803        l
976     944    -1803        l
977     944    -1803        l
978     944    -1803        l
979     944    -1803        l
980     944    -1803        l
981     944    -1803        l
982     944    -1803        l
983     944    -1803        f
984     1003    -1755        f
985     1062    -1710        f
986     1117    -1668        f
987     1169    -1626        f
988     1220    -1587        f
989     1267    -1550        f
990     1313    -1514        f
991     1357    -1480        f
992     1399    -1448        f
993     1438    -1416        f
994     1476    -1387        f
995     1513    -1358        f
996     1547    -1331        f
997     1580    -1305        f
998     1612    -1281        f
999     1642    -1257        f
1000     1671    -1235        f
1001     1671    -1235        r
1002     1671    -1235        r
1003     1671    -1235        r
1004     1671    -1235        f
1005     1564    -1166        f
1006     1462    -1099        f
1007     1364    -1036        f
1008     1271    -976        f
1009     1182    -919        f
1010     1097    -864        f
1011     1016    -811        f
1012     939    -761        f
1013     865    -713        f
1014     794    -668        f
1015     727    -624        f
1016     663    -582        f
1017     601    -542        f
1018     542    -505        f
1019     486    -468        f
1020     433    -434        f
1021     381    -401        f
1022     333    -369        f
1023     286    -339        f
1024     241    -310        f
1025     199    -283        f
1026     158    -256        f
1027     120    -231        f
1028     82    -206        f
1029     47    -184        f
1030     13    -163        f
1031     -18    -142        f
1032     -49    -122        f
1033     -78    -103        f
1034     -106    -85        f
1035     -106    -85        r
1036     -106    -85        r
1037     -133    -67        f
1038     -133    -67        r
1039     -159    -51        f
1040     -159    -51        r
1041     -159    -51        r
1042     -159    -51        r
1043     -183    -35        f
1044     -183    -35        r
1045     -183    -35        r
1046     -183    -35        f
1047     -260    -36        f
1048     -333    -37        f
1049     -401    -38        f
1050     -469    -39        f
1051     -533    -40        f
1052     -593    -41        f
1053     -651    -42        f
1054     -707    -43        f
1055     -760    -43        f
1056     -810    -44        f
1057     -859    -45        f
1058     -905    -45        f
1059     -949    -46        f
1060     -991    -47        f
1061     -1031    -47        f
1062     -1070    -48        f
1063     -1106    -48        f
1064     -1141    -49        f
1065     -1175    -49        f
1066     -1207    -50        f
1067     -1237    -50        f
1068     -1266    -51        f
1069     -1294    -51        f
1070     -1321    -51        f
1071     -1346    -52        f
1072     -1370    -52        f
1073     -1393    -52        f
1074     -1416    -53        f
1075     -1437    -53        f
1076     -1457    -53        f
1077     -1476    -54        f
1078     -1494    -54        f
1079     -1512    -54        f
1080     -1529    -54        f
1081     -1545    -55        f
1082     -1560    -55        f
1083     -1575    -55        f
1084     -1588    -55        f
1085     -1602    -56        f
1086     -1614    -56        f
1087     -1627    -56        f
1088     -1638    -56        f
1089     -1648    -56        f
1090     -1660    -56        f
1091     -1670    -56        f
1092     -1679    -56        f
1093     -1689    -56        f
1094     -1697    -56        f
1095     -1705    -56        f
1096     -1714    -56        f
1097     -1721    -56        f
1098     -1729    -56        f
1099     -1736    -56        f
1100     -1742    -57        f
1101     -1748    -57        f
1102     -1755    -57        f
1103     -1760    -57        f
1104     -1766    -57        f
1105     -1771    -57        f
1106     -1776    -57        f
1107     -1780    -57        f
1108     -1786    -57        f
1109     -1789    -57        f
1110     -1794    -57        f
1111     -1798    -57        f
1112     -1802    -57        f
1113     -1805    -57        f
1114     -1809    -59        f
1115     -1813    -59        f
1116     -1816    -59        f
1117     -1816    -59        r
1118     -1816    -59        r
1119     -1816    -59        f
1120     -1892    -69        f
1121     -1964    -78        f
1122     -2032    -88        f
1123     -2099    -96        f
1124     -2099    -96        l
1125     -2099    -96        l
1126     -2099    -96        f
1127     -1994    -202        f
1128     -1893    -305        f
1129     -1797    -403        f
1130     -1705    -496        f
1131     -1618    -584        f
1132     -1535    -669        f
1133     -1455    -750        f
1134     -1379    -827        f
1135     -1306    -901        f
1136     -1236    -972        f
1137     -1170    -1039        f
1138     -1106    -1103        f
1139     -1046    -1165        f
1140     -988    -1223        f
1141     -933    -1279        f
1142     -880    -1333        f
1143     -828    -1384        f
1144     -781    -1433        f
1145     -735    -1479        f
1146     -691    -1524        f
1147     -649    -1566        f
1148     -609    -1607        f
1149     -571    -1645        f
1150     -534    -1682        f
1151     -499    -1718        f
1152     -466    -1751        f
1153     -434    -1782        f
1154     -403    -1814        f
1155     -374    -1844        f
1156     -346    -1872        f
1157     -320    -1898        f
1158     -294    -1923        f
1159     -270    -1948        f
1160     -247    -1971        f
1161     -225    -1994        f
1162     -204    -2014        f
1163     -183    -2035        f
1164     -164    -2055        f
1165     -146    -2073        f
1166     -128    -2091        f
1167     -111    -2108        f
1168     -95    -2124        f
1169     -80    -2139        f
1170     -65    -2154        f
1171     -51    -2168        f
1172     -51    -2168        l
1173     -51    -2168        l
1174     -51    -2168        l
1175     -51    -2168        f
1176     14    -2131        f
1177     78    -2095        f
1178     139    -2062        f
1179     197    -2029        f
1180     252    -1998        f
1181     306    -1969        f
1182     357    -1939        f
1183     405    -1914        f
1184     451    -1888        f
1185     495    -1863        f
1186     537    -1839        f
1187     578    -1817        f
1188     616    -1796        f
1189     653    -1775        f
1190     688    -1755        f
1191     722    -1737        f
1192     754    -1719        f
1193     784    -1703        f
1194     813    -1686        f
1195     841    -1671        f
1196     868    -1655        f
1197     893    -1642        f
1198     917    -1628        f
1199     941    -1616        f
1200     0    0        f
1200     0    0        f
1200     0    0        f
1200     0    0        f
1200     0    0        f
1200     0    0        f
1200     0    0        f
1200     0    0        f
1200     0    0        f
1200     0    0        f
1200     0    0        f
1200     0    0        f
1200     0    0        f
1200     0    0        f
1200     0    0        f
1200     0    0        f
1200     0    0        f
1200     0    0        f
1200     0    0        f
1200     0    0        f
1200     0    0        f
1200     0    0        f
1200     0    0        f
1200     0    0        f
1200     0    0        f
1200     0    0        f
1200     0    0        f
1200     0    0        f
1200     0    0        f
1200     0    0        f
1200     0    0        f
1200     0    0        f
1200     0    0        f
1200     0    0        f
1200     0    0        f
1200     0    0        f
1200     0    0        f
1200     0    0        f
1200     0    0        f
1200     0    0        f
1200     0    0        f
1200     0    0        f
1200     0    0        f
1200     0    0        f
1200     0    0        f
1200     0    0        f
1200     0    0        f
1200     0    0        f
1200     0    0        f
1200     0    0        f
1200     0    0        f
1200     0    0        f
1200     0    0        f
1200     0    0        f
1200     0    0        f
1200     0    0        f
1200     0    0        f
1200     0    0        f
1200     0    0        f
1200     0    0        f
1200     0    0        f
1200     0    0        f
1200     0    0        f
1200     0    0        f
1200     0    0        f
1200     0    0        f
1200     0    0        f
1200     0    0        f
1200     0    0        f
1200     0    0        f
1200     0    0        f
1200     0    0        f
1200     0    0        f
1200     0    0        f
1200     0    0        f
1200     0    0        f
1200     0    0        f
1200     0    0        f
1200     0    0        f
1200     0    0        f
1200     0    0        f
1200     0    0        f
1200     0    0        f
1200     0    0        f
1200     0    0        f
1200     0    0        f
1200     0    0        f
1200     0    0        f
1200     0    0        f
1200     0    0        f
1200     0    0        f
1200     0    0        f
1200     0    0        f
1200     0    0        f
1200     0    0        f
1200     0    0        f
1200     0    0        f
1200     0    0        f
1200     0    0        f
1200     0    0        f
1200     0    0        f
1200     0    0        f
1201     0    0        f
1202     0    0        f
1203     0    0        f
1204     0    0        f
1205     0    0        f
1206     0    0        f
1207     0    0        f
1208     0    0        f
1209     0    0        f
1210     0    0        f
1211     0    0        f
1212     0    0        f
1213     0    0        f
1214     0    0        f
1215     0    0        f
1216     0    0        f
1217     0    0        f
1218     0    0        f
1219     0    0        f
1220     0    0        f
1221     0    0        f
1222     0    0        f
1223     0    0        f
1224     0    0        f
1225     0    0        f
1226     0    0        f
1227     0    0        f
1228     0    0        f
1229     0    0        f
1230     0    0        f
1231     0    0        f
1232     0    0        f
1233     0    0        f
1234     0    0        f
1235     0    0        f
1236     0    0        f
1237     0    0        f
1238     0    0        f
1239     0    0        f
1240     0    0        f
1241     0    0        f
1242     0    0        f
1243     0    0        f
1244     0    0        f
1245     0    0        f
1246     0    0        f
1247     0    0        f
1248     0    0        f
1249     0    0        f
1250     0    0        f
1251     0    0        f
1252     0    0        f
1253     0    0        f
1254     0    0        f
1255     0    0        f
1256     0    0        f
1257     0    0        f
1258     0    0        f
1259     0    0        f
1260     0    0        f
1261     0    0        f
1262     0    0        f
1263     0    0        f
1264     0    0        f
1265     0    0        f
1266     0    0        f
1267     0    0        f
1268     0    0        f
1269     0    0        f
1270     0    0        f
1271     0    0        f
1272     0    0        f
1273     0    0        f
1274     0    0        f
1275     0    0        f
1276     0    0        f
1277     0    0        f
1278     0    0        f
1279     0    0        f
1280     0    0        f
1281     0    0        f
1282     0    0        f
1283     0    0        f
1284     0    0        f
1285     0    0        f
1286     0    0        f
1287     0    0        f
1288     0    0        f
1289     0    0        f
1290     0    0        f
1291     0    0        f
1292     0    0        f
1293     0    0        f
1294     0    0        f
1295     0    0        f
1296     0    0        f
1297     0    0        f
1298     0    0        f
1299     0    0        f
1300     0    0        f
1301     0    0        f
1302     0    0        f
1303     0    0        f
1304     0    0        f
1305     0    0        r
1306     0    0        r
1307     0    0        r
1308     0    0        f
1309     -76    -2        f
1310     -149    -4        f
1311     -219    -7        f
1312     -285    -9        f
1313     -349    -11        f
1314     -409    -13        f
1315     -468    -15        f
1316     -523    -16        f
1317     -576    -18        f
1318     -626    -20        f
1319     -675    -21        f
1320     -721    -23        f
1321     -765    -24        f
1322     -807    -26        f
1323     -847    -27        f
1324     -885    -28        f
1325     -922    -28        f
1326     -957    -30        f
1327     -990    -31        f
1328     -1022    -33        f
1329     -1053    -34        f
1330     -1082    -34        f
1331     -1110    -35        f
1332     -1136    -36        f
1333     -1161    -37        f
1334     -1186    -38        f
1335     -1209    -39        f
1336     -1231    -39        f
1337     -1252    -40        f
1338     -1272    -41        f
1339     -1291    -41        f
1340     -1309    -42        f
1341     -1327    -42        f
1342     -1343    -43        f
1343     -1359    -43        f
1344     -1375    -44        f
1345     -1389    -44        f
1346     -1403    -45        f
1347     -1416    -45        f
1348     -1429    -46        f
1349     -1441    -46        f
1350     -1453    -46        f
1351     -1464    -47        f
1352     -1474    -47        f
1353     -1484    -47        f
1354     -1494    -48        f
1355     -1503    -48        f
1356     -1512    -48        f
1357     -1520    -49        f
1358     -1528    -49        f
1359     -1536    -49        f
1360     -1543    -49        f
1361     -1550    -50        f
1362     -1557    -50        f
1363     -1563    -50        f
1364     -1569    -50        f
1365     -1575    -50        f
1366     -1581    -51        f
1367     -1586    -51        f
1368     -1591    -51        f
1369     -1596    -51        f
1370     -1600    -51        f
1371     -1605    -51        f
1372     -1609    -51        f
1373     -1613    -52        f
1374     -1617    -52        f
1375     -1620    -52        f
1376     -1623    -52        f
1377     -1627    -52        f
1378     -1630    -52        f
1379     -1632    -52        f
1380     -1636    -52        f
1381     -1636    -52        l
1382     -1636    -52        l
1383     -1636    -52        l
1384     -1636    -52        f
1385     -1509    14        f
1386     -1388    79        f
1387     -1272    140        f
1388     -1161    199        f
1389     -1056    256        f
1390     -955    309        f
1391     -858    360        f
1392     -766    409        f
1393     -678    455        f
1394     -594    501        f
1395     -514    543        f
1396     -437    584        f
1397     -364    623        f
1398     -294    660        f
1399     -227    695        f
1400     -163    729        f
1401     -102    761        f
1402     -44    792        f
1403     10    821        f
1404     10    821        l
1405     10    821        l
1406     63    850        f
1407     63    850        l
1408     63    850        l
1409     63    850        l
1410     63    850        l
1411     63    850        l
1412     63    850        l
1413     63    850        l
1414     113    877        f
1415     113    877        l
1416     113    877        f
1417     143    807        f
1418     170    741        f
1419     197    678        f
1420     222    618        f
1421     246    560        f
1422     269    505        f
1423     291    453        f
1424     312    403        f
1425     332    355        f
1426     351    309        f
1427     369    266        f
1428     386    224        f
1429     403    185        f
1430     419    147        f
1431     434    110        f
1432     449    76        f
1433     462    43        f
1434     476    11        f
1435     488    -18        f
1436     500    -47        f
1437     512    -74        f
1438     523    -100        f
1439     533    -125        f
1440     543    -149        f
1441     553    -172        f
1442     562    -194        f
1443     571    -215        f
1444     579    -235        f
1445     587    -254        f
1446     595    -272        f
1447     602    -289        f
1448     609    -306        f
1449     615    -321        f
1450     622    -337        f
1451     628    -351        f
1452     634    -365        f
1453     639    -378        f
1454     644    -391        f
1455     649    -403        f
1456     654    -413        f
1457     659    -425        f
1458     663    -436        f
1459     667    -445        f
1460     671    -455        f
1461     675    -463        f
1462     679    -473        f
1463     682    -480        f
1464     686    -488        f
1465     689    -497        f
1466     692    -504        f
1467     695    -511        f
1468     695    -511        r
1469     695    -511        r
1470     695    -511        r
1471     695    -511        r
1472     695    -511        l
1473     695    -511        l
1474     695    -511        l
1475     695    -511        l
1476     695    -511        l
1477     695    -511        l
1478     695    -511        l
1479     695    -511        l
1480     695    -511        l
1481     695    -511        f
1482     768    -533        f
1483     838    -553        f
1484     905    -573        f
1485     969    -592        f
1486     1030    -611        f
1487     1088    -628        f
1488     1143    -645        f
1489     1196    -660        f
1490     1247    -676        f
1491     1295    -690        f
1492     1342    -704        f
1493     1386    -717        f
1494     1428    -730        f
1495     1468    -742        f
1496     1507    -753        f
1497     1543    -764        f
1498     1578    -774        f
1499     1612    -784        f
1500     1644    -794        f
1501     1673    -802        f
1502     1703    -811        f
1503     1730    -819        f
1504     1757    -827        f
1505     1782    -836        f
1506     1807    -843        f
1507     1830    -850        f
1508     1853    -856        f
1509     1873    -863        f
1510     1894    -869        f
1511     1913    -874        f
1512     1930    -880        f
1513     1948    -885        f
1514     1966    -890        f
1515     1982    -894        f
1516     1997    -899        f
1517     2012    -903        f
1518     2026    -908        f
1519     2039    -911        f
1520     2052    -916        f
1521     2064    -919        f
1522     2075    -923        f
1523     2086    -926        f
1524     2097    -928        f
1525     2107    -932        f
1526     2117    -935        f
1527     2126    -938        f
1528     2135    -940        f
1529     2143    -943        f
1530     2151    -944        f
1531     2159    -948        f
1532     2166    -950        f
1533     2173    -952        f
1534     2180    -953        f
1535     2186    -956        f
1536     2192    -958        f
1537     2198    -959        f
1538     2204    -961        f
1539     2209    -963        f
1540     2214    -964        f
1541     2219    -966        f
1542     2223    -967        f
1543     2228    -968        f
1544     2232    -969        f
1545     2236    -971        f
1546     2240    -972        f
1547     2244    -973        f
1548     2247    -974        f
1549     2250    -975        f
1550     2254    -976        f
1551     2257    -977        f
1552     2260    -977        f
1553     2262    -978        f
1554     2265    -978        f
1555     2268    -980        f
1556     2270    -981        f
1557     2272    -982        f
1558     2275    -982        f
1559     2277    -983        f
1560     2279    -983        f
1561     2281    -984        f
1562     2282    -985        f
1563     2284    -985        f
1564     2286    -986        f
1565     2287    -986        f
1566     2289    -986        f
1567     2290    -986        f
1568     2292    -986        f
1569     2293    -988        f
1570     2294    -988        f
1571     2296    -988        f
1572     2297    -989        f
1573     2298    -989        f
1574     2299    -989        f
1575     2300    -990        f
1576     2301    -990        f
1577     2302    -990        f
1578     2303    -991        f
1579     2304    -991        f
1580     2304    -991        f
1581     2305    -991        f
1582     2306    -992        f
1583     2307    -992        f
1584     2307    -992        f
1585     2308    -992        f
1586     2309    -992        f
1587     2309    -992        f
1588     2310    -993        f
1589     2310    -993        r
1590     2310    -993        r
1591     2310    -993        r
1592     2310    -993        r
1593     2310    -993        r
1594     2310    -993        r
1595     2310    -993        r
1596     2310    -993        r
1597     2310    -993        r
1598     2310    -993        r
1599     2310    -993        r
1600     2310    -993        r
1601     2310    -993        l
1602     2310    -993        r
1603     2310    -993        l
1604     2310    -993        l
1605     2310    -993        l
1606     2310    -993        l
1607     2310    -993        l
1608     2310    -993        l
1609     2310    -993        l
1610     2310    -993        l
1611     2310    -993        l
1612     2310    -993        l
1613     2310    -993        l
1614     2310    -993        l
1615     2310    -993        l
1616     2310    -993        l
1617     2310    -993        l
1618     2310    -993        l
1619     2310    -993        l
1620     2310    -993        l
1621     2310    -993        l
1622     2310    -993        l
1623     2310    -993        l
1624     2310    -993        l
1625     2310    -993        l
1626     2310    -993        l
1627     2310    -993        l
1628     2310    -993        l
1629     2310    -993        f
1630     2453    -948        f
1631     2590    -906        f
1632     2721    -866        f
1633     2846    -827        f
1634     2965    -791        f
1635     3079    -755        f
1636     3188    -722        f
1637     3292    -690        f
1638     3390    -659        f
1639     3486    -630        f
1640     3576    -602        f
1641     3663    -576        f
1642     3746    -550        f
1643     3825    -526        f
1644     3900    -503        f
1645     3972    -480        f
1646     4040    -459        f
1647     4106    -438        f
1648     4169    -420        f
1649     4229    -401        f
1650     4286    -384        f
1651     4340    -367        f
1652     4392    -351        f
1653     4392    -351        r
1654     4392    -351        r
1655     4392    -351        r
1656     4392    -351        r
1657     4392    -351        r
1658     4392    -351        r
1659     4392    -351        r
1660     4392    -351        r
1661     4392    -351        r
1662     4392    -351        r
1663     4392    -351        f
1664     4261    -277        f
1665     4137    -206        f
1666     4017    -140        f
1667     3904    -76        f
1668     3795    -15        f
1669     3690    43        f
1670     3592    98        f
1671     3497    152        f
1672     3406    202        f
1673     3320    250        f
1674     3236    297        f
1675     3158    342        f
1676     3083    384        f
1677     3011    424        f
1678     2942    463        f
1679     2877    500        f
1680     2814    535        f
1681     2755    568        f
1682     2698    600        f
1683     2643    631        f
1684     2591    660        f
1685     2542    688        f
1686     2494    715        f
1687     2449    740        f
1688     2406    764        f
1689     2365    788        f
1690     2325    810        f
1691     2288    831        f
1692     2252    851        f
1693     2252    851        r
1694     2252    851        r
1695     2252    851        r
1696     2217    869        f
1697     2217    869        r
1698     2217    869        r
1699     2217    869        r
1700     2217    869        r
1701     2217    869        f
1702     2108    902        f
1703     2003    932        f
1704     1903    961        f
1705     1807    989        f
1706     1717    1015        f
1707     1630    1040        f
1708     1546    1064        f
1709     1467    1087        f
1710     1391    1109        f
1711     1319    1130        f
1712     1250    1150        f
1713     1184    1169        f
1714     1121    1188        f
1715     1061    1205        f
1716     1003    1222        f
1717     949    1238        f
1718     897    1253        f
1719     847    1267        f
1720     799    1281        f
1721     754    1294        f
1722     710    1307        f
1723     669    1319        f
1724     629    1331        f
1725     592    1342        f
1726     592    1342        r
1727     592    1342        r
1728     555    1352        f
1729     555    1352        r
1730     555    1352        r
1731     521    1362        f
1732     521    1362        r
1733     521    1362        r
1734     521    1362        r
1735     488    1372        f
1736     488    1372        r
1737     488    1372        f
1738     366    1285        f
1739     249    1202        f
1740     138    1123        f
1741     32    1047        f
1742     -69    975        f
1743     -166    906        f
1744     -259    840        f
1745     -259    840        r
1746     -259    840        r
1747     -259    840        r
1748     -259    840        r
1749     -259    840        r
1750     -259    840        f
1751     -350    795        f
1752     -438    752        f
1753     -521    711        f
1754     -601    672        f
1755     -678    635        f
1756     -750    599        f
1757     -819    565        f
1758     -886    533        f
1759     -950    501        f
1760     -1011    472        f
1761     -1069    444        f
1762     -1124    417        f
1763     -1177    391        f
1764     -1227    366        f
1765     -1275    343        f
1766     -1321    320        f
1767     -1365    299        f
1768     -1407    278        f
1769     -1447    259        f
1770     -1485    240        f
1771     -1522    222        f
1772     -1557    204        f
1773     -1590    189        f
1774     -1622    173        f
1775     -1653    159        f
1776     -1682    144        f
1777     -1709    131        f
1778     -1736    118        f
1779     -1761    106        f
1780     -1785    94        f
1781     -1807    83        f
1782     -1830    72        f
1783     -1851    62        f
1784     -1871    52        f
1785     -1889    42        f
1786     -1909    33        f
1787     -1909    33        r
1788     -1909    33        r
1789     -1909    33        r
1790     -1909    33        f
1791     -2059    28        f
1792     -2202    24        f
1793     -2339    19        f
1794     -2469    15        f
1795     -2594    10        f
1796     -2713    6        f
1797     -2826    3        f
1798     -2935    0        f
1799     -3038    -3        f
1800     -3137    -7        f
1801     -3232    -10        f
1802     -3322    -13        f
1803     -3408    -16        f
1804     -3490    -19        f
1805     -3490    -19        l
1806     -3490    -19        l
1807     -3490    -19        l
1808     -3490    -19        l
1809     -3490    -19        l
1810     -3490    -19        l
1811     -3490    -19        l
1812     -3490    -19        l
1813     -3490    -19        l
1814     -3490    -19        f
1815     -3404    -142        f
1816     -3324    -260        f
1817     -3247    -373        f
1818     -3173    -480        f
1819     -3102    -583        f
1820     -3035    -681        f
1821     -2970    -775        f
1822     -2909    -864        f
1823     -2850    -950        f
1824     -2794    -1031        f
1825     -2741    -1109        f
1826     -2690    -1183        f
1827     -2641    -1254        f
1828     -2594    -1322        f
1829     -2550    -1386        f
1830     -2507    -1448        f
1831     -2467    -1507        f
1832     -2428    -1563        f
1833     -2391    -1617        f
1834     -2356    -1668        f
1835     -2322    -1717        f
1836     -2290    -1764        f
1837     -2259    -1809        f
1838     -2230    -1852        f
1839     -2202    -1893        f
1840     -2175    -1932        f
1841     -2149    -1969        f
1842     -2125    -2004        f
1843     -2102    -2038        f
1844     -2080    -2071        f
1845     -2058    -2102        f
1846     -2038    -2131        f
1847     -2019    -2159        f
1848     -2000    -2186        f
1849     -1982    -2212        f
1850     -1966    -2237        f
1851     -1948    -2260        f
1852     -1934    -2283        f
1853     -1919    -2304        f
1854     -1905    -2325        f
1855     -1892    -2344        f
1856     -1879    -2363        f
1857     -1867    -2381        f
1858     -1855    -2398        f
1859     -1844    -2414        f
1860     -1834    -2430        f
1861     -1823    -2445        f
1862     -1814    -2459        f
1863     -1804    -2472        f
1864     -1796    -2485        f
1865     -1787    -2498        f
1866     -1779    -2509        f
1867     -1771    -2521        f
1868     -1764    -2532        f
1869     -1757    -2542        f
1870     -1750    -2552        f
1871     -1744    -2561        f
1872     -1738    -2570        f
1873     -1732    -2579        f
1874     -1726    -2587        f
1875     -1721    -2595        f
1876     -1716    -2602        f
1877     -1711    -2609        f
1878     -1705    -2616        f
1879     -1705    -2616        r
1880     -1705    -2616        r
1881     -1705    -2616        f
1882     -1705    -2616        l
1883     -1705    -2616        l
1884     -1705    -2616        l
1885     -1705    -2616        f
1886     -1632    -2504        f
1887     -1563    -2398        f
1888     -1497    -2296        f
1889     -1497    -2296        l
1890     -1497    -2296        l
1891     -1497    -2296        l
1892     -1497    -2296        f
1893     -1429    -2179        f
1894     -1364    -2068        f
1895     -1303    -1961        f
1896     -1244    -1860        f
1897     -1188    -1763        f
1898     -1134    -1670        f
1899     -1083    -1582        f
1900     -1034    -1497        f
1901     -986    -1417        f
1902     -942    -1340        f
1903     -900    -1266        f
1904     -859    -1196        f
1905     -819    -1128        f
1906     -783    -1064        f
1907     -748    -1002        f
1908     -714    -944        f
1909     -682    -889        f
1910     -651    -835        f
1911     -621    -784        f
1912     -593    -736        f
1913     -566    -689        f
1914     -541    -645        f
1915     -516    -602        f
1916     -492    -562        f
1917     -470    -523        f
1918     -449    -486        f
1919     -428    -451        f
1920     -409    -418        f
1921     -390    -386        f
1922     -372    -355        f
1923     -355    -326        f
1924     -339    -298        f
1925     -324    -271        f
1926     -309    -246        f
1927     -295    -221        f
1928     -281    -198        f
1929     -268    -176        f
1930     -256    -155        f
1931     -244    -135        f
1932     -233    -114        f
1933     -222    -97        f
1934     -212    -79        f
1935     -202    -62        f
1936     -192    -46        f
1937     -183    -31        f
1938     -175    -16        f
1939     -175    -16        r
1940     -175    -16        r
1941     -175    -16        f
1942     -282    -38        f
1943     -385    -57        f
1944     -483    -78        f
1945     -576    -97        f
1946     -666    -114        f
1947     -751    -132        f
1948     -832    -148        f
1949     -910    -164        f
1950     -984    -179        f
1951     -1055    -193        f
1952     -1123    -206        f
1953     -1187    -220        f
1954     -1249    -231        f
1955     -1308    -244        f
1956     -1364    -254        f
1957     -1364    -254        r
1958     -1364    -254        r
1959     -1364    -254        f
1960     -1435    -227        f
1961     -1504    -202        f
1962     -1569    -177        f
1963     -1630    -154        f
1964     -1689    -131        f
1965     -1747    -109        f
1966     -1801    -89        f
1967     -1853    -69        f
1968     -1902    -50        f
1969     -1948    -32        f
1970     -1994    -15        f
1971     -2037    0        f
1972     -2078    16        f
1973     -2118    31        f
1974     -2155    45        f
1975     -2191    59        f
1976     -2225    72        f
1977     -2258    85        f
1978     -2289    96        f
1979     -2319    108        f
1980     -2347    119        f
1981     -2374    129        f
1982     -2400    139        f
1983     -2425    148        f
1984     -2449    157        f
1985     -2471    166        f
1986     -2493    174        f
1987     -2513    182        f
1988     -2533    189        f
1989     -2552    197        f
1990     -2570    202        f
1991     -2587    210        f
1992     -2603    216        f
1993     -2619    222        f
1994     -2634    227        f
1995     -2648    233        f
1996     -2662    238        f
1997     -2675    243        f
1998     -2687    248        f
1999     -2699    252        f
2000     -2710    257        f
2001     -2721    261        f
2002     -2732    265        f
2003     -2742    269        f
2004     -2751    272        f
2005     -2760    276        f
2006     -2769    279        f
2007     -2777    282        f
2008     -2785    285        f
2009     -2792    288        f
2010     -2799    291        f
2011     -2806    293        f
2012     -2813    296        f
2013     -2819    298        f
2014     -2825    300        f
2015     -2831    303        f
2016     -2836    305        f
2017     -2841    307        f
2018     -2846    308        f
2019     -2851    310        f
2020     -2855    312        f
2021     -2860    314        f
2022     -2864    315        f
2023     -2868    317        f
2024     -2872    318        f
2025     -2875    319        f
2026     -2879    321        f
2027     -2882    322        f
2028     -2885    323        f
2029     -2888    324        f
2030     -2891    325        f
2031     -2894    326        f
2032     -2896    327        f
2033     -2899    328        f
2034     -2901    329        f
2035     -2903    330        f
2036     -2906    331        f
2037     -2908    332        f
2038     -2910    333        f
2039     -2912    333        f
2040     -2913    334        f
2041     -2915    335        f
2042     -2917    335        f
2043     -2918    336        f
2044     -2920    336        f
2045     -2921    337        f
2046     -2923    337        f
2047     -2924    338        f
2048     -2925    338        f
2049     -2926    339        f
2050     -2927    339        f
2051     -2929    340        f
2052     -2930    340        f
2053     -2931    340        f
2054     -2932    341        f
2055     -2932    341        f
2056     -2933    341        f
2057     -2934    342        f
2058     -2935    342        f
2059     -2936    342        f
2060     -2936    343        f
2061     -2937    343        f
2062     -2938    343        f
2063     -2938    343        f
2064     -2939    344        f
2065     -2940    344        f
2066     -2940    344        l
2067     -2940    344        l
2068     -2940    344        l
2069     -2940    344        f
2070     -2835    397        f
2071     -2835    397        r
2072     -2835    397        r
2073     -2835    397        r
2074     -2835    397        r
2075     -2835    397        f
2076     -2983    371        f
2077     -3124    347        f
2078     -3259    323        f
2079     -3388    300        f
2080     -3511    279        f
2081     -3628    258        f
2082     -3740    238        f
2083     -3847    220        f
2084     -3950    202        f
2085     -4047    185        f
2086     -4141    168        f
2087     -4230    153        f
2088     -4315    138        f
2089     -4397    124        f
2090     -4475    110        f
2091     -4549    97        f
2092     -4620    85        f
2093     -4688    73        f
2094     -4752    61        f
2095     -4814    51        f
2096     -4873    40        f
2097     -4929    30        f
2098     -4983    21        f
2099     -5034    12        f
2100     0    0        f
2101     0    0        f
2102     0    0        f
2103     0    0        f
2104     0    0        f
2105     0    0        f
2106     0    0        f
2107     0    0        f
2108     0    0        f
2109     0    0        f
2110     0    0        f
2111     0    0        f
2112     0    0        f
2113     0    0        f
2114     0    0        f
2115     0    0        f
2116     0    0        f
2117     0    0        f
2118     0    0        f
2119     0    0        f
2120     0    0        f
2121     0    0        f
2122     0    0        f
2123     0    0        f
2124     0    0        f
2125     0    0        f
2126     0    0        f
2127     0    0        f
2128     0    0        f
2129     0    0        f
2130     0    0        f
2131     0    0        f
2132     0    0        f
2133     0    0        f
2134     0    0        f
2135     0    0        f
2136     0    0        f
2137     0    0        f
2138     0    0        f
2139     0    0        f
2140     0    0        f
2141     0    0        f
2142     0    0        f
2143     0    0        f
2144     0    0        f
2145     0    0        f
2146     0    0        f
2147     0    0        f
2148     0    0        f
2149     0    0        f
2150     0    0        f
2151     0    0        f
2152     0    0        f
2153     0    0        f
2154     0    0        f
2155     0    0        f
2156     0    0        f
2157     0    0        f
2158     0    0        f
2159     0    0        f
2160     0    0        f
2161     0    0        f
2162     0    0        f
2163     0    0        f
2164     0    0        f
2165     0    0        f
2166     0    0        f
2167     0    0        f
2168     0    0        f
2169     0    0        f
2170     0    0        f
2171     0    0        f
2172     0    0        f
2173     0    0        f
2174     0    0        f
2175     0    0        f
2176     0    0        f
2177     0    0        f
2178     0    0        f
2179     0    0        f
2180     0    0        f
2181     0    0        f
2182     0    0        f
2183     0    0        f
2184     0    0        f
2185     0    0        f
2186     0    0        f
2187     0    0        f
2188     0    0        f
2189     0    0        f
2190     0    0        f
2191     0    0        f
2192     0    0        f
2193     0    0        f
2194     0    0        f
2195     0    0        f
2196     0    0        f
2197     0    0        f
2198     0    0        f
2199     0    0        f
2200     0    0        f
2201     0    0        f
2202     0    0        f
2203     0    0        f
2204     0    0        f
2205     0    0        f
2206     0    0        f
2207     0    0        r
2208     0    0        r
2209     0    0        r
2210     0    0        r
2211     0    0        f
2212     -75    8        f
2213     -148    17        f
2214     -217    25        f
2215     -284    32        f
2216     -347    39        f
2217     -347    39        l
2218     -347    39        l
2219     -347    39        f
2220     -271    32        f
2221     -198    24        f
2222     -129    17        f
2223     -63    11        f
2224     0    4        f
2225     60    -1        f
2226     118    -7        f
2227     173    -12        f
2228     225    -17        f
2229     276    -23        f
2230     324    -27        f
2231     370    -32        f
2232     413    -36        f
2233     455    -41        f
2234     496    -45        f
2235     534    -49        f
2236     570    -52        f
2237     605    -56        f
2238     638    -59        f
2239     670    -62        f
2240     700    -65        f
2241     729    -68        f
2242     757    -71        f
2243     783    -74        f
2244     809    -76        f
2245     833    -79        f
2246     856    -81        f
2247     877    -83        f
2248     899    -85        f
2249     919    -88        f
2250     938    -89        f
2251     956    -91        f
2252     973    -93        f
2253     990    -95        f
2254     1006    -96        f
2255     1021    -98        f
2256     1036    -99        f
2257     1050    -101        f
2258     1063    -102        f
2259     1075    -103        f
2260     1088    -105        f
2261     1099    -106        f
2262     1110    -107        f
2263     1121    -108        f
2264     1131    -109        f
2265     1140    -110        f
2266     1149    -111        f
2267     1158    -112        f
2268     1166    -112        f
2269     1174    -112        f
2270     1182    -113        f
2271     1189    -114        f
2272     1196    -115        f
2273     1203    -115        f
2274     1209    -117        f
2275     1215    -117        f
2276     1221    -118        f
2277     1226    -119        f
2278     1232    -119        f
2279     1237    -120        f
2280     1241    -120        f
2281     1246    -121        f
2282     1250    -121        f
2283     1254    -121        f
2284     1258    -122        f
2285     1262    -122        f
2286     1266    -123        f
2287     1269    -123        f
2288     1269    -123        r
2289     1269    -123        r
2290     1269    -123        f
2291     1194    -111        f
2292     1122    -99        f
2293     1122    -99        l
2294     1122    -99        f
2295     1190    -133        f
2296     1256    -166        f
2297     1318    -197        f
2298     1378    -227        f
2299     1435    -254        f
2300     1489    -282        f
2301     1541    -308        f
2302     1590    -333        f
2303     1638    -356        f
2304     1682    -379        f
2305     1726    -401        f
2306     1767    -421        f
2307     1807    -441        f
2308     1844    -459        f
2309     1880    -476        f
2310     1914    -495        f
2311     1947    -511        f
2312     1979    -526        f
2313     2007    -541        f
2314     2037    -556        f
2315     2064    -569        f
2316     2090    -582        f
2317     2115    -595        f
2318     2139    -606        f
2319     2161    -618        f
2320     2183    -629        f
2321     2204    -639        f
2322     2223    -649        f
2323     2242    -658        f
2324     2260    -667        f
2325     2277    -676        f
2326     2294    -684        f
2327     2309    -692        f
2328     2324    -699        f
2329     2339    -706        f
2330     2352    -713        f
2331     2366    -720        f
2332     2378    -726        f
2333     2390    -732        f
2334     2401    -738        f
2335     2412    -743        f
2336     2422    -748        f
2337     2432    -753        f
2338     2442    -758        f
2339     2451    -762        f
2340     2460    -767        f
2341     2468    -771        f
2342     2476    -775        f
2343     2483    -778        f
2344     2490    -782        f
2345     2497    -785        f
2346     2504    -789        f
2347     2510    -792        f
2348     2516    -795        f
2349     2522    -797        f
2350     2527    -800        f
2351     2532    -802        f
2352     2537    -805        f
2353     2542    -808        f
2354     2547    -810        f
2355     2551    -811        f
2356     2555    -814        f
2357     2559    -816        f
2358     2563    -818        f
2359     2566    -819        f
2360     2570    -821        f
2361     2573    -823        f
2362     2576    -825        f
2363     2579    -826        f
2364     2582    -827        f
2365     2585    -828        f
2366     2587    -830        f
2367     2590    -831        f
2368     2592    -833        f
2369     2595    -834        f
2370     2597    -835        f
2371     2599    -836        f
2372     2601    -836        f
2373     2603    -838        f
2374     2605    -839        f
2375     2606    -840        f
2376     2608    -840        f
2377     2609    -841        f
2378     2609    -841        r
2379     2609    -841        r
2380     2609    -841        r
2381     2609    -841        r
2382     2609    -841        r
2383     2609    -841        r
2384     2609    -841        r
2385     2609    -841        r
2386     2609    -841        r
2387     2609    -841        r
2388     2609    -841        r
2389     2609    -841        r
2390     2609    -841        r
2391     2609    -841        r
2392     2609    -841        l
2393     2609    -841        l
2394     2609    -841        l
2395     2609    -841        l
2396     2609    -841        f
2397     2751    -790        f
2398     2885    -741        f
2399     3014    -695        f
