step   ball_X    ball_Y    side
297     -626    1326        f
298     -656    1332        f
299     -685    1338        f
300     0    0        f
300     0    0        f
300     0    0        f
300     0    0        f
300     0    0        f
300     0    0        f
300     0    0        f
300     0    0        f
300     0    0        f
300     0    0        f
300     0    0        f
300     0    0        f
300     0    0        f
300     0    0        f
300     0    0        f
300     0    0        f
300     0    0        f
300     0    0        f
300     0    0        f
300     0    0        f
300     0    0        f
300     0    0        f
300     0    0        f
300     0    0        f
300     0    0        f
300     0    0        f
300     0    0        f
300     0    0        f
300     0    0        f
300     0    0        f
300     0    0        f
300     0    0        f
300     0    0        f
300     0    0        f
300     0    0        f
300     0    0        f
300     0    0        f
300     0    0        f
300     0    0        f
300     0    0        f
300     0    0        f
300     0    0        f
300     0    0        f
300     0    0        f
300     0    0        f
300     0    0        f
300     0    0        f
300     0    0        f
300     0    0        f
300     0    0        f
300     0    0        f
300     0    0        f
300     0    0        f
300     0    0        f
300     0    0        f
300     0    0        f
300     0    0        f
300     0    0        f
300     0    0        f
300     0    0        f
300     0    0        f
300     0    0        f
300     0    0        f
300     0    0        f
300     0    0        f
300     0    0        f
300     0    0        f
300     0    0        f
300     0    0        f
300     0    0        f
300     0    0        f
300     0    0        f
300     0    0        f
300     0    0        f
300     0    0        f
300     0    0        f
300     0    0        f
300     0    0        f
300     0    0        f
300     0    0        f
300     0    0        f
300     0    0        f
300     0    0        f
300     0    0        f
300     0    0        f
300     0    0        f
300     0    0        f
300     0    0        f
300     0    0        f
300     0    0        f
300     0    0        f
300     0    0        f
300     0    0        f
300     0    0        f
300     0    0        f
300     0    0        f
300     0    0        f
300     0    0        f
300     0    0        f
300     0    0        f
300     0    0        f
300     0    0        f
301     0    0        f
302     0    0        f
303     0    0        f
304     0    0        f
305     0    0        f
306     0    0        f
307     0    0        f
308     0    0        f
309     0    0        f
310     0    0        f
311     0    0        f
312     0    0        f
313     0    0        f
314     0    0        f
315     0    0        f
316     0    0        f
317     0    0        f
318     0    0        f
319     0    0        f
320     0    0        f
321     0    0        f
322     0    0        f
323     0    0        f
324     0    0        f
325     0    0        f
326     0    0        f
327     0    0        f
328     0    0        f
329     0    0        f
330     0    0        f
331     0    0        f
332     0    0        f
333     0    0        f
334     0    0        f
335     0    0        f
336     0    0        f
337     0    0        f
338     0    0        f
339     0    0        f
340     0    0        f
341     0    0        f
342     0    0        f
343     0    0        f
344     0    0        f
345     0    0        f
346     0    0        f
347     0    0        f
348     0    0        f
349     0    0        f
350     0    0        f
351     0    0        f
352     0    0        f
353     0    0        f
354     0    0        f
355     0    0        f
356     0    0        f
357     0    0        f
358     0    0        f
359     0    0        f
360     0    0        f
361     0    0        f
362     0    0        f
363     0    0        f
364     0    0        f
365     0    0        f
366     0    0        f
367     0    0        f
368     0    0        f
369     0    0        f
370     0    0        f
371     0    0        f
372     0    0        f
373     0    0        f
374     0    0        f
375     0    0        f
376     0    0        f
377     0    0        f
378     0    0        f
379     0    0        f
380     0    0        f
381     0    0        f
382     0    0        f
383     0    0        f
384     0    0        f
385     0    0        f
386     0    0        f
387     0    0        f
388     0    0        f
389     0    0        f
390     0    0        f
391     0    0        f
392     0    0        f
393     0    0        f
394     0    0        f
395     0    0        f
396     0    0        f
397     0    0        f
398     0    0        f
399     0    0        f
400     0    0        f
401     0    0        f
402     0    0        f
403     0    0        f
404     0    0        f
405     0    0        r
406     0    0        r
407     0    0        f
408     -68    33        f
409     -134    65        f
410     -197    95        f
411     -257    124        f
412     -314    152        f
413     -369    178        f
414     -422    202        f
415     -471    227        f
416     -519    250        f
417     -565    272        f
418     -608    293        f
419     -650    313        f
420     -689    333        f
421     -727    351        f
422     -763    368        f
423     -798    385        f
424     -831    401        f
425     -861    416        f
426     -892    430        f
427     -921    444        f
428     -949    458        f
429     -975    470        f
430     -1000    482        f
431     -1024    494        f
432     -1047    505        f
433     -1068    516        f
434     -1089    526        f
435     -1109    535        f
436     -1128    545        f
437     -1146    553        f
438     -1164    562        f
439     -1180    570        f
440     -1196    577        f
441     -1211    585        f
442     -1211    585        l
443     -1211    585        l
444     -1211    585        f
445     -1108    691        f
446     -1009    793        f
447     -915    890        f
448     -825    983        f
449     -739    1072        f
450     -657    1157        f
451     -579    1238        f
452     -504    1315        f
453     -432    1389        f
454     -364    1459        f
455     -299    1526        f
456     -237    1591        f
457     -177    1652        f
458     -121    1711        f
459     -66    1767        f
460     -15    1820        f
461     34    1871        f
462     81    1920        f
463     126    1967        f
464     169    2011        f
465     169    2011        l
466     169    2011        f
467     167    1873        f
468     167    1873        r
469     167    1873        r
470     167    1873        f
471     90    1746        f
472     16    1623        f
473     -54    1506        f
474     -121    1394        f
475     -186    1288        f
476     -247    1186        f
477     -306    1088        f
478     -362    994        f
479     -415    906        f
480     -466    821        f
481     -515    740        f
482     -562    663        f
483     -606    589        f
484     -649    518        f
485     -690    451        f
486     -728    387        f
487     -765    325        f
488     -801    266        f
489     -835    210        f
490     -867    157        f
491     -898    106        f
492     -927    56        f
493     -955    10        f
494     -982    -33        f
495     -1008    -76        f
496     -1032    -115        f
497     -1056    -155        f
498     -1078    -192        f
499     -1099    -227        f
500     -1120    -261        f
501     -1139    -293        f
502     -1158    -324        f
503     -1176    -354        f
504     -1193    -382        f
505     -1209    -408        f
506     -1224    -434        f
507     -1239    -458        f
508     -1253    -482        f
509     -1267    -504        f
510     -1280    -525        f
511     -1292    -546        f
512     -1304    -565        f
513     -1315    -584        f
514     -1326    -601        f
515     -1336    -618        f
516     -1346    -634        f
517     -1355    -650        f
518     -1364    -665        f
519     -1372    -679        f
520     -1381    -692        f
521     -1388    -705        f
522     -1396    -717        f
523     -1403    -729        f
524     -1410    -740        f
525     -1416    -751        f
526     -1422    -761        f
527     -1428    -771        f
528     -1434    -780        f
529     -1439    -789        f
530     -1444    -798        f
531     -1444    -798        l
532     -1444    -798        l
533     -1444    -798        f
534     -1297    -768        f
535     -1156    -741        f
536     -1022    -714        f
537     -894    -689        f
538     -771    -665        f
539     -654    -641        f
540     -542    -619        f
541     -434    -598        f
542     -333    -578        f
543     -236    -559        f
544     -143    -541        f
545     -54    -523        f
546     30    -505        f
547     111    -490        f
548     189    -475        f
549     263    -459        f
550     334    -446        f
551     401    -433        f
552     466    -420        f
553     527    -408        f
554     586    -397        f
555     642    -386        f
556     696    -375        f
557     748    -365        f
558     797    -355        f
559     844    -346        f
560     888    -337        f
561     931    -329        f
562     972    -321        f
563     1011    -313        f
564     1048    -306        f
565     1084    -299        f
566     1118    -292        f
567     1150    -286        f
568     1181    -279        f
569     1211    -274        f
570     1239    -268        f
571     1266    -263        f
572     1292    -258        f
573     1317    -252        f
574     1340    -248        f
575     1363    -244        f
576     1384    -240        f
577     1405    -236        f
578     1424    -231        f
579     1443    -227        f
580     1461    -224        f
581     1478    -221        f
582     1494    -218        f
583     1510    -215        f
584     1525    -212        f
585     1539    -209        f
586     1552    -206        f
587     1565    -204        f
588     1578    -200        f
589     1590    -199        f
590     1601    -197        f
591     1601    -197        r
592     1601    -197        r
593     1601    -197        f
594     1492    -300        f
595     1492    -300        l
596     1492    -300        f
597     1558    -262        f
598     1621    -225        f
599     1682    -190        f
