step   ball_X    ball_Y    side
0     0    0        f
0     0    0        f
0     0    0        f
0     0    0        f
0     0    0        f
0     0    0        f
0     0    0        f
0     0    0        f
0     0    0        f
0     0    0        f
0     0    0        f
0     0    0        f
0     0    0        f
0     0    0        f
0     0    0        f
0     0    0        f
0     0    0        f
0     0    0        f
0     0    0        f
0     0    0        f
0     0    0        f
0     0    0        f
0     0    0        f
0     0    0        f
0     0    0        f
0     0    0        f
0     0    0        f
0     0    0        f
0     0    0        f
0     0    0        f
0     0    0        f
0     0    0        f
0     0    0        f
0     0    0        f
0     0    0        f
0     0    0        f
0     0    0        f
0     0    0        f
0     0    0        f
0     0    0        f
0     0    0        f
0     0    0        f
0     0    0        f
0     0    0        f
0     0    0        f
0     0    0        f
0     0    0        f
0     0    0        f
0     0    0        f
0     0    0        f
0     0    0        f
0     0    0        f
0     0    0        f
0     0    0        f
0     0    0        f
0     0    0        f
1     0    0        f
2     0    0        f
3     0    0        f
4     0    0        f
5     0    0        f
6     0    0        f
7     0    0        f
8     0    0        f
9     0    0        f
10     0    0        f
11     0    0        f
12     0    0        f
13     0    0        f
14     0    0        f
15     0    0        f
16     0    0        f
17     0    0        f
18     0    0        f
19     0    0        f
20     0    0        f
21     0    0        f
22     0    0        f
23     0    0        f
24     0    0        f
25     0    0        f
26     0    0        f
27     0    0        f
28     0    0        f
29     0    0        f
30     0    0        f
31     0    0        f
32     0    0        f
33     0    0        f
34     0    0        f
35     0    0        f
36     0    0        f
67     0    0        f
68     0    0        f
69     0    0        f
70     0    0        f
71     0    0        f
72     0    0        f
73     0    0        f
74     0    0        f
75     0    0        f
76     0    0        f
77     0    0        f
78     0    0        f
79     0    0        f
80     0    0        f
81     0    0        f
82     0    0        f
83     0    0        f
84     0    0        f
85     0    0        f
86     0    0        f
87     0    0        f
88     0    0        f
89     0    0        f
90     0    0        f
91     0    0        f
92     0    0        f
93     0    0        f
94     0    0        f
95     0    0        f
96     0    0        f
97     0    0        f
98     0    0        f
99     0    0        f
100     0    0        f
101     0    0        f
102     0    0        f
103     0    0        f
104     0    0        f
105     0    0        l
106     0    0        l
107     0    0        l
108     0    0        l
109     0    0        l
110     0    0        l
111     0    0        f
112     70    28        f
113     137    57        f
114     200    85        f
115     262    111        f
116     321    136        f
117     377    160        f
118     430    183        f
119     480    204        f
120     530    225        f
121     576    245        f
122     621    264        f
123     663    282        f
124     703    299        f
125     742    315        f
126     779    331        f
127     814    346        f
128     848    360        f
129     880    374        f
130     911    387        f
131     940    400        f
132     968    411        f
133     994    423        f
134     1021    434        f
135     1045    444        f
136     1068    454        f
137     1090    463        f
138     1112    472        f
139     1132    480        f
140     1151    488        f
141     1170    497        f
142     1187    505        f
143     1204    512        f
144     1220    519        f
145     1236    525        f
146     1250    531        f
147     1264    537        f
148     1264    537        r
149     1264    537        r
150     1264    537        f
151     1164    634        f
152     1068    726        f
153     976    814        f
154     889    899        f
155     805    978        f
156     725    1056        f
157     649    1130        f
158     576    1200        f
159     505    1267        f
160     440    1331        f
161     376    1392        f
162     315    1450        f
163     257    1506        f
164     202    1559        f
165     149    1609        f
166     99    1657        f
167     51    1704        f
168     5    1748        f
169     -38    1791        f
170     -80    1830        f
171     -80    1830        l
172     -80    1830        f
173     -37    1755        f
174     3    1682        f
175     42    1614        f
176     80    1549        f
177     115    1486        f
178     150    1426        f
179     183    1368        f
180     215    1314        f
181     244    1261        f
182     244    1261        l
183     244    1261        f
184     319    1244        f
185     390    1227        f
186     458    1211        f
187     523    1195        f
188     585    1181        f
189     644    1167        f
190     701    1153        f
191     755    1140        f
192     806    1128        f
193     856    1117        f
194     902    1106        f
195     948    1095        f
196     991    1085        f
197     1032    1075        f
198     1071    1066        f
199     1109    1057        f
200     1145    1049        f
201     1145    1049        r
202     1145    1049        r
203     1145    1049        r
204     1145    1049        r
205     1145    1049        r
206     1179    1041        f
207     1179    1041        r
208     1179    1041        r
209     1179    1041        r
210     1179    1041        r
211     1212    1033        f
212     1212    1033        r
213     1212    1033        r
214     1212    1033        r
215     1243    1026        f
216     1243    1026        r
217     1243    1026        r
218     1273    1019        f
219     1273    1019        r
220     1273    1019        r
221     1301    1011        f
222     1329    1006        f
223     1355    1000        f
224     1379    994        f
225     1403    988        f
226     1426    983        f
227     1447    977        f
228     1468    973        f
229     1488    968        f
230     1507    964        f
231     1524    960        f
232     1542    956        f
233     1558    952        f
234     1574    948        f
235     1589    944        f
236     1603    941        f
237     1617    938        f
238     1630    935        f
239     1642    932        f
240     1654    928        f
241     1664    927        f
242     1676    924        f
243     1686    922        f
244     1696    919        f
245     1705    917        f
246     1714    915        f
247     1723    913        f
248     1732    911        f
249     1739    909        f
250     1747    908        f
251     1754    906        f
252     1761    903        f
253     1767    902        f
254     1773    901        f
255     1780    900        f
256     1785    899        f
257     1791    897        f
258     1796    896        f
259     1801    894        f
260     1805    894        f
261     1810    893        f
262     1814    892        f
263     1818    891        f
264     1822    890        f
265     1826    889        f
266     1830    888        f
267     1832    886        f
268     1836    886        f
269     1839    886        f
270     1843    885        f
271     1843    885        r
272     1843    885        r
273     1843    885        f
274     1843    885        l
275     1843    885        l
276     1843    885        f
277     1918    871        f
278     1989    858        f
279     2058    846        f
280     2124    833        f
281     2186    822        f
282     2246    811        f
283     2303    800        f
284     2358    790        f
285     2410    781        f
286     2460    772        f
287     2507    763        f
288     2552    755        f
289     2596    747        f
290     2637    739        f
291     2677    732        f
292     2715    725        f
293     2751    718        f
294     2785    712        f
295     2818    706        f
296     2849    700        f
297     2879    695        f
298     2908    690        f
299     2935    684        f
300     0    0        f
300     0    0        f
300     0    0        f
300     0    0        f
300     0    0        f
300     0    0        f
300     0    0        f
300     0    0        f
300     0    0        f
300     0    0        f
300     0    0        f
300     0    0        f
300     0    0        f
300     0    0        f
300     0    0        f
300     0    0        f
300     0    0        f
300     0    0        f
300     0    0        f
300     0    0        f
300     0    0        f
300     0    0        f
300     0    0        f
300     0    0        f
300     0    0        f
300     0    0        f
300     0    0        f
300     0    0        f
300     0    0        f
300     0    0        f
300     0    0        f
300     0    0        f
300     0    0        f
300     0    0        f
300     0    0        f
300     0    0        f
300     0    0        f
300     0    0        f
300     0    0        f
300     0    0        f
300     0    0        f
300     0    0        f
300     0    0        f
300     0    0        f
300     0    0        f
300     0    0        f
300     0    0        f
300     0    0        f
300     0    0        f
300     0    0        f
300     0    0        f
300     0    0        f
300     0    0        f
300     0    0        f
300     0    0        f
300     0    0        f
300     0    0        f
300     0    0        f
300     0    0        f
300     0    0        f
300     0    0        f
300     0    0        f
300     0    0        f
300     0    0        f
300     0    0        f
300     0    0        f
300     0    0        f
300     0    0        f
300     0    0        f
300     0    0        f
300     0    0        f
300     0    0        f
300     0    0        f
300     0    0        f
300     0    0        f
300     0    0        f
300     0    0        f
300     0    0        f
300     0    0        f
300     0    0        f
300     0    0        f
300     0    0        f
300     0    0        f
300     0    0        f
300     0    0        f
300     0    0        f
300     0    0        f
300     0    0        f
300     0    0        f
300     0    0        f
300     0    0        f
300     0    0        f
300     0    0        f
300     0    0        f
300     0    0        f
300     0    0        f
300     0    0        f
300     0    0        f
300     0    0        f
300     0    0        f
300     0    0        f
300     0    0        f
301     0    0        f
302     0    0        f
303     0    0        f
304     0    0        f
305     0    0        f
306     0    0        f
307     0    0        f
308     0    0        f
309     0    0        f
310     0    0        f
311     0    0        f
312     0    0        f
313     0    0        f
314     0    0        f
315     0    0        f
316     0    0        f
317     0    0        f
318     0    0        f
319     0    0        f
320     0    0        f
321     0    0        f
322     0    0        f
323     0    0        f
324     0    0        f
325     0    0        f
326     0    0        f
327     0    0        f
328     0    0        f
329     0    0        f
330     0    0        f
331     0    0        f
332     0    0        f
333     0    0        f
334     0    0        f
335     0    0        f
336     0    0        f
337     0    0        f
338     0    0        f
339     0    0        f
340     0    0        f
341     0    0        f
342     0    0        f
343     0    0        f
344     0    0        f
345     0    0        f
346     0    0        f
347     0    0        f
348     0    0        f
349     0    0        f
350     0    0        f
351     0    0        f
352     0    0        f
353     0    0        f
354     0    0        f
355     0    0        f
356     0    0        f
357     0    0        f
358     0    0        f
359     0    0        f
360     0    0        f
361     0    0        f
362     0    0        f
363     0    0        f
364     0    0        f
365     0    0        f
366     0    0        f
367     0    0        f
368     0    0        f
369     0    0        f
370     0    0        f
371     0    0        f
372     0    0        f
373     0    0        f
374     0    0        f
375     0    0        f
376     0    0        f
377     0    0        f
378     0    0        f
379     0    0        f
380     0    0        f
381     0    0        f
382     0    0        f
383     0    0        f
384     0    0        f
385     0    0        f
386     0    0        f
387     0    0        f
388     0    0        f
389     0    0        f
390     0    0        f
391     0    0        f
392     0    0        f
393     0    0        f
394     0    0        f
395     0    0        f
396     0    0        f
397     0    0        f
398     0    0        f
399     0    0        f
400     0    0        f
401     0    0        f
402     0    0        f
403     0    0        f
404     0    0        f
405     0    0        r
406     0    0        r
407     0    0        f
408     -69    30        f
409     -136    60        f
410     -200    88        f
411     -261    114        f
412     -319    141        f
413     -319    141        l
414     -319    141        f
415     -249    110        f
416     -183    81        f
417     -119    52        f
418     -57    25        f
419     -57    25        r
420     -57    25        f
421     -130    51        f
422     -199    76        f
423     -199    76        l
424     -199    76        l
425     -199    76        f
426     -122    70        f
427     -49    65        f
428     19    60        f
429     19    60        r
430     19    60        r
431     19    60        f
432     -53    38        f
433     -123    17        f
434     -123    17        l
435     -123    17        l
436     -123    17        f
437     -56    -18        f
438     8    -52        f
439     69    -85        f
440     128    -117        f
441     184    -147        f
442     238    -175        f
443     289    -202        f
444     338    -229        f
445     384    -254        f
446     429    -277        f
447     471    -300        f
448     512    -322        f
449     551    -343        f
450     588    -362        f
451     623    -381        f
452     657    -399        f
453     689    -417        f
454     720    -433        f
455     749    -449        f
456     778    -463        f
457     803    -478        f
458     830    -492        f
459     855    -505        f
460     877    -517        f
461     900    -529        f
462     921    -541        f
463     942    -551        f
464     961    -562        f
465     980    -572        f
466     997    -581        f
467     1014    -590        f
468     1030    -599        f
469     1046    -607        f
470     1061    -615        f
471     1075    -623        f
472     1088    -630        f
473     1101    -637        f
474     1113    -643        f
475     1125    -650        f
476     1136    -656        f
477     1147    -661        f
478     1157    -667        f
479     1167    -672        f
480     1176    -677        f
481     1185    -682        f
482     1193    -686        f
483     1201    -691        f
484     1209    -695        f
485     1216    -699        f
486     1223    -702        f
487     1230    -706        f
488     1236    -709        f
489     1243    -713        f
490     1248    -716        f
491     1254    -719        f
492     1259    -722        f
493     1264    -725        f
494     1269    -727        f
495     1274    -730        f
496     1278    -732        f
497     1283    -734        f
498     1287    -737        f
499     1290    -739        f
500     1294    -741        f
501     1298    -743        f
502     1301    -744        f
503     1304    -746        f
504     1307    -748        f
505     1310    -749        f
506     1313    -751        f
507     1316    -752        f
508     1318    -754        f
509     1321    -755        f
510     1323    -756        f
511     1325    -757        f
512     1327    -759        f
513     1329    -760        f
514     1331    -761        f
515     1333    -762        f
516     1335    -763        f
517     1337    -764        f
518     1338    -764        f
519     1340    -765        f
520     1341    -766        f
521     1343    -767        f
522     1344    -768        f
523     1345    -768        f
524     1347    -769        f
525     1348    -770        f
526     1349    -770        f
527     1350    -771        f
528     1351    -771        f
529     1352    -772        f
530     1353    -772        f
531     1354    -773        f
532     1354    -773        f
533     1355    -774        f
534     1355    -774        r
535     1355    -774        r
536     1355    -774        f
537     1208    -746        f
538     1208    -746        l
539     1208    -746        f
540     1284    -735        f
541     1356    -725        f
542     1425    -715        f
543     1491    -706        f
544     1554    -697        f
545     1614    -688        f
546     1672    -680        f
547     1727    -672        f
548     1779    -664        f
549     1829    -657        f
550     1877    -650        f
551     1923    -644        f
552     1966    -638        f
553     2007    -632        f
554     2048    -626        f
555     2086    -621        f
556     2122    -615        f
557     2157    -610        f
558     2190    -606        f
559     2221    -601        f
560     2252    -597        f
561     2280    -593        f
562     2308    -589        f
563     2334    -585        f
564     2359    -581        f
565     2383    -578        f
566     2406    -575        f
567     2428    -572        f
568     2449    -569        f
569     2469    -566        f
570     2488    -563        f
571     2506    -561        f
572     2524    -558        f
573     2540    -556        f
574     2556    -553        f
575     2571    -551        f
576     2586    -549        f
577     2600    -547        f
578     2613    -545        f
579     2625    -543        f
580     2637    -542        f
581     2649    -540        f
582     2660    -539        f
583     2670    -537        f
584     2680    -536        f
585     2690    -534        f
586     2690    -534        r
587     2690    -534        r
588     2690    -534        f
589     2632    -430        f
590     2577    -332        f
591     2525    -237        f
592     2474    -147        f
593     2426    -61        f
594     2381    20        f
595     2337    98        f
596     2295    173        f
597     2255    245        f
598     2217    313        f
599     2181    379        f
