step   ball_X    ball_Y    side
378     1650    394        f
379     1650    394        f
380     1650    394        f
381     1650    394        f
382     1650    394        f
383     1650    394        f
384     1650    394        f
385     1651    394        f
386     1651    394        f
387     1651    394        f
388     1651    394        f
389     1651    394        f
390     1651    394        f
391     1651    394        f
392     1651    394        f
393     1651    394        f
394     1651    394        f
395     1651    394        f
396     1651    394        f
397     1651    394        f
398     1651    394        f
399     1652    394        f
400     1652    394        f
401     1652    394        f
402     1652    394        f
403     1652    394        f
404     1652    394        f
405     1652    394        f
406     1652    394        f
407     1652    394        f
408     1652    394        f
409     1652    394        f
410     1652    394        f
411     1652    394        f
412     1652    394        f
413     1652    394        f
414     1652    394        f
415     1652    394        f
416     1652    394        f
417     1652    394        f
418     1652    394        f
419     1652    394        f
420     1652    394        f
421     1652    394        f
422     1652    394        f
423     1652    394        f
424     1652    394        f
425     1652    394        f
426     1652    394        f
427     1652    394        f
428     1652    394        f
429     1652    394        f
430     1652    394        f
431     1652    394        f
432     1652    394        f
433     1652    394        f
434     1652    394        f
435     1652    394        f
436     1652    394        f
437     1652    394        f
438     1653    394        f
439     1653    394        f
440     1653    394        f
441     1653    394        f
442     1653    394        f
443     1653    394        f
444     1653    394        f
445     1653    394        f
446     1653    394        f
447     1653    394        f
448     1653    394        f
449     1653    394        f
450     1653    394        f
451     1653    394        f
452     1653    394        f
453     1653    394        f
454     1653    394        f
455     1653    394        f
456     1653    394        f
457     1653    394        f
458     1653    394        f
459     1653    394        f
460     1653    394        f
461     1653    394        f
462     1653    394        f
463     1653    394        f
464     1653    394        f
465     1653    394        f
466     1653    394        f
467     1653    394        f
468     1653    394        f
469     1653    394        f
470     1653    394        f
471     1653    394        f
472     1653    394        f
473     1653    394        f
474     1653    394        f
475     1653    394        f
476     1653    394        f
477     1653    394        f
478     1653    394        f
479     1653    394        f
480     1653    394        f
481     1653    394        f
482     1653    394        f
483     1653    394        f
484     1653    394        l
485     1653    394        l
486     1653    394        l
487     1653    394        l
488     1653    394        l
489     1653    394        l
490     1653    394        l
491     1653    394        r
492     1653    394        l
493     1653    394        l
494     1653    394        l
495     1653    394        r
496     1653    394        r
497     1653    394        r
498     1653    394        r
499     1653    394        r
500     1653    394        r
501     1653    394        r
502     1653    394        r
503     1653    394        r
504     1653    394        r
505     1653    394        r
506     1653    394        r
507     1653    394        r
508     1653    394        r
509     1653    394        r
510     1653    394        r
511     1653    394        r
512     1653    394        r
513     1653    394        r
514     1653    394        r
515     1653    394        r
516     1653    394        r
517     1653    394        f
518     1625    285        f
519     1625    285        r
520     1625    285        r
521     1625    285        r
522     1625    285        r
523     1625    285        r
524     1625    285        r
525     1599    181        f
526     1599    181        r
527     1599    181        r
528     1599    181        r
529     1599    181        r
530     1599    181        r
531     1599    181        r
532     1574    82        f
533     1550    -12        f
534     1527    -103        f
535     1505    -190        f
536     1484    -272        f
537     1464    -351        f
538     1445    -426        f
539     1427    -498        f
540     1410    -567        f
541     1393    -632        f
542     1378    -695        f
543     1363    -755        f
544     1348    -811        f
545     1334    -867        f
546     1321    -919        f
547     1309    -969        f
548     1297    -1016        f
549     1285    -1062        f
550     1274    -1105        f
551     1264    -1146        f
552     1254    -1186        f
553     1244    -1224        f
554     1235    -1260        f
555     1227    -1294        f
556     1218    -1327        f
557     1210    -1359        f
558     1203    -1389        f
559     1196    -1417        f
560     1189    -1445        f
561     1182    -1471        f
562     1176    -1496        f
563     1170    -1519        f
564     1164    -1542        f
565     1159    -1564        f
566     1153    -1585        f
567     1148    -1604        f
568     1144    -1623        f
569     1139    -1641        f
570     1135    -1659        f
571     1131    -1675        f
572     1127    -1691        f
573     1123    -1705        f
574     1119    -1720        f
575     1116    -1734        f
576     1112    -1747        f
577     1109    -1760        f
578     1106    -1772        f
579     1103    -1782        f
580     1101    -1794        f
581     1098    -1804        f
582     1095    -1814        f
583     1093    -1823        f
584     1091    -1832        f
585     1089    -1841        f
586     1086    -1850        f
587     1084    -1857        f
588     1083    -1864        f
589     1081    -1872        f
590     1079    -1879        f
591     1077    -1886        f
592     1076    -1892        f
593     1074    -1898        f
594     1073    -1903        f
595     1071    -1909        f
596     1070    -1914        f
597     1069    -1919        f
598     1068    -1923        f
599     1066    -1928        f
600     1065    -1932        f
601     1064    -1937        f
602     1063    -1941        f
603     1062    -1944        f
604     1061    -1948        f
605     1061    -1951        f
606     1060    -1955        f
607     1059    -1957        f
608     1058    -1961        f
609     1058    -1964        f
610     1057    -1966        f
611     1056    -1969        f
612     1056    -1971        f
613     1055    -1973        f
614     1054    -1976        f
615     1054    -1978        f
616     1053    -1980        f
617     1053    -1982        f
618     1052    -1984        f
619     1052    -1986        f
620     1051    -1988        f
621     1051    -1989        f
622     1051    -1991        f
623     1050    -1992        f
624     1050    -1994        f
625     1050    -1995        f
626     1049    -1996        f
627     1049    -1998        f
628     1049    -1998        f
629     1048    -2000        f
630     1048    -2001        f
631     1048    -2002        f
632     1048    -2003        f
633     1047    -2004        f
634     1047    -2005        f
635     1047    -2005        f
636     1047    -2007        f
637     1046    -2007        f
638     1046    -2007        f
639     1046    -2009        f
640     1046    -2010        f
641     1046    -2010        f
642     1046    -2011        f
643     1045    -2011        f
644     1045    -2012        f
645     1045    -2013        f
646     1045    -2013        f
647     1045    -2014        f
648     1045    -2014        f
649     1045    -2014        f
650     1045    -2014        f
651     1044    -2014        f
652     1044    -2016        f
653     1044    -2016        f
654     1044    -2016        f
655     1044    -2017        f
656     1044    -2017        f
657     1044    -2017        f
658     1044    -2018        f
659     1044    -2018        f
660     1044    -2018        f
661     1044    -2019        f
662     1044    -2019        f
663     1043    -2019        f
664     1043    -2019        f
665     1043    -2019        f
666     1043    -2020        f
667     1043    -2020        f
668     1043    -2020        f
669     1043    -2020        f
670     1043    -2020        f
671     1043    -2021        f
672     1043    -2021        f
673     1043    -2021        f
674     1043    -2021        f
675     1043    -2021        f
676     1043    -2021        f
677     1043    -2021        f
678     1043    -2022        f
679     1043    -2022        f
680     1043    -2022        f
681     1043    -2022        f
682     1043    -2022        f
683     1043    -2022        f
684     1043    -2022        f
685     1043    -2022        f
686     1043    -2022        f
687     1043    -2022        f
688     1043    -2022        f
689     1043    -2023        f
690     1043    -2023        f
691     1043    -2023        f
692     1043    -2023        f
693     1043    -2023        f
694     1043    -2023        f
695     1043    -2023        f
696     1042    -2023        f
697     1042    -2023        f
698     1042    -2023        f
699     1042    -2023        f
700     1042    -2023        f
701     1042    -2023        f
702     1042    -2023        f
703     1042    -2023        f
704     1042    -2023        f
705     1042    -2023        f
706     1042    -2023        f
707     1042    -2023        f
708     1042    -2023        f
709     1042    -2023        f
710     1042    -2023        f
711     1042    -2023        f
712     1042    -2023        f
713     1042    -2023        f
714     1042    -2023        f
715     1042    -2023        f
716     1042    -2023        f
717     1042    -2023        f
718     1042    -2023        f
719     1042    -2023        f
720     1042    -2023        f
721     1042    -2023        f
722     1042    -2023        f
723     1042    -2023        f
724     1042    -2023        f
725     1042    -2023        f
726     1042    -2023        f
727     1042    -2023        f
728     1042    -2023        f
729     1042    -2023        f
730     1042    -2023        f
731     1042    -2023        f
732     1042    -2023        f
733     1042    -2023        f
734     1042    -2023        f
735     1042    -2023        f
736     1042    -2023        f
737     1042    -2023        f
738     1042    -2023        f
739     1042    -2023        f
740     1042    -2023        f
741     1042    -2023        f
742     1042    -2023        f
743     1042    -2023        f
744     1042    -2023        f
745     1042    -2023        f
746     1042    -2023        f
747     1042    -2023        f
748     1042    -2023        f
749     1042    -2023        f
750     1042    -2023        f
751     1042    -2023        f
752     1042    -2023        f
753     1042    -2023        f
754     1042    -2023        f
755     1042    -2023        f
756     1042    -2023        f
757     1042    -2023        f
758     1042    -2023        f
759     1042    -2023        f
760     1042    -2023        f
761     1042    -2023        f
762     1042    -2023        f
763     1042    -2023        f
764     1042    -2023        f
765     1042    -2023        f
766     1042    -2023        l
767     1042    -2023        l
768     1042    -2023        l
769     1042    -2023        l
770     1042    -2023        l
771     1042    -2023        l
772     1042    -2023        l
773     1042    -2023        l
774     1042    -2023        l
775     1042    -2023        l
776     1042    -2023        l
777     1042    -2023        l
778     1042    -2023        f
779     1042    -2023        f
780     1042    -2023        f
781     1042    -2023        f
782     1042    -2023        f
783     1042    -2023        f
784     1042    -2023        f
785     1042    -2023        f
786     1042    -2023        f
787     1042    -2023        f
788     1042    -2023        f
789     1042    -2023        f
790     1042    -2023        f
791     1042    -2023        f
792     1042    -2023        f
793     1042    -2023        f
794     1042    -2023        f
795     1042    -2023        f
796     1042    -2023        f
797     1042    -2023        f
798     1042    -2023        f
799     1042    -2023        f
800     1042    -2023        f
801     1042    -2023        f
802     1042    -2023        f
803     1042    -2023        f
804     1042    -2023        f
805     1042    -2023        f
806     1042    -2023        f
807     1042    -2023        f
808     1042    -2023        f
809     1042    -2023        f
810     1042    -2023        f
811     1042    -2023        f
812     1042    -2023        f
813     1042    -2023        f
814     1042    -2023        f
815     1042    -2023        f
816     1042    -2023        f
817     1042    -2023        f
818     1042    -2023        f
819     1042    -2023        f
820     1042    -2023        f
821     1042    -2023        f
822     1042    -2023        f
823     1042    -2023        f
824     1042    -2023        f
825     1042    -2023        f
826     1042    -2023        f
827     1042    -2023        f
828     1042    -2023        f
829     1042    -2023        f
830     1042    -2023        f
831     1042    -2023        f
832     1042    -2023        f
833     1042    -2023        f
834     1042    -2023        f
835     1042    -2023        f
836     1042    -2023        f
837     1042    -2023        f
838     1042    -2023        f
839     1042    -2023        f
840     1042    -2023        f
841     1042    -2023        f
842     1042    -2023        f
843     1042    -2023        f
844     1042    -2023        f
845     1042    -2023        f
846     1042    -2023        f
847     1042    -2023        f
848     1042    -2023        f
849     1042    -2023        f
850     1042    -2023        f
851     1042    -2023        f
852     1042    -2023        f
853     1042    -2023        f
854     1042    -2023        f
855     1042    -2023        f
856     1042    -2023        f
857     1042    -2023        f
858     1042    -2023        f
859     1042    -2023        f
860     1042    -2023        f
861     1042    -2023        f
862     1042    -2023        f
863     1042    -2023        f
864     1042    -2023        f
865     1042    -2023        f
866     1042    -2023        f
867     1042    -2023        f
868     1042    -2023        f
869     1042    -2023        f
870     1042    -2023        f
871     1042    -2023        f
872     1042    -2023        f
873     1042    -2023        f
874     1042    -2023        f
875     1042    -2023        f
876     1042    -2023        f
877     1042    -2023        f
878     1042    -2023        f
879     1042    -2023        f
880     1042    -2023        f
881     1042    -2023        f
882     1042    -2023        f
883     1042    -2023        f
884     1042    -2023        f
885     1042    -2023        f
886     1042    -2023        f
887     1042    -2023        f
888     1042    -2023        f
889     1042    -2023        f
890     1042    -2023        f
891     1042    -2023        f
892     1042    -2023        f
893     1042    -2023        f
894     1042    -2023        f
895     1042    -2023        f
896     1042    -2023        f
897     1042    -2023        f
898     1042    -2023        f
899     1042    -2023        f
900     1042    -2023        f
901     1042    -2023        f
902     1042    -2023        f
903     1042    -2023        f
904     1042    -2023        f
905     1042    -2023        f
906     1042    -2023        f
907     1042    -2023        f
908     1042    -2023        f
909     1042    -2023        f
910     1042    -2023        f
911     1042    -2023        f
912     1042    -2023        f
913     1042    -2023        f
914     1042    -2023        f
915     1042    -2023        f
916     1042    -2023        f
917     1042    -2023        f
918     1042    -2023        f
919     1042    -2023        f
920     1042    -2023        f
921     1042    -2023        f
922     1042    -2023        f
923     1042    -2023        f
924     1042    -2023        f
925     1042    -2023        f
926     1042    -2023        f
927     1042    -2023        f
928     1042    -2023        f
929     1042    -2023        f
930     1042    -2023        f
931     1042    -2023        f
932     1042    -2023        f
933     1042    -2023        f
934     1042    -2023        f
935     1042    -2023        f
936     1042    -2023        f
937     1042    -2023        f
938     1042    -2023        f
939     1042    -2023        f
940     1042    -2023        f
941     1042    -2023        f
942     1042    -2023        f
943     1042    -2023        f
944     1042    -2023        f
945     1042    -2023        f
946     1042    -2023        f
947     1042    -2023        f
948     1042    -2023        f
949     1042    -2023        f
950     1042    -2023        f
951     1042    -2023        f
952     1042    -2023        f
953     1042    -2023        f
954     1042    -2023        f
955     1042    -2023        f
956     1042    -2023        f
957     1042    -2023        f
958     1042    -2023        f
959     1042    -2023        f
960     1042    -2023        f
961     1042    -2023        f
962     1042    -2023        f
963     1042    -2023        f
964     1042    -2023        f
965     1042    -2023        f
966     1042    -2023        f
967     1042    -2023        f
968     1042    -2023        f
969     1042    -2023        f
970     1042    -2023        l
971     1042    -2023        l
972     1042    -2023        l
973     1042    -2023        l
974     1042    -2023        l
975     1042    -2023        l
976     1042    -2023        l
977     1042    -2023        l
978     1042    -2023        l
979     1042    -2023        l
980     1042    -2023        l
981     1042    -2023        l
982     1042    -2023        l
983     1042    -2023        l
984     1042    -2023        l
985     1042    -2023        l
986     1042    -2023        l
987     1042    -2023        l
988     1042    -2023        l
989     1042    -2023        l
990     1042    -2023        l
991     1042    -2023        l
992     1042    -2023        l
993     1042    -2023        l
994     1042    -2023        l
995     1042    -2023        l
996     1042    -2023        l
997     1042    -2023        l
998     1042    -2023        l
999     1042    -2023        l
1000     1042    -2023        l
1001     1042    -2023        l
1002     1042    -2023        l
1003     1042    -2023        l
1004     1042    -2023        l
1005     1042    -2023        l
1006     1042    -2023        l
1007     1042    -2023        l
1008     1042    -2023        l
1009     1042    -2023        l
1010     1042    -2023        l
1011     1042    -2023        l
1012     1042    -2023        l
1013     1042    -2023        l
1014     1042    -2023        l
1015     1042    -2023        l
1016     1042    -2023        l
1017     1042    -2023        l
1018     1042    -2023        l
1019     1042    -2023        l
1020     1042    -2023        l
1021     1042    -2023        l
1022     1042    -2023        l
1023     1042    -2023        l
1024     1042    -2023        l
1025     1042    -2023        l
1026     1042    -2023        l
1027     1042    -2023        l
1028     1042    -2023        l
1029     1042    -2023        l
1030     1042    -2023        l
1031     1042    -2023        l
1032     1042    -2023        l
1033     1042    -2023        l
1034     1042    -2023        l
1035     1042    -2023        l
1036     1042    -2023        l
1037     1042    -2023        l
1038     1042    -2023        l
1039     1042    -2023        l
1040     1042    -2023        l
1041     1042    -2023        l
1042     1042    -2023        l
1043     1042    -2023        l
1044     1042    -2023        l
1045     1042    -2023        l
1046     1042    -2023        l
1047     1042    -2023        l
1048     1042    -2023        l
1049     1042    -2023        l
1050     1042    -2023        l
1051     1042    -2023        l
1052     1042    -2023        l
1053     1042    -2023        l
1054     1042    -2023        l
1055     1042    -2023        l
1056     1042    -2023        l
1057     1042    -2023        l
1058     1042    -2023        l
1059     1042    -2023        l
1060     1042    -2023        l
1061     1042    -2023        l
1062     1042    -2023        l
1063     1042    -2023        l
1064     1042    -2023        l
1065     1042    -2023        l
1066     1042    -2023        l
1067     1042    -2023        l
1068     1042    -2023        l
1069     1042    -2023        l
1070     1042    -2023        l
1071     1042    -2023        l
1072     1042    -2023        l
1073     1042    -2023        l
1074     1042    -2023        l
1075     1042    -2023        l
1076     1042    -2023        l
1077     1042    -2023        l
1078     1042    -2023        l
1079     1042    -2023        l
1080     1042    -2023        l
1081     1042    -2023        l
1082     1042    -2023        l
1083     1042    -2023        l
1084     1042    -2023        l
1085     1042    -2023        l
1086     1042    -2023        l
1087     1042    -2023        l
1088     1042    -2023        l
1089     1042    -2023        l
1090     1042    -2023        l
1091     1042    -2023        l
1092     1042    -2023        l
1093     1042    -2023        l
1094     1042    -2023        l
1095     1042    -2023        l
1096     1042    -2023        l
1097     1042    -2023        l
1098     1042    -2023        l
1099     1042    -2023        l
1100     1042    -2023        l
1101     1042    -2023        l
1102     1042    -2023        l
1103     1042    -2023        l
1104     1042    -2023        l
1105     1042    -2023        l
1106     1042    -2023        l
1107     1042    -2023        l
1108     1042    -2023        l
1109     1042    -2023        l
1110     1042    -2023        l
1111     1042    -2023        l
1112     1042    -2023        l
1113     1042    -2023        l
1114     1042    -2023        l
1115     1042    -2023        l
1116     1042    -2023        l
1117     1042    -2023        l
1118     1042    -2023        l
1119     1042    -2023        l
1120     1042    -2023        l
1121     1042    -2023        l
1122     1042    -2023        l
1123     1042    -2023        l
1124     1042    -2023        l
1125     1042    -2023        l
1126     1042    -2023        l
1127     1042    -2023        f
1128     1042    -2023        f
1129     1042    -2023        f
1130     1042    -2023        f
1131     1042    -2023        f
1132     1042    -2023        f
1133     1042    -2023        f
1134     1042    -2023        f
1135     1042    -2023        f
1136     1042    -2023        f
1137     1042    -2023        f
1138     1042    -2023        f
1139     1042    -2023        f
1140     1042    -2023        f
1141     1042    -2023        f
1142     1042    -2023        f
1143     1042    -2023        f
1144     1042    -2023        f
1145     1042    -2023        f
1146     1042    -2023        f
1147     1042    -2023        f
1148     1042    -2023        f
1149     1042    -2023        f
1150     1042    -2023        f
1151     1042    -2023        f
1152     1042    -2023        f
1153     1042    -2023        f
1154     1042    -2023        f
1155     1042    -2023        f
1156     1042    -2023        f
1157     1042    -2023        f
1158     1042    -2023        f
1159     1042    -2023        f
1160     1042    -2023        f
1161     1042    -2023        f
1162     1042    -2023        f
1163     1042    -2023        f
1164     1042    -2023        f
1165     1042    -2023        f
1166     1042    -2023        f
1167     1042    -2023        f
1168     1042    -2023        f
1169     1042    -2023        f
1170     1042    -2023        f
1171     1042    -2023        f
1172     1042    -2023        f
1173     1042    -2023        f
1174     1042    -2023        f
1175     1042    -2023        f
1176     1042    -2023        f
1177     1042    -2023        f
1178     1042    -2023        f
1179     1042    -2023        f
1180     1042    -2023        f
1181     1042    -2023        f
1182     1042    -2023        f
1183     1042    -2023        f
1184     1042    -2023        f
1185     1042    -2023        f
1186     1042    -2023        f
1187     1042    -2023        f
1188     1042    -2023        f
1189     1042    -2023        f
1190     1042    -2023        f
1191     1042    -2023        f
1192     1042    -2023        f
1193     1042    -2023        f
1194     1042    -2023        f
1195     1042    -2023        f
1196     1042    -2023        f
1197     1042    -2023        f
1198     1042    -2023        f
1199     1042    -2023        f
1200     0    0        f
1200     0    0        f
1200     0    0        f
1200     0    0        f
1200     0    0        f
1200     0    0        f
1200     0    0        f
1200     0    0        f
1200     0    0        f
1200     0    0        f
1200     0    0        f
1200     0    0        f
1200     0    0        f
1200     0    0        f
1200     0    0        f
1200     0    0        f
1200     0    0        f
1200     0    0        f
1200     0    0        f
1200     0    0        f
1200     0    0        f
1200     0    0        f
1200     0    0        f
1200     0    0        f
1200     0    0        f
1200     0    0        f
1200     0    0        f
1200     0    0        f
1200     0    0        f
1200     0    0        f
1200     0    0        f
1200     0    0        f
1200     0    0        f
1200     0    0        f
1200     0    0        f
1200     0    0        f
1200     0    0        f
1200     0    0        f
1200     0    0        f
1200     0    0        f
1200     0    0        f
1200     0    0        f
1200     0    0        f
1200     0    0        f
1200     0    0        f
1200     0    0        f
1200     0    0        f
1200     0    0        f
1200     0    0        f
1200     0    0        f
1200     0    0        f
1200     0    0        f
1200     0    0        f
1200     0    0        f
1200     0    0        f
1200     0    0        f
1200     0    0        f
1200     0    0        f
1200     0    0        f
1200     0    0        f
1200     0    0        f
1200     0    0        f
1200     0    0        f
1200     0    0        f
1200     0    0        f
1200     0    0        f
1200     0    0        f
1200     0    0        f
1200     0    0        f
1200     0    0        f
1200     0    0        f
1200     0    0        f
1200     0    0        f
1200     0    0        f
1200     0    0        f
1200     0    0        f
1200     0    0        f
1200     0    0        f
1200     0    0        f
1200     0    0        f
1200     0    0        f
1200     0    0        f
1200     0    0        f
1200     0    0        f
1200     0    0        f
1200     0    0        f
1200     0    0        f
1200     0    0        f
1200     0    0        f
1200     0    0        f
1200     0    0        f
1200     0    0        f
1200     0    0        f
1200     0    0        f
1200     0    0        f
1200     0    0        f
1200     0    0        f
1200     0    0        f
1200     0    0        f
1200     0    0        f
1200     0    0        f
1200     0    0        f
1201     0    0        f
1202     0    0        f
1203     0    0        f
1204     0    0        f
1205     0    0        f
1206     0    0        f
1207     0    0        f
1208     0    0        f
1209     0    0        f
1210     0    0        f
1211     0    0        f
1212     0    0        f
1213     0    0        f
1214     0    0        f
1215     0    0        f
1216     0    0        f
1217     0    0        f
1218     0    0        f
1219     0    0        f
1220     0    0        f
1221     0    0        f
1222     0    0        f
1223     0    0        f
1224     0    0        f
1225     0    0        f
1226     0    0        f
1227     0    0        f
1228     0    0        f
1229     0    0        f
1230     0    0        f
1231     0    0        f
1232     0    0        f
1233     0    0        f
1234     0    0        f
1235     0    0        f
1236     0    0        f
1237     0    0        f
1238     0    0        f
1239     0    0        f
1240     0    0        f
1241     0    0        f
1242     0    0        f
1243     0    0        f
1244     0    0        f
1245     0    0        f
1246     0    0        f
1247     0    0        f
1248     0    0        f
1249     0    0        f
1250     0    0        f
1251     0    0        f
1252     0    0        f
1253     0    0        f
1254     0    0        f
1255     0    0        f
1256     0    0        f
1257     0    0        f
1258     0    0        f
1259     0    0        f
1260     0    0        f
1261     0    0        f
1262     0    0        f
1263     0    0        f
1264     0    0        f
1265     0    0        f
1266     0    0        f
1267     0    0        f
1268     0    0        f
1269     0    0        f
1270     0    0        f
1271     0    0        f
1272     0    0        f
1273     0    0        f
1274     0    0        f
1275     0    0        f
1276     0    0        f
1277     0    0        f
1278     0    0        f
1279     0    0        f
1280     0    0        f
1281     0    0        f
1282     0    0        f
1283     0    0        f
1284     0    0        f
1285     0    0        f
1286     0    0        f
1287     0    0        f
1288     0    0        f
1289     0    0        f
1290     0    0        f
1291     0    0        f
1292     0    0        f
1293     0    0        f
1294     0    0        f
1295     0    0        f
1296     0    0        f
1297     0    0        f
1298     0    0        f
1299     0    0        f
1300     0    0        f
1301     0    0        f
1302     0    0        f
1303     0    0        f
1304     0    0        f
1305     0    0        r
1306     0    0        r
1307     0    0        r
1308     0    0        r
1309     0    0        r
1310     0    0        r
1311     0    0        r
1312     0    0        r
1313     0    0        r
1314     0    0        r
1315     0    0        r
1316     0    0        r
1317     0    0        r
1318     0    0        r
1319     0    0        r
1320     0    0        r
1321     0    0        r
1322     0    0        r
1323     0    0        r
1324     0    0        r
1325     0    0        r
1326     0    0        r
1327     0    0        f
1328     0    0        f
1329     0    0        f
1330     0    0        f
1331     0    0        f
1332     0    0        f
1333     0    0        f
1334     0    0        f
1335     0    0        f
1336     0    0        f
1337     0    0        f
1338     0    0        f
1339     0    0        f
1340     0    0        f
1341     0    0        f
1342     0    0        f
1343     0    0        f
1344     0    0        f
1345     0    0        f
1346     0    0        f
1347     0    0        f
1348     0    0        f
1349     0    0        f
1350     0    0        f
1351     0    0        f
1352     0    0        f
1353     0    0        f
1354     0    0        f
1355     0    0        f
1356     0    0        f
1357     0    0        f
1358     0    0        f
1359     0    0        f
1360     0    0        f
1361     0    0        f
1362     0    0        f
1363     0    0        f
1364     0    0        f
1365     0    0        f
1366     0    0        f
1367     0    0        f
1368     0    0        f
1369     0    0        f
1370     0    0        f
1371     0    0        f
1372     0    0        f
1373     0    0        f
1374     0    0        f
1375     0    0        f
1376     0    0        f
1377     0    0        f
1378     0    0        f
1379     0    0        f
1380     0    0        f
1381     0    0        f
1382     0    0        f
1383     0    0        f
1384     0    0        f
1385     0    0        f
1386     0    0        f
1387     0    0        f
1388     0    0        f
1389     0    0        f
1390     0    0        f
1391     0    0        f
1392     0    0        f
1393     0    0        f
1394     0    0        f
1395     0    0        f
1396     0    0        f
1397     0    0        f
1398     0    0        f
1399     0    0        f
1400     0    0        f
1401     0    0        f
1402     0    0        f
1403     0    0        f
1404     0    0        f
1405     0    0        f
1406     0    0        f
1407     0    0        f
1408     0    0        f
1409     0    0        f
1410     0    0        f
1411     0    0        f
1412     0    0        f
1413     0    0        f
1414     0    0        f
1415     0    0        f
1416     0    0        f
1417     0    0        f
1418     0    0        f
1419     0    0        f
1420     0    0        f
1421     0    0        f
1422     0    0        f
1423     0    0        f
1424     0    0        f
1425     0    0        f
1426     0    0        f
1427     0    0        f
1428     0    0        f
1429     0    0        f
1430     0    0        f
1431     0    0        f
1432     0    0        f
1433     0    0        f
1434     0    0        f
1435     0    0        f
1436     0    0        f
1437     0    0        f
1438     0    0        f
1439     0    0        f
1440     0    0        f
1441     0    0        f
1442     0    0        f
1443     0    0        f
1444     0    0        f
1445     0    0        f
1446     0    0        f
1447     0    0        f
1448     0    0        f
1449     0    0        f
1450     0    0        f
1451     0    0        f
1452     0    0        f
1453     0    0        f
1454     0    0        f
1455     0    0        f
1456     0    0        f
1457     0    0        f
1458     0    0        l
1459     0    0        l
1460     0    0        l
1461     0    0        l
1462     0    0        l
1463     0    0        l
1464     0    0        l
1465     0    0        l
1466     0    0        l
1467     0    0        l
1468     0    0        l
1469     0    0        l
1470     0    0        l
1471     0    0        l
1472     0    0        l
1473     0    0        l
1474     0    0        l
1475     0    0        f
1476     76    6        f
1477     149    13        f
1478     218    19        f
1479     284    25        f
1480     348    31        f
1481     408    36        f
1482     466    41        f
1483     521    46        f
1484     574    51        f
1485     624    55        f
1486     672    60        f
1487     718    64        f
1488     762    68        f
1489     803    72        f
1490     844    75        f
1491     882    79        f
1492     919    82        f
1493     952    85        f
1494     986    88        f
1495     1018    91        f
1496     1049    93        f
1497     1077    96        f
1498     1105    99        f
1499     1131    101        f
1500     1157    103        f
1501     1181    105        f
1502     1204    107        f
1503     1226    109        f
1504     1246    111        f
1505     1267    112        f
1506     1286    114        f
1507     1304    115        f
1508     1321    118        f
1509     1338    119        f
1510     1354    121        f
1511     1369    122        f
1512     1384    123        f
1513     1398    125        f
1514     1411    126        f
1515     1423    127        f
1516     1436    128        f
1517     1447    129        f
1518     1458    130        f
1519     1469    131        f
1520     1479    132        f
1521     1488    133        f
1522     1497    134        f
1523     1506    134        f
1524     1514    135        f
1525     1522    136        f
1526     1530    137        f
1527     1537    137        f
1528     1544    138        f
1529     1551    138        f
1530     1557    139        f
1531     1563    140        f
1532     1569    140        f
1533     1574    141        f
1534     1580    141        f
1535     1585    141        f
1536     1590    142        f
1537     1594    142        f
1538     1599    143        f
1539     1603    143        f
1540     1607    143        f
1541     1611    144        f
1542     1614    144        f
1543     1618    144        f
1544     1621    145        f
1545     1623    145        f
1546     1627    145        f
1547     1630    146        f
1548     1632    146        f
1549     1636    146        f
1550     1638    146        f
1551     1639    146        f
1552     1643    147        f
1553     1645    147        f
1554     1647    147        f
1555     1648    147        f
1556     1651    147        f
1557     1653    148        f
1558     1655    148        f
1559     1655    148        f
1560     1657    148        f
1561     1659    148        f
1562     1661    148        f
1563     1662    148        f
1564     1663    148        f
1565     1664    149        f
1566     1666    149        f
1567     1667    149        f
1568     1668    149        f
1569     1669    149        f
1570     1670    149        f
1571     1671    149        f
1572     1672    149        f
1573     1672    149        r
1574     1672    149        r
1575     1672    149        r
1576     1672    149        r
1577     1672    149        r
1578     1672    149        r
1579     1672    149        r
1580     1672    149        r
1581     1672    149        r
1582     1673    149        f
1583     1673    149        f
1584     1675    149        f
1585     1675    150        f
1586     1676    150        f
1587     1677    150        f
1588     1677    150        f
1589     1678    150        f
1590     1679    150        f
1591     1679    150        f
1592     1680    150        f
1593     1680    150        f
1594     1680    150        f
1595     1680    150        f
1596     1680    150        l
1597     1680    150        l
1598     1680    150        l
1599     1680    150        l
1600     1680    150        l
1601     1680    150        l
1602     1680    150        l
1603     1680    150        f
1604     1755    165        f
1605     1828    179        f
1606     1897    192        f
1607     1962    204        f
1608     2023    217        f
1609     2084    229        f
1610     2141    240        f
1611     2195    250        f
1612     2247    261        f
1613     2296    270        f
1614     2343    280        f
1615     2388    289        f
1616     2431    297        f
1617     2472    305        f
1618     2512    313        f
1619     2549    320        f
1620     2585    327        f
1621     2619    334        f
1622     2652    340        f
1623     2683    347        f
1624     2713    352        f
1625     2741    358        f
1626     2769    363        f
1627     2794    368        f
1628     2819    373        f
1629     2843    378        f
1630     2866    382        f
1631     2887    387        f
1632     2908    391        f
1633     2927    394        f
1634     2946    398        f
1635     2964    401        f
1636     2981    405        f
1637     2998    408        f
1638     3013    411        f
1639     3028    413        f
1640     3043    417        f
1641     3056    420        f
1642     3069    422        f
1643     3082    425        f
1644     3094    426        f
1645     3105    429        f
1646     3116    432        f
1647     3126    434        f
1648     3136    436        f
1649     3145    437        f
1650     3154    438        f
1651     3163    441        f
1652     3171    442        f
1653     3179    444        f
1654     3187    445        f
1655     3194    447        f
1656     3201    448        f
1657     3207    450        f
1658     3213    451        f
1659     3219    451        f
1660     3225    453        f
1661     3229    454        f
1662     3236    455        f
1663     3240    455        f
1664     3245    457        f
1665     3250    458        f
1666     3254    459        f
1667     3258    459        f
1668     3261    459        f
1669     3265    461        f
1670     3270    462        f
1671     3272    463        f
1672     3276    463        f
1673     3279    463        f
1674     3282    463        f
1675     3285    465        f
1676     3288    465        f
1677     3290    466        f
1678     3293    466        f
1679     3295    467        f
1680     3297    467        f
1681     3300    468        f
1682     3302    468        f
1683     3304    469        f
1684     3306    469        f
1685     3307    469        f
1686     3309    470        f
1687     3311    470        f
1688     3311    470        f
1689     3314    471        f
1690     3315    471        f
1691     3317    471        f
1692     3318    471        f
1693     3319    472        f
1694     3320    472        f
1695     3321    472        f
1696     3322    472        f
1697     3324    472        f
1698     3325    473        f
1699     3325    473        f
1700     3326    473        f
1701     3327    473        f
1702     3328    473        f
1703     3329    474        f
1704     3329    474        f
1705     3329    474        f
1706     3331    474        f
1707     3332    474        f
1708     3332    474        f
1709     3333    474        f
1710     3333    474        f
1711     3334    475        f
1712     3334    475        f
1713     3335    475        f
1714     3335    475        f
1715     3336    475        f
1716     3336    475        f
1717     3336    475        f
1718     3336    475        f
1719     3336    475        f
1720     3338    475        f
1721     3338    475        f
1722     3338    475        f
1723     3339    476        f
1724     3339    476        f
1725     3339    476        r
1726     3339    476        r
1727     3339    476        r
1728     3339    476        r
1729     3339    476        r
1730     3339    476        r
1731     3339    476        r
1732     3339    476        r
1733     3339    476        r
1734     3339    476        r
1735     3339    476        r
1736     3339    476        r
1737     3339    476        r
1738     3339    476        r
1739     3339    476        l
1740     3339    476        r
1741     3339    476        r
1742     3339    476        r
1743     3339    476        l
1744     3339    476        l
1745     3339    476        l
1746     3339    476        l
1747     3339    476        r
1748     3339    476        l
1749     3339    476        l
1750     3339    476        r
1751     3339    476        l
1752     3339    476        r
1753     3339    476        r
1754     3339    476        r
1755     3339    476        l
1756     3339    476        r
1757     3339    476        r
1758     3339    476        r
1759     3339    476        l
1760     3339    476        l
1761     3339    476        l
1762     3339    476        r
1763     3339    476        l
1764     3339    476        r
1765     3339    476        r
1766     3339    476        l
1767     3339    476        r
1768     3339    476        r
1769     3339    476        r
1770     3339    476        r
1771     3339    476        r
1772     3339    476        r
1773     3339    476        r
1774     3339    476        r
1775     3339    476        r
1776     3339    476        r
1777     3339    476        r
1778     3339    476        r
1779     3339    476        r
1780     3339    476        r
1781     3339    476        r
1782     3339    476        r
1783     3339    476        r
1784     3339    476        r
1785     3339    476        r
1786     3339    476        r
1787     3339    476        r
1788     3339    476        r
1789     3339    476        r
1790     3339    476        r
1791     3339    476        r
1792     3339    476        f
1793     3215    562        f
1794     3099    645        f
1795     2988    724        f
1796     2881    799        f
1797     2779    871        f
1798     2681    940        f
1799     2588    1005        f
1800     2500    1068        f
1801     2415    1128        f
1802     2334    1185        f
1803     2256    1240        f
1804     2182    1292        f
1805     2112    1342        f
1806     2044    1389        f
1807     1980    1435        f
1808     1918    1478        f
1809     1860    1520        f
1810     1803    1559        f
1811     1750    1597        f
1812     1698    1632        f
1813     1650    1668        f
1814     1603    1701        f
1815     1559    1732        f
1816     1516    1762        f
1817     1476    1791        f
1818     1437    1818        f
1819     1400    1845        f
1820     1365    1870        f
1821     1331    1894        f
1822     1299    1916        f
1823     1268    1938        f
1824     1239    1959        f
1825     1211    1979        f
1826     1184    1998        f
1827     1159    2016        f
1828     1134    2032        f
1829     1111    2050        f
1830     1089    2065        f
1831     1067    2081        f
1832     1047    2095        f
1833     1028    2109        f
1834     1009    2122        f
1835     991    2134        f
1836     974    2146        f
1837     958    2158        f
1838     958    2158        r
1839     958    2158        r
1840     958    2158        r
1841     958    2158        r
1842     958    2158        r
1843     958    2158        r
1844     958    2158        r
1845     958    2158        r
1846     958    2158        r
1847     958    2158        r
1848     958    2158        r
1849     958    2158        r
1850     958    2158        r
1851     958    2158        r
1852     958    2158        r
1853     943    2168        f
1854     927    2179        f
1855     914    2189        f
1856     900    2198        f
1857     888    2207        f
1858     875    2216        f
1859     864    2224        f
1860     852    2232        f
1861     842    2240        f
1862     831    2247        f
1863     822    2254        f
1864     811    2260        f
1865     802    2267        f
1866     795    2273        f
1867     787    2278        f
1868     779    2284        f
1869     772    2289        f
1870     765    2294        f
1871     758    2299        f
1872     751    2303        f
1873     745    2308        f
1874     739    2312        f
1875     734    2316        f
1876     734    2316        l
1877     734    2316        l
1878     734    2316        l
1879     734    2316        l
1880     734    2316        l
1881     734    2316        l
1882     734    2316        l
1883     734    2316        l
1884     734    2316        l
1885     734    2316        l
1886     734    2316        l
1887     734    2316        l
1888     728    2320        f
1889     723    2323        f
1890     718    2327        f
1891     714    2330        f
1892     709    2333        f
1893     705    2336        f
1894     701    2339        f
1895     697    2342        f
1896     693    2344        f
1897     690    2347        f
1898     686    2349        f
1899     683    2352        f
1900     680    2354        f
1901     677    2356        f
1902     674    2358        f
1903     672    2360        f
1904     669    2362        f
1905     667    2363        f
1906     664    2365        f
1907     662    2366        f
1908     660    2368        f
1909     658    2369        f
1910     656    2371        f
1911     654    2372        f
1912     652    2373        f
1913     650    2375        f
1914     649    2376        f
1915     647    2377        f
1916     646    2378        f
1917     644    2379        f
1918     643    2380        f
1919     642    2381        f
1920     641    2382        f
1921     639    2382        f
1922     638    2383        f
1923     637    2384        f
1924     636    2385        f
1925     635    2385        f
1926     634    2386        f
1927     633    2387        f
1928     632    2387        f
1929     632    2388        f
1930     631    2388        f
1931     630    2389        f
1932     629    2389        f
1933     629    2390        f
1934     628    2390        f
1935     628    2391        f
1936     627    2391        f
1937     626    2391        f
1938     626    2392        f
1939     625    2392        f
1940     625    2393        f
1941     624    2393        f
1942     624    2393        f
1943     623    2393        f
1944     623    2394        f
1945     623    2394        f
1946     622    2394        f
1947     622    2395        f
1948     622    2395        f
1949     621    2395        f
1950     621    2395        f
1951     621    2395        f
1952     620    2396        f
1953     620    2396        f
1954     620    2396        f
1955     620    2396        f
1956     619    2396        f
1957     619    2397        f
1958     619    2397        f
1959     619    2397        f
1960     619    2397        f
1961     618    2397        f
1962     618    2397        f
1963     618    2397        f
1964     618    2397        f
1965     618    2398        f
1966     618    2398        f
1967     617    2398        f
1968     617    2398        f
1969     617    2398        f
1970     617    2398        l
1971     617    2398        l
1972     617    2398        l
1973     617    2398        l
1974     617    2398        l
1975     617    2398        l
1976     617    2398        l
1977     617    2398        l
1978     617    2398        l
1979     617    2398        l
1980     617    2398        l
1981     617    2398        l
1982     617    2398        l
1983     617    2398        l
1984     617    2398        l
1985     617    2398        l
1986     617    2398        f
1987     686    2275        f
1988     751    2157        f
1989     813    2044        f
1990     873    1937        f
1991     928    1834        f
1992     984    1736        f
1993     1035    1642        f
1994     1085    1553        f
1995     1132    1468        f
1996     1177    1386        f
1997     1221    1309        f
1998     1262    1234        f
1999     1301    1163        f
2000     1338    1096        f
2001     1374    1031        f
2002     1409    969        f
2003     1441    910        f
2004     1472    853        f
2005     1472    853        r
2006     1472    853        r
2007     1472    853        r
2008     1472    853        r
2009     1472    853        r
2010     1472    853        r
2011     1472    853        r
2012     1472    853        r
2013     1472    853        r
2014     1472    853        r
2015     1472    853        r
2016     1472    853        r
2017     1472    853        r
2018     1472    853        r
2019     1472    853        r
2020     1472    853        f
2021     1398    836        f
2022     1327    819        f
2023     1259    802        f
2024     1194    788        f
2025     1132    773        f
2026     1073    759        f
2027     1016    746        f
2028     961    733        f
2029     911    721        f
2030     861    710        f
2031     814    699        f
2032     769    688        f
2033     727    678        f
2034     686    668        f
2035     647    659        f
2036     609    650        f
2037     574    642        f
2038     540    634        f
2039     507    626        f
2040     476    619        f
2041     447    612        f
2042     418    605        f
2043     391    599        f
2044     366    593        f
2045     341    587        f
2046     318    581        f
2047     295    576        f
2048     274    571        f
2049     252    566        f
2050     234    561        f
2051     215    557        f
2052     197    553        f
2053     180    549        f
2054     164    545        f
2055     149    541        f
2056     134    538        f
2057     120    534        f
2058     106    531        f
2059     93    528        f
2060     81    525        f
2061     69    522        f
2062     57    520        f
2063     47    517        f
2064     37    515        f
2065     27    512        f
2066     18    509        f
2067     9    508        f
2068     0    505        f
2069     -7    504        f
2070     -14    501        f
2071     -22    501        f
2072     -28    499        f
2073     -36    497        f
2074     -42    496        f
2075     -48    494        f
2076     -54    493        f
2077     -60    492        f
2078     -65    490        f
2079     -70    488        f
2080     -75    488        f
2081     -80    487        f
2082     -84    486        f
2083     -89    484        f
2084     -93    484        f
2085     -97    483        f
2086     -100    482        f
2087     -104    480        f
2088     -107    480        f
2089     -110    480        f
2090     -112    479        f
2091     -115    478        f
2092     -119    476        f
2093     -122    476        f
2094     -124    476        f
2095     -127    476        f
2096     -129    475        f
2097     -131    475        f
2098     -134    474        f
2099     -136    474        f
2100     -137    473        f
2101     -139    473        f
2102     -141    472        f
2103     -143    472        f
2104     -144    471        f
2105     -146    471        f
2106     -147    471        f
2107     -149    470        f
2108     -150    470        f
2109     -151    470        f
2110     -153    470        f
2111     -154    469        f
2112     -155    469        f
2113     -156    469        f
2114     -157    468        f
2115     -158    468        f
2116     -159    468        f
2117     -160    468        f
2118     -161    468        f
2119     -161    467        f
2120     -162    467        f
2121     -163    467        f
2122     -163    467        l
2123     -163    467        l
2124     -163    467        l
2125     -163    467        l
2126     -163    467        l
2127     -163    467        l
2128     -163    467        f
2129     -45    454        f
2130     66    442        f
2131     174    430        f
2132     276    420        f
2133     374    409        f
2134     468    399        f
2135     557    390        f
2136     642    380        f
2137     724    372        f
2138     802    363        f
2139     876    355        f
2140     947    348        f
2141     947    348        r
2142     947    348        r
2143     947    348        r
2144     947    348        r
2145     947    348        r
2146     947    348        r
2147     947    348        r
2148     947    348        r
2149     1015    340        f
2150     1015    340        r
2151     1015    340        r
2152     1015    340        f
2153     947    305        f
2154     882    272        f
2155     819    240        f
2156     760    210        f
2157     704    181        f
2158     650    153        f
2159     598    127        f
2160     549    101        f
2161     501    77        f
2162     457    54        f
2163     413    32        f
2164     373    11        f
2165     334    -8        f
2166     297    -27        f
2167     261    -45        f
2168     227    -63        f
2169     195    -80        f
2170     164    -96        f
2171     134    -111        f
2172     106    -125        f
2173     79    -139        f
2174     53    -152        f
2175     28    -165        f
2176     5    -177        f
2177     -17    -189        f
2178     -38    -200        f
2179     -59    -210        f
2180     -78    -220        f
2181     -97    -229        f
2182     -114    -239        f
2183     -132    -248        f
2184     -148    -256        f
2185     -164    -264        f
2186     -179    -272        f
2187     -193    -279        f
2188     -206    -286        f
2189     -219    -293        f
2190     -231    -299        f
2191     -243    -305        f
2192     -254    -311        f
2193     -265    -316        f
2194     -275    -321        f
2195     -285    -326        f
2196     -295    -331        f
2197     -303    -336        f
2198     -312    -340        f
2199     -320    -344        f
2200     -328    -348        f
2201     -335    -352        f
2202     -342    -356        f
2203     -349    -359        f
2204     -356    -363        f
2205     -362    -366        f
2206     -368    -369        f
2207     -373    -372        f
2208     -379    -374        f
2209     -384    -377        f
2210     -389    -380        f
2211     -393    -382        f
2212     -398    -384        f
2213     -401    -386        f
2214     -405    -389        f
2215     -409    -390        f
2216     -413    -392        f
2217     -417    -394        f
2218     -421    -396        f
2219     -424    -398        f
2220     -426    -399        f
2221     -430    -401        f
2222     -433    -401        f
2223     -434    -404        f
2224     -438    -405        f
2225     -441    -405        f
2226     -441    -405        l
2227     -441    -405        l
2228     -441    -405        l
2229     -441    -405        f
2230     -323    -499        f
2231     -211    -588        f
2232     -104    -674        f
2233     -1    -755        f
2234     95    -833        f
2235     189    -907        f
2236     278    -977        f
2237     363    -1045        f
2238     444    -1110        f
2239     522    -1171        f
2240     596    -1230        f
2241     667    -1286        f
2242     734    -1340        f
2243     799    -1391        f
2244     861    -1440        f
2245     919    -1487        f
2246     976    -1532        f
2247     1030    -1574        f
2248     1081    -1614        f
2249     1130    -1654        f
2250     1177    -1691        f
2251     1221    -1726        f
2252     1264    -1760        f
2253     1305    -1792        f
2254     1343    -1823        f
2255     1380    -1853        f
2256     1416    -1880        f
2257     1450    -1907        f
2258     1482    -1934        f
2259     1482    -1934        l
2260     1482    -1934        l
2261     1482    -1934        l
2262     1482    -1934        f
2263     1512    -1807        f
2264     1540    -1685        f
2265     1567    -1570        f
2266     1593    -1459        f
2267     1618    -1353        f
2268     1642    -1252        f
2269     1642    -1252        r
2270     1642    -1252        r
2271     1642    -1252        r
2272     1642    -1252        r
2273     1642    -1252        r
2274     1642    -1252        r
2275     1642    -1252        r
2276     1642    -1252        r
2277     1642    -1252        f
2278     1553    -1205        f
2279     1469    -1160        f
2280     1388    -1117        f
2281     1311    -1076        f
2282     1237    -1036        f
2283     1166    -999        f
2284     1099    -963        f
2285     1035    -928        f
2286     974    -896        f
2287     915    -865        f
2288     859    -835        f
2289     806    -806        f
2290     755    -779        f
2291     706    -753        f
2292     660    -728        f
2293     615    -705        f
2294     573    -682        f
2295     533    -660        f
2296     494    -640        f
2297     494    -640        r
2298     494    -640        r
2299     494    -640        f
2300     418    -648        f
2301     345    -656        f
2302     276    -663        f
2303     210    -670        f
2304     146    -677        f
2305     86    -683        f
2306     28    -689        f
2307     -26    -695        f
2308     -78    -701        f
2309     -129    -706        f
2310     -177    -711        f
2311     -177    -711        l
2312     -177    -711        l
2313     -177    -711        l
2314     -177    -711        f
2315     -112    -624        f
2316     -53    -540        f
2317     4    -459        f
2318     59    -384        f
2319     111    -311        f
2320     162    -242        f
2321     210    -175        f
2322     254    -112        f
2323     299    -51        f
2324     341    6        f
2325     381    61        f
2326     419    113        f
2327     455    164        f
2328     490    213        f
2329     490    213        l
2330     490    213        l
2331     490    213        l
2332     490    213        l
2333     490    213        f
2334     526    143        f
2335     560    77        f
2336     592    14        f
2337     623    -46        f
2338     653    -103        f
2339     681    -159        f
2340     708    -211        f
2341     734    -261        f
2342     759    -309        f
2343     759    -309        l
2344     759    -309        l
2345     759    -309        l
2346     759    -309        f
2347     832    -331        f
2348     902    -353        f
2349     969    -373        f
2350     1032    -392        f
2351     1093    -411        f
2352     1151    -429        f
2353     1207    -446        f
2354     1260    -462        f
2355     1311    -476        f
2356     1359    -492        f
2357     1405    -505        f
2358     1450    -520        f
2359     1492    -532        f
2360     1532    -545        f
2361     1570    -556        f
2362     1607    -567        f
2363     1642    -578        f
2364     1676    -588        f
2365     1707    -598        f
2366     1738    -607        f
2367     1768    -616        f
2368     1795    -625        f
2369     1822    -633        f
2370     1847    -640        f
2371     1872    -648        f
2372     1895    -655        f
2373     1917    -662        f
2374     1938    -668        f
2375     1957    -674        f
2376     1977    -680        f
2377     1996    -686        f
2378     2013    -691        f
2379     2030    -696        f
2380     2046    -701        f
2381     2061    -706        f
2382     2076    -710        f
2383     2090    -714        f
2384     2103    -718        f
2385     2116    -722        f
2386     2128    -726        f
2387     2140    -729        f
2388     2151    -733        f
2389     2161    -736        f
2390     2171    -739        f
2391     2181    -742        f
2392     2190    -745        f
2393     2199    -748        f
2394     2207    -750        f
2395     2216    -753        f
2396     2223    -755        f
2397     2231    -757        f
2398     2238    -759        f
2399     2244    -761        f
