step   ball_X    ball_Y    side
300     -1657    61        f
301     -1657    61        f
302     -1660    61        f
303     -1661    61        f
304     -1663    61        f
305     -1664    61        f
306     -1664    61        f
307     -1666    61        f
308     -1668    61        f
309     -1669    62        f
310     -1670    62        f
311     -1671    62        f
312     -1672    62        f
313     -1673    62        f
314     -1673    62        f
315     -1673    62        f
316     -1675    62        f
317     -1676    62        f
318     -1677    62        f
319     -1677    62        f
320     -1678    62        f
321     -1679    62        f
322     -1679    62        f
323     -1680    62        f
324     -1680    62        f
325     -1680    62        f
326     -1680    62        f
327     -1682    62        f
328     -1682    62        f
329     -1682    62        f
330     -1682    62        f
331     -1684    62        f
332     -1684    62        f
333     -1684    62        f
334     -1685    62        f
335     -1685    62        f
336     -1685    62        f
337     -1685    62        l
338     -1685    62        l
339     -1685    62        l
340     -1685    62        l
341     -1685    62        l
342     -1685    62        l
343     -1685    62        l
344     -1685    62        l
345     -1685    62        l
346     -1685    62        l
347     -1685    62        l
348     -1685    62        l
349     -1685    62        l
350     -1685    62        l
351     -1685    62        l
352     -1685    62        l
353     -1685    62        l
354     -1685    62        l
355     -1685    62        l
356     -1685    62        l
357     -1685    62        l
358     -1685    62        l
359     -1685    62        l
360     -1685    62        l
361     -1685    62        l
362     -1685    62        l
363     -1685    62        l
364     -1685    62        l
365     -1685    62        l
366     -1685    62        l
367     -1685    62        l
368     -1685    62        l
369     -1685    62        l
370     -1685    62        l
371     -1685    62        l
372     -1685    62        l
373     -1685    62        l
374     -1685    62        l
375     -1685    62        l
376     -1685    62        l
377     -1685    62        l
378     -1686    62        f
379     -1686    62        f
380     -1686    62        f
381     -1686    62        f
382     -1687    62        f
383     -1687    62        f
384     -1687    62        f
385     -1687    62        f
386     -1688    62        f
387     -1688    62        f
388     -1688    62        f
389     -1688    62        f
390     -1688    62        f
391     -1689    62        f
392     -1689    62        f
393     -1689    62        f
394     -1689    62        l
395     -1689    62        l
396     -1689    62        l
397     -1689    62        l
398     -1689    62        l
399     -1689    62        l
400     -1689    62        l
401     -1689    62        l
402     -1689    62        l
403     -1689    62        l
404     -1689    62        l
405     -1689    62        l
406     -1689    62        l
407     -1689    62        l
408     -1689    62        l
409     -1689    62        l
410     -1689    62        l
411     -1689    62        l
412     -1689    62        l
413     -1689    62        l
414     -1689    62        l
415     -1689    62        l
416     -1689    62        l
417     -1689    62        l
418     -1689    62        l
419     -1689    62        l
420     -1689    62        l
421     -1689    62        l
422     -1689    62        l
423     -1689    62        l
424     -1689    62        l
425     -1689    62        l
426     -1689    62        l
427     -1689    62        l
428     -1689    62        l
429     -1689    62        l
430     -1689    62        f
431     -1689    62        f
432     -1689    62        f
433     -1689    62        f
434     -1689    62        f
435     -1689    62        f
436     -1689    62        f
437     -1689    62        f
438     -1689    62        f
439     -1689    62        f
440     -1689    62        f
441     -1689    62        f
442     -1689    62        f
443     -1689    62        f
444     -1689    62        f
445     -1691    62        f
446     -1691    62        f
447     -1691    62        f
448     -1691    62        f
449     -1691    62        f
450     -1691    62        f
451     -1691    62        f
452     -1691    62        f
453     -1691    62        f
454     -1691    62        f
455     -1691    62        f
456     -1691    62        f
457     -1691    62        f
458     -1691    62        f
459     -1691    62        f
460     -1691    62        f
461     -1691    62        f
462     -1691    62        f
463     -1691    62        f
464     -1691    62        f
465     -1691    62        f
466     -1692    62        f
467     -1692    62        f
468     -1692    62        f
469     -1692    62        f
470     -1692    62        f
471     -1692    62        f
472     -1692    62        f
473     -1692    62        f
474     -1692    62        f
475     -1692    62        f
476     -1692    62        f
477     -1692    62        f
478     -1692    62        f
479     -1692    62        f
480     -1692    62        f
481     -1692    62        f
482     -1692    62        f
483     -1692    62        f
484     -1692    62        f
485     -1692    62        f
486     -1692    62        f
487     -1692    62        f
488     -1692    62        f
489     -1692    62        f
490     -1692    62        f
491     -1692    62        f
492     -1692    62        f
493     -1692    62        f
494     -1692    62        f
495     -1692    62        f
496     -1692    62        f
497     -1692    62        f
498     -1692    62        f
499     -1692    62        f
500     -1692    62        f
501     -1692    62        f
502     -1692    62        f
503     -1692    62        f
504     -1692    62        f
505     -1692    62        f
506     -1692    62        f
507     -1692    62        f
508     -1692    62        f
509     -1692    62        f
510     -1692    62        f
511     -1692    62        f
512     -1692    62        f
513     -1692    62        f
514     -1692    62        f
515     -1692    62        f
516     -1692    62        f
517     -1692    62        f
518     -1692    62        f
519     -1692    62        f
520     -1692    62        f
521     -1692    62        f
522     -1692    62        f
523     -1692    62        f
524     -1692    62        f
525     -1692    62        f
526     -1692    62        f
527     -1692    62        f
528     -1692    62        f
529     -1692    62        f
530     -1692    62        f
531     -1692    62        f
532     -1692    62        f
533     -1692    62        f
534     -1692    62        f
535     -1692    62        f
536     -1692    62        f
537     -1692    62        f
538     -1692    62        f
539     -1692    62        f
540     -1692    62        f
541     -1692    62        f
542     -1692    62        f
543     -1692    62        f
544     -1692    62        f
545     -1692    62        f
546     -1692    62        f
547     -1692    62        f
548     -1692    62        f
549     -1692    62        f
550     -1692    62        f
551     -1692    62        f
552     -1692    62        f
553     -1692    62        f
554     -1692    62        f
555     -1692    62        f
556     -1692    62        f
557     -1692    62        f
558     -1692    62        f
559     -1692    62        f
560     -1692    62        f
561     -1692    62        f
562     -1692    62        f
563     -1692    62        f
564     -1692    62        f
565     -1692    62        f
566     -1692    62        f
567     -1692    62        f
568     -1692    62        f
569     -1692    62        f
570     -1692    62        f
571     -1692    62        f
572     -1692    62        f
573     -1692    62        f
574     -1692    62        f
575     -1692    62        f
576     -1692    62        f
577     -1692    62        f
578     -1692    62        f
579     -1692    62        f
580     -1692    62        f
581     -1692    62        f
582     -1692    62        f
583     -1692    62        f
584     -1692    62        f
585     -1692    62        f
586     -1692    62        f
587     -1692    62        f
588     -1692    62        f
589     -1692    62        f
590     -1692    62        f
591     -1692    62        f
592     -1692    62        f
593     -1692    62        f
594     -1692    62        f
595     -1692    62        f
596     -1692    62        f
597     -1692    62        f
598     -1692    62        f
599     -1692    62        f
600     -1692    62        f
601     -1692    62        f
602     -1692    62        f
603     -1692    62        f
604     -1692    62        f
605     -1692    62        f
606     -1692    62        f
607     -1692    62        f
608     -1692    62        f
609     -1692    62        f
610     -1692    62        f
611     -1692    62        f
612     -1692    62        f
613     -1692    62        f
614     -1692    62        f
615     -1692    62        f
616     -1692    62        f
617     -1692    62        f
618     -1692    62        f
619     -1692    62        f
620     -1692    62        f
621     -1692    62        f
622     -1692    62        f
623     -1692    62        f
624     -1692    62        f
625     -1692    62        f
626     -1692    62        f
627     -1692    62        f
628     -1692    62        f
629     -1692    62        f
630     -1692    62        f
631     -1692    62        f
632     -1692    62        f
633     -1692    62        f
634     -1692    62        f
635     -1692    62        f
636     -1692    62        f
637     -1692    62        f
638     -1692    62        f
639     -1692    62        f
640     -1692    62        f
641     -1692    62        f
642     -1692    62        f
643     -1692    62        f
644     -1692    62        f
645     -1692    62        f
646     -1692    62        f
647     -1692    62        f
648     -1692    62        f
649     -1692    62        f
650     -1692    62        f
651     -1692    62        f
652     -1692    62        f
653     -1692    62        f
654     -1692    62        f
655     -1692    62        f
656     -1692    62        f
657     -1692    62        f
658     -1692    62        f
659     -1692    62        f
660     -1692    62        f
661     -1692    62        f
662     -1692    62        f
663     -1692    62        f
664     -1692    62        f
665     -1692    62        f
666     -1692    62        f
667     -1692    62        f
668     -1692    62        f
669     -1692    62        f
670     -1692    62        f
671     -1692    62        f
672     -1692    62        f
673     -1692    62        f
674     -1692    62        f
675     -1692    62        f
676     -1692    62        f
677     -1692    62        f
678     -1692    62        f
679     -1692    62        f
680     -1692    62        f
681     -1692    62        f
682     -1692    62        f
683     -1692    62        f
684     -1692    62        f
685     -1692    62        f
686     -1692    62        f
687     -1692    62        f
688     -1692    62        f
689     -1692    62        f
690     -1692    62        f
691     -1692    62        f
692     -1692    62        f
693     -1692    62        f
694     -1692    62        f
695     -1692    62        f
696     -1692    62        f
697     -1692    62        f
698     -1692    62        f
699     -1692    62        f
700     -1692    62        f
701     -1692    62        f
702     -1692    62        f
703     -1692    62        f
704     -1692    62        f
705     -1692    62        f
706     -1692    62        f
707     -1692    62        f
708     -1692    62        f
709     -1692    62        f
710     -1692    62        f
711     -1692    62        f
712     -1692    62        f
713     -1692    62        f
714     -1692    62        f
715     -1692    62        f
716     -1692    62        f
717     -1692    62        f
718     -1692    62        f
719     -1692    62        f
720     -1692    62        f
721     -1692    62        f
722     -1692    62        f
723     -1692    62        f
724     -1692    62        f
725     -1692    62        f
726     -1692    62        f
727     -1692    62        f
728     -1692    62        f
729     -1692    62        f
730     -1692    62        f
731     -1692    62        f
732     -1692    62        f
733     -1692    62        f
734     -1692    62        f
735     -1692    62        f
736     -1692    62        f
737     -1692    62        f
738     -1692    62        f
739     -1692    62        f
740     -1692    62        f
741     -1692    62        f
742     -1692    62        f
743     -1692    62        f
744     -1692    62        f
745     -1692    62        f
746     -1692    62        f
747     -1692    62        f
748     -1692    62        f
749     -1692    62        f
750     -1692    62        f
751     -1692    62        f
752     -1692    62        f
753     -1692    62        f
754     -1692    62        f
755     -1692    62        f
756     -1692    62        f
757     -1692    62        f
758     -1692    62        f
759     -1692    62        f
760     -1692    62        f
761     -1692    62        f
762     -1692    62        f
763     -1692    62        f
764     -1692    62        f
765     -1692    62        f
766     -1692    62        f
767     -1692    62        f
768     -1692    62        f
769     -1692    62        f
770     -1692    62        f
771     -1692    62        f
772     -1692    62        f
773     -1692    62        f
774     -1692    62        f
775     -1692    62        f
776     -1692    62        f
777     -1692    62        f
778     -1692    62        f
779     -1692    62        f
780     -1692    62        f
781     -1692    62        f
782     -1692    62        f
783     -1692    62        f
784     -1692    62        f
785     -1692    62        f
786     -1692    62        f
787     -1692    62        f
788     -1692    62        f
789     -1692    62        f
790     -1692    62        f
791     -1692    62        f
792     -1692    62        f
793     -1692    62        f
794     -1692    62        f
795     -1692    62        f
796     -1692    62        f
797     -1692    62        f
798     -1692    62        f
799     -1692    62        f
800     -1692    62        f
801     -1692    62        f
802     -1692    62        f
803     -1692    62        f
804     -1692    62        f
805     -1692    62        f
806     -1692    62        f
807     -1692    62        f
808     -1692    62        f
809     -1692    62        f
810     -1692    62        f
811     -1692    62        f
812     -1692    62        f
813     -1692    62        f
814     -1692    62        f
815     -1692    62        f
816     -1692    62        f
817     -1692    62        f
818     -1692    62        f
819     -1692    62        f
820     -1692    62        f
821     -1692    62        f
822     -1692    62        f
823     -1692    62        f
824     -1692    62        f
825     -1692    62        f
826     -1692    62        f
827     -1692    62        f
828     -1692    62        f
829     -1692    62        f
830     -1692    62        f
831     -1692    62        f
832     -1692    62        f
833     -1692    62        f
834     -1692    62        f
835     -1692    62        f
836     -1692    62        f
837     -1692    62        f
838     -1692    62        f
839     -1692    62        f
840     -1692    62        f
841     -1692    62        f
842     -1692    62        f
843     -1692    62        f
844     -1692    62        f
845     -1692    62        f
846     -1692    62        f
847     -1692    62        f
848     -1692    62        f
849     -1692    62        f
850     -1692    62        f
851     -1692    62        f
852     -1692    62        f
853     -1692    62        f
854     -1692    62        f
855     -1692    62        f
856     -1692    62        f
857     -1692    62        f
858     -1692    62        f
859     -1692    62        f
860     -1692    62        f
861     -1692    62        f
862     -1692    62        f
863     -1692    62        f
864     -1692    62        f
865     -1692    62        f
866     -1692    62        f
867     -1692    62        f
868     -1692    62        f
869     -1692    62        f
870     -1692    62        f
871     -1692    62        f
872     -1692    62        f
873     -1692    62        f
874     -1692    62        f
875     -1692    62        f
876     -1692    62        f
877     -1692    62        f
878     -1692    62        f
879     -1692    62        f
880     -1692    62        f
881     -1692    62        f
882     -1692    62        f
883     -1692    62        f
884     -1692    62        f
885     -1692    62        f
886     -1692    62        f
887     -1692    62        f
888     -1692    62        f
889     -1692    62        f
890     -1692    62        f
891     -1692    62        f
892     -1692    62        f
893     -1692    62        f
894     -1692    62        f
895     -1692    62        f
896     -1692    62        f
897     -1692    62        f
898     -1692    62        f
899     -1692    62        f
900     -1692    62        f
901     -1692    62        f
902     -1692    62        f
903     -1692    62        f
904     -1692    62        f
905     -1692    62        f
906     -1692    62        f
907     -1692    62        f
908     -1692    62        f
909     -1692    62        f
910     -1692    62        f
911     -1692    62        f
912     -1692    62        f
913     -1692    62        f
914     -1692    62        f
915     -1692    62        f
916     -1692    62        f
917     -1692    62        f
918     -1692    62        f
919     -1692    62        f
920     -1692    62        f
921     -1692    62        f
922     -1692    62        f
923     -1692    62        f
924     -1692    62        f
925     -1692    62        f
926     -1692    62        f
927     -1692    62        f
928     -1692    62        f
929     -1692    62        f
930     -1692    62        f
931     -1692    62        f
932     -1692    62        f
933     -1692    62        f
934     -1692    62        f
935     -1692    62        f
936     -1692    62        f
937     -1692    62        f
938     -1692    62        f
939     -1692    62        f
940     -1692    62        f
941     -1692    62        f
942     -1692    62        f
943     -1692    62        f
944     -1692    62        f
945     -1692    62        f
946     -1692    62        f
947     -1692    62        f
948     -1692    62        f
949     -1692    62        f
950     -1692    62        f
951     -1692    62        f
952     -1692    62        f
953     -1692    62        f
954     -1692    62        f
955     -1692    62        f
956     -1692    62        f
957     -1692    62        f
958     -1692    62        f
959     -1692    62        f
960     -1692    62        f
961     -1692    62        f
962     -1692    62        f
963     -1692    62        f
964     -1692    62        f
965     -1692    62        f
966     -1692    62        f
967     -1692    62        f
968     -1692    62        f
969     -1692    62        f
970     -1692    62        f
971     -1692    62        f
972     -1692    62        f
973     -1692    62        f
974     -1692    62        f
975     -1692    62        f
976     -1692    62        f
977     -1692    62        f
978     -1692    62        f
979     -1692    62        f
980     -1692    62        f
981     -1692    62        f
982     -1692    62        f
983     -1692    62        f
984     -1692    62        f
985     -1692    62        f
986     -1692    62        f
987     -1692    62        f
988     -1692    62        f
989     -1692    62        f
990     -1692    62        f
991     -1692    62        f
992     -1692    62        f
993     -1692    62        f
994     -1692    62        f
995     -1692    62        f
996     -1692    62        f
997     -1692    62        f
998     -1692    62        f
999     -1692    62        f
1000     -1692    62        f
1001     -1692    62        f
1002     -1692    62        f
1003     -1692    62        f
1004     -1692    62        f
1005     -1692    62        f
1006     -1692    62        f
1007     -1692    62        f
1008     -1692    62        f
1009     -1692    62        f
1010     -1692    62        f
1011     -1692    62        f
1012     -1692    62        f
1013     -1692    62        f
1014     -1692    62        f
1015     -1692    62        f
1016     -1692    62        f
1017     -1692    62        f
1018     -1692    62        f
1019     -1692    62        f
1020     -1692    62        f
1021     -1692    62        f
1022     -1692    62        f
1023     -1692    62        f
1024     -1692    62        f
1025     -1692    62        f
1026     -1692    62        f
1027     -1692    62        f
1028     -1692    62        f
1029     -1692    62        f
1030     -1692    62        f
1031     -1692    62        f
1032     -1692    62        f
1033     -1692    62        f
1034     -1692    62        f
1035     -1692    62        f
1036     -1692    62        f
1037     -1692    62        f
1038     -1692    62        f
1039     -1692    62        f
1040     -1692    62        f
1041     -1692    62        f
1042     -1692    62        f
1043     -1692    62        f
1044     -1692    62        f
1045     -1692    62        f
1046     -1692    62        f
1047     -1692    62        f
1048     -1692    62        f
1049     -1692    62        f
1050     -1692    62        f
1051     -1692    62        f
1052     -1692    62        f
1053     -1692    62        f
1054     -1692    62        f
1055     -1692    62        f
1056     -1692    62        f
1057     -1692    62        f
1058     -1692    62        f
1059     -1692    62        f
1060     -1692    62        f
1061     -1692    62        f
1062     -1692    62        f
1063     -1692    62        f
1064     -1692    62        f
1065     -1692    62        f
1066     -1692    62        f
1067     -1692    62        f
1068     -1692    62        f
1069     -1692    62        f
1070     -1692    62        f
1071     -1692    62        f
1072     -1692    62        f
1073     -1692    62        f
1074     -1692    62        f
1075     -1692    62        f
1076     -1692    62        f
1077     -1692    62        f
1078     -1692    62        f
1079     -1692    62        f
1080     -1692    62        f
1081     -1692    62        f
1082     -1692    62        f
1083     -1692    62        f
1084     -1692    62        f
1085     -1692    62        f
1086     -1692    62        f
1087     -1692    62        f
1088     -1692    62        f
1089     -1692    62        f
1090     -1692    62        f
1091     -1692    62        f
1092     -1692    62        f
1093     -1692    62        f
1094     -1692    62        f
1095     -1692    62        f
1096     -1692    62        f
1097     -1692    62        f
1098     -1692    62        f
1099     -1692    62        f
1100     -1692    62        f
1101     -1692    62        f
1102     -1692    62        f
1103     -1692    62        f
1104     -1692    62        f
1105     -1692    62        f
1106     -1692    62        f
1107     -1692    62        f
1108     -1692    62        f
1109     -1692    62        f
1110     -1692    62        f
1111     -1692    62        f
1112     -1692    62        f
1113     -1692    62        f
1114     -1692    62        f
1115     -1692    62        f
1116     -1692    62        f
1117     -1692    62        f
1118     -1692    62        f
1119     -1692    62        f
1120     -1692    62        f
1121     -1692    62        f
1122     -1692    62        f
1123     -1692    62        f
1124     -1692    62        f
1125     -1692    62        f
1126     -1692    62        f
1127     -1692    62        f
1128     -1692    62        f
1129     -1692    62        f
1130     -1692    62        f
1131     -1692    62        f
1132     -1692    62        f
1133     -1692    62        f
1134     -1692    62        f
1135     -1692    62        f
1136     -1692    62        f
1137     -1692    62        f
1138     -1692    62        f
1139     -1692    62        f
1140     -1692    62        f
1141     -1692    62        f
1142     -1692    62        f
1143     -1692    62        f
1144     -1692    62        f
1145     -1692    62        f
1146     -1692    62        f
1147     -1692    62        f
1148     -1692    62        f
1149     -1692    62        f
1150     -1692    62        f
1151     -1692    62        f
1152     -1692    62        f
1153     -1692    62        f
1154     -1692    62        f
1155     -1692    62        f
1156     -1692    62        f
1157     -1692    62        f
1158     -1692    62        f
1159     -1692    62        f
1160     -1692    62        f
1161     -1692    62        f
1162     -1692    62        f
1163     -1692    62        f
1164     -1692    62        f
1165     -1692    62        f
1166     -1692    62        f
1167     -1692    62        f
1168     -1692    62        f
1169     -1692    62        f
1170     -1692    62        f
1171     -1692    62        f
1172     -1692    62        f
1173     -1692    62        f
1174     -1692    62        f
1175     -1692    62        f
1176     -1692    62        f
1177     -1692    62        f
1178     -1692    62        f
1179     -1692    62        f
1180     -1692    62        f
1181     -1692    62        f
1182     -1692    62        f
1183     -1692    62        f
1184     -1692    62        f
1185     -1692    62        f
1186     -1692    62        f
1187     -1692    62        f
1188     -1692    62        f
1189     -1692    62        f
1190     -1692    62        f
1191     -1692    62        f
1192     -1692    62        f
1193     -1692    62        f
1194     -1692    62        f
1195     -1692    62        f
1196     -1692    62        f
1197     -1692    62        f
1198     -1692    62        f
1199     -1692    62        l
1200     0    0        f
1200     0    0        f
1200     0    0        f
1200     0    0        f
1200     0    0        f
1200     0    0        f
1200     0    0        f
1200     0    0        f
1200     0    0        f
1200     0    0        f
1200     0    0        f
1200     0    0        f
1200     0    0        f
1200     0    0        f
1200     0    0        f
1200     0    0        f
1200     0    0        f
1200     0    0        f
1200     0    0        f
1200     0    0        f
1200     0    0        f
1200     0    0        f
1200     0    0        f
1200     0    0        f
1200     0    0        f
1200     0    0        f
1200     0    0        f
1200     0    0        f
1200     0    0        f
1200     0    0        f
1200     0    0        f
1200     0    0        f
1200     0    0        f
1200     0    0        f
1200     0    0        f
1200     0    0        f
1200     0    0        f
1200     0    0        f
1200     0    0        f
1200     0    0        f
1200     0    0        f
1200     0    0        f
1200     0    0        f
1200     0    0        f
1200     0    0        f
1200     0    0        f
1200     0    0        f
1200     0    0        f
1200     0    0        f
1200     0    0        f
1200     0    0        f
1200     0    0        f
1200     0    0        f
1200     0    0        f
1200     0    0        f
1200     0    0        f
1200     0    0        f
1200     0    0        f
1200     0    0        f
1200     0    0        f
1200     0    0        f
1200     0    0        f
1200     0    0        f
1200     0    0        f
1200     0    0        f
1200     0    0        f
1200     0    0        f
1200     0    0        f
1200     0    0        f
1200     0    0        f
1200     0    0        f
1200     0    0        f
1200     0    0        f
1200     0    0        f
1200     0    0        f
1200     0    0        f
1200     0    0        f
1200     0    0        f
1200     0    0        f
1200     0    0        f
1200     0    0        f
1200     0    0        f
1200     0    0        f
1200     0    0        f
1200     0    0        f
1200     0    0        f
1200     0    0        f
1200     0    0        f
1200     0    0        f
1200     0    0        f
1200     0    0        f
1200     0    0        f
1200     0    0        f
1200     0    0        f
1200     0    0        f
1200     0    0        f
1200     0    0        f
1200     0    0        f
1200     0    0        f
1200     0    0        f
1200     0    0        f
1200     0    0        f
1201     0    0        f
1202     0    0        f
1203     0    0        f
1204     0    0        f
1205     0    0        f
1206     0    0        f
1207     0    0        f
1208     0    0        f
1209     0    0        f
1210     0    0        f
1211     0    0        f
1212     0    0        f
1213     0    0        f
1214     0    0        f
1215     0    0        f
1216     0    0        f
1217     0    0        f
1218     0    0        f
1219     0    0        f
1220     0    0        f
1221     0    0        f
1222     0    0        f
1223     0    0        f
1224     0    0        f
1225     0    0        f
1226     0    0        f
1227     0    0        f
1228     0    0        f
1229     0    0        f
1230     0    0        f
1231     0    0        f
1232     0    0        f
1233     0    0        f
1234     0    0        f
1235     0    0        f
1236     0    0        f
1237     0    0        f
1238     0    0        f
1239     0    0        f
1240     0    0        f
1241     0    0        f
1242     0    0        f
1243     0    0        f
1244     0    0        f
1245     0    0        f
1246     0    0        f
1247     0    0        f
1248     0    0        f
1249     0    0        f
1250     0    0        f
1251     0    0        f
1252     0    0        f
1253     0    0        f
1254     0    0        f
1255     0    0        f
1256     0    0        f
1257     0    0        f
1258     0    0        f
1259     0    0        f
1260     0    0        f
1261     0    0        f
1262     0    0        f
1263     0    0        f
1264     0    0        f
1265     0    0        f
1266     0    0        f
1267     0    0        f
1268     0    0        f
1269     0    0        f
1270     0    0        f
1271     0    0        f
1272     0    0        f
1273     0    0        f
1274     0    0        f
1275     0    0        f
1276     0    0        f
1277     0    0        f
1278     0    0        f
1279     0    0        f
1280     0    0        f
1281     0    0        f
1282     0    0        f
1283     0    0        f
1284     0    0        f
1285     0    0        f
1286     0    0        f
1287     0    0        f
1288     0    0        f
1289     0    0        f
1290     0    0        f
1291     0    0        f
1292     0    0        f
1293     0    0        f
1294     0    0        f
1295     0    0        f
1296     0    0        f
1297     0    0        f
1298     0    0        f
1299     0    0        f
1300     0    0        f
1301     0    0        f
1302     0    0        f
1303     0    0        f
1304     0    0        f
1305     0    0        r
1306     0    0        r
1307     0    0        r
1308     0    0        r
1309     0    0        r
1310     0    0        r
1311     0    0        r
1312     0    0        r
1313     0    0        r
1314     0    0        r
1315     0    0        r
1316     0    0        r
1317     0    0        r
1318     0    0        r
1319     0    0        r
1320     0    0        r
1321     0    0        r
1322     0    0        r
1323     0    0        r
1324     0    0        r
1325     0    0        r
1326     0    0        r
1327     0    0        r
1328     0    0        r
1329     0    0        r
1330     0    0        r
1331     0    0        r
1332     0    0        f
1333     -72    25        f
1334     -140    50        f
1335     -206    73        f
1336     -269    95        f
1337     -329    117        f
1338     -386    137        f
1339     -441    157        f
1340     -493    175        f
1341     -542    193        f
1342     -590    210        f
1343     -635    225        f
1344     -679    242        f
1345     -720    256        f
1346     -760    270        f
1347     -798    284        f
1348     -834    297        f
1349     -834    297        l
1350     -834    297        l
1351     -868    309        f
1352     -868    309        l
1353     -901    321        f
1354     -933    332        f
1355     -963    342        f
1356     -992    353        f
1357     -1019    362        f
1358     -1045    372        f
1359     -1070    380        f
1360     -1094    389        f
1361     -1117    397        f
1362     -1139    405        f
1363     -1160    412        f
1364     -1180    419        f
1365     -1199    426        f
1366     -1217    432        f
1367     -1234    438        f
1368     -1251    444        f
1369     -1266    450        f
1370     -1281    455        f
1371     -1296    459        f
1372     -1310    465        f
1373     -1323    470        f
1374     -1335    474        f
1375     -1347    479        f
1376     -1359    483        f
1377     -1369    487        f
1378     -1380    490        f
1379     -1390    494        f
1380     -1399    497        f
1381     -1408    500        f
1382     -1417    504        f
1383     -1425    505        f
1384     -1433    509        f
1385     -1441    512        f
1386     -1448    515        f
1387     -1455    517        f
1388     -1461    519        f
1389     -1467    522        f
1390     -1473    524        f
1391     -1479    526        f
1392     -1485    528        f
1393     -1490    529        f
1394     -1495    531        f
1395     -1499    533        f
1396     -1504    535        f
1397     -1508    536        f
1398     -1512    538        f
1399     -1516    539        f
1400     -1520    540        f
1401     -1524    542        f
1402     -1527    543        f
1403     -1530    544        f
1404     -1534    545        f
1405     -1537    546        f
1406     -1539    547        f
1407     -1542    548        f
1408     -1545    549        f
1409     -1547    550        f
1410     -1550    551        f
1411     -1550    551        r
1412     -1550    551        r
1413     -1550    551        r
1414     -1550    551        r
1415     -1550    551        r
1416     -1550    551        r
1417     -1550    551        f
1418     -1623    534        f
1419     -1696    518        f
1420     -1764    503        f
1421     -1829    488        f
1422     -1891    474        f
1423     -1950    461        f
1424     -2007    448        f
1425     -2061    436        f
1426     -2113    425        f
1427     -2163    413        f
1428     -2210    403        f
1429     -2255    393        f
1430     -2298    383        f
1431     -2339    374        f
1432     -2378    365        f
1433     -2416    357        f
1434     -2452    349        f
1435     -2486    341        f
1436     -2518    334        f
1437     -2550    327        f
1438     -2579    320        f
1439     -2608    314        f
1440     -2635    308        f
1441     -2661    302        f
1442     -2686    296        f
1443     -2709    291        f
1444     -2732    286        f
1445     -2753    281        f
1446     -2774    277        f
1447     -2794    272        f
1448     -2812    268        f
1449     -2830    264        f
1450     -2848    260        f
1451     -2864    256        f
1452     -2880    252        f
1453     -2894    250        f
1454     -2909    246        f
1455     -2922    243        f
1456     -2935    240        f
1457     -2948    238        f
1458     -2960    235        f
1459     -2971    233        f
1460     -2982    229        f
1461     -2992    227        f
1462     -3002    225        f
1463     -3011    223        f
1464     -3020    221        f
1465     -3029    220        f
1466     -3037    218        f
1467     -3045    216        f
1468     -3052    214        f
1469     -3060    213        f
1470     -3066    211        f
1471     -3073    210        f
1472     -3079    208        f
1473     -3085    206        f
1474     -3091    206        f
1475     -3096    204        f
1476     -3101    202        f
1477     -3106    202        f
1478     -3111    200        f
1479     -3116    200        f
1480     -3120    199        f
1481     -3124    198        f
1482     -3128    197        f
1483     -3132    197        f
1484     -3135    196        f
1485     -3139    195        f
1486     -3142    194        f
1487     -3145    194        f
1488     -3148    193        f
1489     -3151    192        f
1490     -3154    192        f
1491     -3156    191        f
1492     -3159    191        f
1493     -3161    190        f
1494     -3163    190        f
1495     -3165    189        f
1496     -3165    189        r
1497     -3165    189        r
1498     -3165    189        r
1499     -3165    189        r
1500     -3165    189        f
1501     -3315    174        f
1502     -3457    160        f
1503     -3593    147        f
1504     -3722    134        f
1505     -3847    122        f
1506     -3965    110        f
1507     -4079    99        f
1508     -4187    88        f
1509     -4291    78        f
1510     -4389    68        f
1511     -4484    59        f
1512     -4574    50        f
1513     -4659    42        f
1514     -4742    34        f
1515     -4820    26        f
1516     -4895    19        f
1517     -4966    12        f
1518     -5035    5        f
1519     0    0        f
1520     0    0        f
1521     0    0        f
1522     0    0        f
1523     0    0        f
1524     0    0        f
1525     0    0        f
1526     0    0        f
1527     0    0        f
1528     0    0        f
1529     0    0        f
1530     0    0        f
1531     0    0        f
1532     0    0        f
1533     0    0        f
1534     0    0        f
1535     0    0        f
1536     0    0        f
1537     0    0        f
1538     0    0        f
1539     0    0        f
1540     0    0        f
1541     0    0        f
1542     0    0        f
1543     0    0        f
1544     0    0        f
1545     0    0        f
1546     0    0        f
1547     0    0        f
1548     0    0        f
1549     0    0        f
1550     0    0        f
1551     0    0        f
1552     0    0        f
1553     0    0        f
1554     0    0        f
1555     0    0        f
1556     0    0        f
1557     0    0        f
1558     0    0        f
1559     0    0        f
1560     0    0        f
1561     0    0        f
1562     0    0        f
1563     0    0        f
1564     0    0        f
1565     0    0        f
1566     0    0        f
1567     0    0        f
1568     0    0        f
1569     0    0        f
1570     0    0        f
1571     0    0        f
1572     0    0        f
1573     0    0        f
1574     0    0        f
1575     0    0        f
1576     0    0        f
1577     0    0        f
1578     0    0        f
1579     0    0        f
1580     0    0        f
1581     0    0        f
1582     0    0        f
1583     0    0        f
1584     0    0        f
1585     0    0        f
1586     0    0        f
1587     0    0        f
1588     0    0        f
1589     0    0        f
1590     0    0        f
1591     0    0        f
1592     0    0        f
1593     0    0        f
1594     0    0        f
1595     0    0        f
1596     0    0        f
1597     0    0        f
1598     0    0        f
1599     0    0        f
1600     0    0        f
1601     0    0        f
1602     0    0        f
1603     0    0        f
1604     0    0        f
1605     0    0        f
1606     0    0        f
1607     0    0        f
1608     0    0        f
1609     0    0        f
1610     0    0        f
1611     0    0        f
1612     0    0        f
1613     0    0        f
1614     0    0        f
1615     0    0        f
1616     0    0        f
1617     0    0        f
1618     0    0        f
1619     0    0        f
1620     0    0        f
1621     0    0        f
1622     0    0        f
1623     0    0        f
1624     0    0        f
1625     0    0        r
1626     0    0        r
1627     0    0        r
1628     0    0        r
1629     0    0        r
1630     0    0        r
1631     0    0        r
1632     0    0        r
1633     0    0        f
1634     -76    -2        f
1635     -149    -4        f
1636     -219    -5        f
1637     -285    -7        f
1638     -349    -9        f
1639     -409    -11        f
1640     -468    -12        f
1641     -523    -14        f
1642     -576    -15        f
1643     -626    -16        f
1644     -674    -18        f
1645     -720    -19        f
1646     -764    -20        f
1647     -806    -21        f
1648     -846    -22        f
1649     -885    -23        f
1650     -921    -24        f
1651     -956    -25        f
1652     -989    -26        f
1653     -1021    -27        f
1654     -1051    -28        f
1655     -1080    -28        f
1656     -1108    -30        f
1657     -1134    -30        f
1658     -1160    -31        f
1659     -1184    -32        f
1660     -1207    -32        f
1661     -1229    -33        f
1662     -1250    -33        f
1663     -1270    -34        f
1664     -1289    -34        f
1665     -1307    -35        f
1666     -1324    -35        f
1667     -1341    -36        f
1668     -1357    -36        f
1669     -1372    -37        f
1670     -1387    -37        f
1671     -1400    -37        f
1672     -1414    -38        f
1673     -1426    -38        f
1674     -1438    -38        f
1675     -1450    -39        f
1676     -1461    -39        f
1677     -1471    -39        f
1678     -1481    -40        f
1679     -1491    -40        f
1680     -1500    -40        f
1681     -1509    -40        f
1682     -1517    -41        f
1683     -1525    -41        f
1684     -1532    -41        f
1685     -1540    -41        f
1686     -1547    -41        f
1687     -1553    -42        f
1688     -1559    -42        f
1689     -1566    -42        f
1690     -1571    -42        f
1691     -1577    -42        f
1692     -1582    -42        f
1693     -1587    -43        f
1694     -1592    -43        f
1695     -1596    -43        f
1696     -1601    -43        f
1697     -1605    -43        f
1698     -1609    -43        f
1699     -1613    -43        f
1700     -1616    -43        f
1701     -1620    -43        f
1702     -1623    -44        f
1703     -1626    -44        f
1704     -1629    -44        f
1705     -1632    -44        f
1706     -1635    -44        f
1707     -1637    -44        f
1708     -1639    -44        f
1709     -1642    -44        f
1710     -1645    -44        f
1711     -1647    -44        f
1712     -1648    -44        f
1713     -1651    -44        f
1714     -1653    -44        f
1715     -1655    -44        f
1716     -1655    -44        f
1717     -1657    -44        f
1718     -1660    -45        f
1719     -1661    -45        f
1720     -1663    -45        f
1721     -1664    -45        f
1722     -1664    -45        f
1723     -1667    -45        f
1724     -1668    -45        f
1725     -1669    -45        f
1726     -1670    -45        f
1727     -1671    -45        f
1728     -1672    -45        f
1729     -1673    -45        f
1730     -1673    -45        f
1731     -1675    -45        f
1732     -1675    -45        l
1733     -1675    -45        l
1734     -1675    -45        l
1735     -1675    -45        l
1736     -1675    -45        l
1737     -1675    -45        l
1738     -1675    -45        l
1739     -1675    -45        l
1740     -1675    -45        l
1741     -1675    -45        l
1742     -1675    -45        f
1743     -1603    -89        f
1744     -1535    -131        f
1745     -1535    -131        r
1746     -1535    -131        r
1747     -1535    -131        r
1748     -1535    -131        r
1749     -1535    -131        r
1750     -1535    -131        r
1751     -1535    -131        r
1752     -1535    -131        r
1753     -1535    -131        r
1754     -1535    -131        r
1755     -1535    -131        r
1756     -1535    -131        r
1757     -1535    -131        r
1758     -1535    -131        r
1759     -1535    -131        r
1760     -1535    -131        r
1761     -1535    -131        f
1762     -1610    -141        f
1763     -1682    -151        f
1764     -1752    -160        f
1765     -1818    -169        f
1766     -1818    -169        l
1767     -1818    -169        l
1768     -1818    -169        l
1769     -1818    -169        l
1770     -1818    -169        l
1771     -1818    -169        l
1772     -1818    -169        l
1773     -1818    -169        l
1774     -1818    -169        l
1775     -1818    -169        f
1776     -1720    -221        f
1777     -1626    -270        f
1778     -1537    -318        f
1779     -1451    -363        f
1780     -1370    -405        f
1781     -1292    -447        f
1782     -1217    -487        f
1783     -1146    -524        f
1784     -1078    -560        f
1785     -1013    -594        f
1786     -951    -627        f
1787     -892    -658        f
1788     -892    -658        l
1789     -892    -658        l
1790     -892    -658        l
1791     -892    -658        l
1792     -892    -658        l
1793     -892    -658        l
1794     -892    -658        l
1795     -892    -658        l
1796     -892    -658        l
1797     -892    -658        l
1798     -892    -658        l
1799     -892    -658        l
1800     -892    -658        l
1801     -892    -658        l
1802     -892    -658        l
1803     -892    -658        l
1804     -892    -658        l
1805     -892    -658        l
1806     -892    -658        l
1807     -892    -658        l
1808     -892    -658        f
1809     -770    -613        f
1810     -653    -570        f
1811     -541    -528        f
1812     -434    -488        f
1813     -333    -451        f
1814     -236    -416        f
1815     -143    -381        f
1816     -54    -349        f
1817     28    -317        f
1818     110    -288        f
1819     187    -259        f
1820     261    -231        f
1821     332    -206        f
1822     399    -181        f
1823     463    -157        f
1824     524    -135        f
1825     582    -112        f
1826     638    -92        f
1827     638    -92        l
1828     692    -72        f
1829     692    -72        l
1830     692    -72        l
1831     692    -72        l
1832     692    -72        f
1833     768    -72        f
1834     841    -71        f
1835     911    -70        f
1836     977    -69        f
1837     1041    -69        f
1838     1102    -68        f
1839     1160    -67        f
1840     1215    -67        f
1841     1268    -66        f
1842     1318    -65        f
1843     1367    -65        f
1844     1413    -64        f
1845     1457    -64        f
1846     1499    -63        f
1847     1539    -63        f
1848     1577    -63        f
1849     1613    -62        f
1850     1648    -62        f
1851     1682    -61        f
1852     1714    -61        f
1853     1744    -61        f
1854     1773    -60        f
1855     1801    -60        f
1856     1827    -60        f
1857     1853    -60        f
1858     1877    -59        f
1859     1900    -59        f
1860     1922    -59        f
1861     1943    -59        f
1862     1963    -57        f
1863     1982    -57        f
1864     2001    -57        f
1865     2018    -57        f
1866     2035    -57        f
1867     2051    -56        f
1868     2066    -56        f
1869     2081    -56        f
1870     2095    -56        f
1871     2108    -56        f
1872     2121    -56        f
1873     2133    -56        f
1874     2145    -56        f
1875     2156    -56        f
1876     2166    -56        f
1877     2176    -56        f
1878     2186    -56        f
1879     2195    -56        f
1880     2204    -56        f
1881     2212    -56        f
1882     2220    -55        f
1883     2228    -55        f
1884     2235    -55        f
1885     2242    -55        f
1886     2249    -55        f
1887     2255    -55        f
1888     2262    -55        f
1889     2267    -55        f
1890     2273    -55        f
1891     2278    -55        f
1892     2278    -55        r
1893     2278    -55        r
1894     2278    -55        r
1895     2278    -55        r
1896     2278    -55        f
1897     2169    47        f
1898     2065    145        f
1899     1964    239        f
1900     1870    329        f
1901     1780    413        f
1902     1693    496        f
1903     1610    574        f
1904     1531    649        f
1905     1455    720        f
1906     1383    788        f
1907     1314    852        f
1908     1249    915        f
1909     1186    974        f
1910     1126    1031        f
1911     1068    1085        f
1912     1014    1136        f
1913     961    1186        f
1914     911    1233        f
1915     864    1278        f
1916     818    1321        f
1917     775    1361        f
1918     733    1401        f
1919     693    1438        f
1920     655    1474        f
1921     619    1508        f
1922     585    1540        f
1923     552    1571        f
1924     520    1601        f
1925     490    1629        f
1926     461    1655        f
1927     434    1682        f
1928     407    1705        f
1929     382    1730        f
1930     358    1752        f
1931     336    1773        f
1932     314    1794        f
1933     293    1814        f
1934     273    1832        f
1935     254    1850        f
1936     236    1867        f
1937     236    1867        r
1938     219    1884        f
1939     219    1884        r
1940     202    1898        f
1941     202    1898        r
1942     202    1898        f
1943     202    1898        f
1944     202    1898        f
1945     202    1898        f
1946     202    1898        f
1947     202    1898        f
1948     202    1898        f
1949     202    1898        f
1950     202    1898        f
1951     202    1898        f
1952     202    1898        f
1953     202    1898        f
1954     202    1898        f
1955     202    1898        f
1956     202    1898        f
1957     202    1898        f
1958     202    1898        f
1959     202    1898        f
1960     202    1898        f
1961     202    1898        f
1962     202    1898        f
1963     202    1898        f
1964     202    1898        f
1965     202    1898        f
1966     202    1898        r
1967     202    1898        r
1968     202    1898        r
1969     202    1898        r
1970     202    1898        f
1971     206    1751        f
1972     210    1609        f
1973     214    1473        f
1974     218    1344        f
1975     221    1220        f
1976     224    1102        f
1977     227    989        f
1978     231    882        f
1979     233    779        f
1980     236    680        f
1981     239    586        f
1982     241    497        f
1983     244    411        f
1984     246    330        f
1985     248    252        f
1986     250    177        f
1987     252    106        f
1988     254    38        f
1989     256    -26        f
1990     258    -88        f
1991     259    -147        f
1992     261    -204        f
1993     262    -258        f
1994     264    -310        f
1995     265    -359        f
1996     267    -405        f
1997     268    -451        f
1998     269    -493        f
1999     270    -534        f
2000     271    -573        f
2001     272    -611        f
2002     273    -646        f
2003     274    -680        f
2004     275    -713        f
2005     276    -743        f
2006     277    -773        f
2007     278    -801        f
2008     278    -827        f
2009     279    -853        f
2010     280    -878        f
2011     281    -902        f
2012     281    -924        f
2013     282    -946        f
2014     282    -966        f
2015     283    -986        f
2016     283    -1003        f
2017     284    -1022        f
2018     284    -1039        f
2019     285    -1055        f
2020     285    -1071        f
2021     286    -1085        f
2022     286    -1100        f
2023     286    -1113        f
2024     287    -1126        f
2025     287    -1138        f
2026     287    -1138        r
2027     287    -1138        r
2028     287    -1138        r
2029     287    -1138        r
2030     287    -1138        f
2031     145    -1100        f
2032     10    -1064        f
2033     -119    -1029        f
2034     -243    -996        f
2035     -361    -965        f
2036     -474    -934        f
2037     -581    -906        f
2038     -684    -877        f
2039     -782    -852        f
2040     -782    -852        r
2041     -782    -852        r
2042     -876    -826        f
2043     -876    -826        r
2044     -876    -826        r
2045     -966    -802        f
2046     -1052    -779        f
2047     -1133    -757        f
2048     -1212    -736        f
2049     -1286    -716        f
2050     -1357    -697        f
2051     -1425    -679        f
2052     -1490    -661        f
2053     -1553    -645        f
2054     -1612    -629        f
2055     -1668    -614        f
2056     -1722    -599        f
2057     -1773    -585        f
2058     -1823    -572        f
2059     -1870    -559        f
2060     -1914    -547        f
2061     -1957    -536        f
2062     -1998    -525        f
2063     -2038    -514        f
2064     -2075    -504        f
2065     -2111    -494        f
2066     -2145    -484        f
2067     -2178    -476        f
2068     -2209    -468        f
2069     -2239    -459        f
2070     -2267    -451        f
2071     -2294    -445        f
2072     -2320    -438        f
2073     -2345    -430        f
2074     -2368    -425        f
2075     -2391    -419        f
2076     -2412    -413        f
2077     -2433    -407        f
2078     -2452    -401        f
2079     -2471    -397        f
2080     -2489    -392        f
2081     -2506    -388        f
2082     -2523    -383        f
2083     -2538    -379        f
2084     -2553    -375        f
2085     -2567    -371        f
2086     -2581    -368        f
2087     -2594    -364        f
2088     -2606    -361        f
2089     -2618    -357        f
2090     -2629    -354        f
2091     -2640    -351        f
2092     -2650    -349        f
2093     -2660    -346        f
2094     -2670    -344        f
2095     -2679    -341        f
2096     -2687    -339        f
2097     -2695    -337        f
2098     -2703    -334        f
2099     -2711    -332        f
2100     -2718    -331        f
2101     -2725    -329        f
2102     -2731    -327        f
2103     -2737    -325        f
2104     -2737    -325        l
2105     -2737    -325        l
2106     -2737    -325        l
2107     -2737    -325        f
2108     -2626    -299        f
2109     -2626    -299        r
2110     -2626    -299        r
2111     -2626    -299        r
2112     -2626    -299        f
2113     -2775    -282        f
2114     -2775    -282        l
2115     -2775    -282        l
2116     -2775    -282        l
2117     -2775    -282        f
2118     -2657    -273        f
2119     -2544    -265        f
2120     -2437    -258        f
2121     -2334    -250        f
2122     -2235    -244        f
2123     -2142    -237        f
2124     -2052    -231        f
2125     -1966    -225        f
2126     -1885    -219        f
2127     -1807    -213        f
2128     -1732    -208        f
2129     -1661    -202        f
2130     -1593    -198        f
2131     -1529    -194        f
2132     -1467    -189        f
2133     -1407    -185        f
2134     -1351    -181        f
2135     -1351    -181        l
2136     -1351    -181        l
2137     -1351    -181        l
2138     -1351    -181        f
2139     -1279    -208        f
2140     -1211    -233        f
2141     -1145    -257        f
2142     -1083    -280        f
2143     -1023    -302        f
2144     -966    -323        f
2145     -911    -343        f
2146     -860    -363        f
2147     -810    -381        f
2148     -763    -398        f
2149     -717    -415        f
2150     -674    -430        f
2151     -633    -446        f
2152     -593    -461        f
2153     -556    -475        f
2154     -520    -488        f
2155     -484    -501        f
2156     -453    -513        f
2157     -421    -524        f
2158     -391    -536        f
2159     -363    -546        f
2160     -335    -556        f
2161     -309    -566        f
2162     -284    -575        f
2163     -261    -584        f
2164     -238    -592        f
2165     -216    -600        f
2166     -195    -608        f
2167     -176    -615        f
2168     -157    -622        f
2169     -139    -628        f
2170     -122    -635        f
2171     -105    -641        f
2172     -89    -647        f
2173     -74    -652        f
2174     -60    -657        f
2175     -46    -662        f
2176     -33    -667        f
2177     -21    -672        f
2178     -9    -676        f
2179     1    -680        f
2180     12    -684        f
2181     23    -688        f
2182     33    -692        f
2183     42    -695        f
2184     51    -699        f
2185     60    -702        f
2186     68    -705        f
2187     76    -708        f
2188     83    -711        f
2189     91    -713        f
2190     97    -716        f
2191     104    -718        f
2192     104    -718        r
2193     104    -718        r
2194     104    -718        r
2195     104    -718        r
2196     104    -718        f
2197     -4    -821        f
2198     -108    -919        f
2199     -208    -1014        f
2200     -303    -1103        f
2201     -394    -1189        f
2202     -480    -1271        f
2203     -564    -1349        f
2204     -643    -1424        f
2205     -718    -1495        f
2206     -791    -1563        f
2207     -860    -1628        f
2208     -925    -1689        f
2209     -988    -1750        f
2210     -1048    -1805        f
2211     -1106    -1860        f
2212     -1161    -1912        f
2213     -1161    -1912        r
2214     -1161    -1912        r
2215     -1161    -1912        r
2216     -1161    -1912        r
2217     -1213    -1962        f
2218     -1213    -1962        r
2219     -1213    -1962        r
2220     -1213    -1962        r
2221     -1213    -1962        r
2222     -1213    -1962        r
2223     -1213    -1962        r
2224     -1213    -1962        r
2225     -1213    -1962        r
2226     -1263    -2009        f
2227     -1263    -2009        r
2228     -1263    -2009        r
2229     -1263    -2009        r
2230     -1263    -2009        r
2231     -1263    -2009        r
2232     -1263    -2009        r
2233     -1263    -2009        r
2234     -1263    -2009        r
2235     -1263    -2009        r
2236     -1263    -2009        f
2237     -1324    -1963        f
2238     -1382    -1919        f
2239     -1438    -1877        f
2240     -1491    -1837        f
2241     -1542    -1798        f
2242     -1591    -1762        f
2243     -1638    -1727        f
2244     -1682    -1694        f
2245     -1723    -1662        f
2246     -1764    -1630        f
2247     -1804    -1602        f
2248     -1841    -1575        f
2249     -1876    -1548        f
2250     -1910    -1523        f
2251     -1942    -1499        f
2252     -1973    -1476        f
2253     -2002    -1453        f
2254     -2030    -1432        f
2255     -2057    -1412        f
2256     -2082    -1393        f
2257     -2107    -1375        f
2258     -2107    -1375        l
2259     -2107    -1375        l
2260     -2107    -1375        f
2261     -2012    -1331        f
2262     -1921    -1288        f
2263     -1834    -1248        f
2264     -1751    -1210        f
2265     -1671    -1173        f
2266     -1596    -1138        f
2267     -1523    -1104        f
2268     -1454    -1072        f
2269     -1388    -1041        f
2270     -1325    -1011        f
2271     -1265    -984        f
2272     -1207    -958        f
2273     -1152    -932        f
2274     -1099    -908        f
2275     -1049    -884        f
2276     -1001    -861        f
2277     -956    -841        f
2278     -911    -821        f
2279     -869    -801        f
2280     -831    -783        f
2281     -793    -765        f
2282     -793    -765        l
2283     -793    -765        f
2284     -717    -777        f
2285     -645    -788        f
2286     -576    -799        f
2287     -509    -810        f
2288     -447    -819        f
2289     -387    -828        f
2290     -330    -839        f
2291     -275    -847        f
2292     -223    -856        f
2293     -173    -864        f
2294     -126    -871        f
2295     -80    -877        f
2296     -37    -885        f
2297     4    -892        f
2298     43    -898        f
2299     81    -903        f
2300     117    -910        f
2301     151    -916        f
2302     184    -921        f
2303     216    -926        f
2304     246    -931        f
2305     274    -935        f
2306     302    -940        f
2307     328    -944        f
2308     353    -948        f
2309     377    -952        f
2310     399    -955        f
2311     421    -959        f
2312     442    -961        f
2313     462    -965        f
2314     480    -968        f
2315     499    -971        f
2316     516    -974        f
2317     533    -977        f
2318     548    -978        f
2319     563    -981        f
2320     578    -984        f
2321     591    -986        f
2322     604    -988        f
2323     617    -990        f
2324     629    -992        f
2325     640    -994        f
2326     651    -994        f
2327     662    -997        f
2328     671    -999        f
2329     681    -1000        f
2330     690    -1002        f
2331     699    -1002        f
2332     707    -1003        f
2333     715    -1006        f
2334     722    -1007        f
2335     729    -1008        f
2336     736    -1009        f
2337     743    -1010        f
2338     749    -1011        f
2339     755    -1011        f
2340     761    -1013        f
2341     761    -1013        r
2342     761    -1013        f
2343     677    -1079        f
2344     598    -1142        f
2345     522    -1203        f
2346     449    -1261        f
2347     380    -1316        f
2348     314    -1369        f
2349     250    -1419        f
2350     190    -1467        f
2351     133    -1513        f
2352     78    -1556        f
2353     25    -1598        f
2354     -24    -1638        f
2355     -24    -1638        r
2356     -24    -1638        r
2357     -24    -1638        r
2358     -24    -1638        f
2359     -132    -1534        f
2360     -234    -1434        f
2361     -333    -1339        f
2362     -426    -1248        f
2363     -516    -1161        f
2364     -601    -1078        f
2365     -683    -999        f
2366     -760    -923        f
2367     -835    -851        f
2368     -906    -782        f
2369     -974    -716        f
2370     -1038    -653        f
2371     -1100    -593        f
2372     -1159    -535        f
2373     -1216    -480        f
2374     -1269    -428        f
2375     -1321    -378        f
2376     -1370    -330        f
2377     -1417    -284        f
2378     -1417    -284        r
2379     -1417    -284        r
2380     -1417    -284        f
2381     -1492    -298        f
2382     -1564    -311        f
2383     -1632    -324        f
2384     -1698    -336        f
2385     -1760    -348        f
2386     -1820    -359        f
2387     -1877    -369        f
2388     -1932    -379        f
2389     -1984    -389        f
2390     -2034    -398        f
2391     -2081    -407        f
2392     -2127    -415        f
2393     -2170    -423        f
2394     -2212    -430        f
2395     -2251    -438        f
2396     -2289    -445        f
2397     -2325    -451        f
2398     -2360    -458        f
2399     -2393    -463        f
