step   ball_X    ball_Y    side
379     -2784    -288        l
380     -2784    -288        l
381     -2784    -288        l
382     -2784    -288        l
383     -2784    -288        l
384     -2784    -288        l
385     -2784    -288        l
386     -2784    -288        l
387     -2784    -288        l
388     -2784    -288        l
389     -2784    -288        f
390     -2658    -369        f
391     -2537    -446        f
392     -2422    -520        f
393     -2312    -591        f
394     -2206    -658        f
395     -2106    -722        f
396     -2010    -784        f
397     -1918    -843        f
398     -1830    -899        f
399     -1747    -952        f
400     -1667    -1002        f
401     -1591    -1052        f
402     -1518    -1099        f
403     -1449    -1143        f
404     -1382    -1186        f
405     -1319    -1226        f
406     -1258    -1265        f
407     -1200    -1302        f
408     -1145    -1338        f
409     -1092    -1371        f
410     -1042    -1404        f
411     -994    -1434        f
412     -948    -1464        f
413     -903    -1492        f
414     -861    -1519        f
415     -822    -1544        f
416     -784    -1569        f
417     -747    -1592        f
418     -713    -1614        f
419     -679    -1636        f
420     -648    -1655        f
421     -617    -1676        f
422     -588    -1694        f
423     -561    -1712        f
424     -534    -1729        f
425     -509    -1745        f
426     -484    -1761        f
427     -462    -1775        f
428     -440    -1789        f
429     -419    -1803        f
430     -399    -1816        f
431     -380    -1828        f
432     -361    -1839        f
433     -344    -1851        f
434     -327    -1862        f
435     -311    -1872        f
436     -296    -1882        f
437     -281    -1891        f
438     -268    -1900        f
439     -254    -1907        f
440     -242    -1916        f
441     -229    -1923        f
442     -218    -1930        f
443     -206    -1939        f
444     -197    -1945        f
445     -186    -1952        f
446     -177    -1957        f
447     -168    -1964        f
448     -159    -1969        f
449     -151    -1975        f
450     -143    -1980        f
451     -135    -1985        f
452     -128    -1989        f
453     -121    -1994        f
454     -113    -1998        f
455     -108    -2002        f
456     -102    -2005        f
457     -96    -2010        f
458     -91    -2013        f
459     -85    -2016        f
460     -80    -2020        f
461     -76    -2023        f
462     -71    -2026        f
463     -67    -2028        f
464     -62    -2030        f
465     -57    -2034        f
466     -55    -2036        f
467     -51    -2038        f
468     -47    -2041        f
469     -44    -2043        f
470     -41    -2045        f
471     -38    -2047        f
472     -35    -2049        f
473     -32    -2050        f
474     -30    -2052        f
475     -27    -2054        f
476     -25    -2055        f
477     -22    -2057        f
478     -20    -2058        f
479     -18    -2059        f
480     -16    -2061        f
481     -14    -2062        f
482     -12    -2063        f
483     -11    -2064        f
484     -9    -2065        f
485     -7    -2066        f
486     -6    -2067        f
487     -4    -2068        f
488     -3    -2069        f
489     -2    -2070        f
490     0    -2071        f
491     0    -2071        f
492     1    -2072        f
493     2    -2073        f
494     3    -2074        f
495     4    -2074        f
496     5    -2075        f
497     6    -2075        f
498     7    -2076        f
499     8    -2076        f
500     9    -2077        f
501     9    -2077        f
502     10    -2078        f
503     11    -2078        f
504     11    -2079        f
505     12    -2079        f
506     13    -2080        f
507     13    -2080        f
508     14    -2080        f
509     14    -2081        f
510     15    -2081        f
511     15    -2081        f
512     16    -2082        f
513     16    -2082        f
514     17    -2082        f
515     17    -2082        f
516     17    -2083        f
517     18    -2083        f
518     18    -2083        f
519     18    -2083        f
520     19    -2083        f
521     19    -2084        f
522     19    -2084        f
523     20    -2084        f
524     20    -2084        f
525     20    -2084        f
526     20    -2084        f
527     21    -2085        f
528     21    -2085        f
529     21    -2085        f
530     21    -2085        f
531     21    -2085        f
532     22    -2085        f
533     22    -2085        f
534     22    -2085        f
535     22    -2086        f
536     22    -2086        f
537     22    -2086        f
538     22    -2086        f
539     23    -2086        f
540     23    -2086        f
541     23    -2086        f
542     23    -2086        f
543     23    -2086        f
544     23    -2086        f
545     23    -2086        f
546     23    -2086        f
547     23    -2086        f
548     24    -2087        f
549     24    -2087        f
550     24    -2087        f
551     24    -2087        f
552     24    -2087        f
553     24    -2087        f
554     24    -2087        f
555     24    -2087        f
556     24    -2087        f
557     24    -2087        f
558     24    -2087        f
559     24    -2087        f
560     24    -2087        f
561     24    -2087        f
562     24    -2087        f
563     24    -2087        f
564     25    -2087        f
565     25    -2087        f
566     25    -2087        f
567     25    -2087        f
568     25    -2087        f
569     25    -2087        f
570     25    -2087        f
571     25    -2087        f
572     25    -2087        f
573     25    -2087        f
574     25    -2087        f
575     25    -2087        f
576     25    -2087        f
577     25    -2087        f
578     25    -2087        f
579     25    -2087        f
580     25    -2087        f
581     25    -2087        f
582     25    -2087        f
583     25    -2087        f
584     25    -2087        r
585     25    -2087        r
586     25    -2087        r
587     25    -2087        r
588     25    -2087        r
589     25    -2087        r
590     25    -2087        r
591     25    -2087        r
592     25    -2087        r
593     25    -2087        r
594     25    -2087        r
595     25    -2087        r
596     25    -2087        r
597     25    -2087        f
598     25    -2088        f
599     25    -2088        f
600     25    -2088        f
601     25    -2088        f
602     25    -2088        f
603     25    -2088        f
604     25    -2088        f
605     25    -2088        f
606     25    -2088        f
607     25    -2088        f
608     25    -2088        f
609     25    -2088        f
610     25    -2088        f
611     25    -2088        f
612     25    -2088        f
613     25    -2088        f
614     25    -2088        f
615     25    -2088        f
616     25    -2088        f
617     25    -2088        f
618     25    -2088        f
619     25    -2088        f
620     25    -2088        f
621     25    -2088        f
622     25    -2088        f
623     25    -2088        f
624     25    -2088        f
625     25    -2088        f
626     25    -2088        f
627     25    -2088        f
628     25    -2088        f
629     25    -2088        f
630     25    -2088        f
631     25    -2088        f
632     25    -2088        f
633     25    -2088        f
634     25    -2088        f
635     25    -2088        f
636     25    -2088        r
637     25    -2088        r
638     25    -2088        r
639     25    -2088        f
640     -48    -2069        f
641     -118    -2050        f
642     -186    -2032        f
643     -250    -2016        f
644     -312    -2000        f
645     -371    -1985        f
646     -428    -1970        f
647     -480    -1955        f
648     -532    -1943        f
649     -581    -1930        f
650     -628    -1918        f
651     -673    -1907        f
652     -715    -1896        f
653     -756    -1885        f
654     -795    -1875        f
655     -832    -1866        f
656     -867    -1855        f
657     -901    -1848        f
658     -933    -1839        f
659     -964    -1830        f
660     -993    -1823        f
661     -1021    -1816        f
662     -1048    -1809        f
663     -1074    -1803        f
664     -1098    -1796        f
665     -1122    -1789        f
666     -1144    -1785        f
667     -1165    -1779        f
668     -1186    -1773        f
669     -1205    -1769        f
670     -1224    -1764        f
671     -1241    -1759        f
672     -1258    -1755        f
673     -1275    -1751        f
674     -1290    -1746        f
675     -1305    -1743        f
676     -1319    -1739        f
677     -1332    -1735        f
678     -1345    -1732        f
679     -1357    -1729        f
680     -1369    -1726        f
681     -1380    -1723        f
682     -1391    -1720        f
683     -1401    -1718        f
684     -1411    -1714        f
685     -1420    -1713        f
686     -1429    -1710        f
687     -1438    -1707        f
688     -1446    -1705        f
689     -1454    -1704        f
690     -1461    -1702        f
691     -1468    -1700        f
692     -1475    -1698        f
693     -1481    -1697        f
694     -1487    -1695        f
695     -1493    -1694        f
696     -1499    -1692        f
697     -1504    -1691        f
698     -1509    -1689        f
699     -1514    -1688        f
700     -1519    -1687        f
701     -1523    -1686        f
702     -1527    -1685        f
703     -1531    -1684        f
704     -1535    -1682        f
705     -1539    -1682        f
706     -1543    -1680        f
707     -1546    -1680        f
708     -1549    -1679        f
709     -1552    -1678        f
710     -1555    -1677        f
711     -1558    -1677        f
712     -1561    -1676        f
713     -1563    -1675        f
714     -1566    -1675        f
715     -1568    -1673        f
716     -1570    -1673        f
717     -1572    -1673        f
718     -1574    -1672        f
719     -1576    -1672        f
720     -1578    -1671        f
721     -1580    -1671        f
722     -1582    -1670        f
723     -1583    -1670        f
724     -1585    -1670        f
725     -1586    -1669        f
726     -1588    -1669        f
727     -1589    -1669        f
728     -1590    -1668        f
729     -1591    -1668        f
730     -1593    -1668        f
731     -1594    -1667        f
732     -1595    -1667        f
733     -1596    -1667        f
734     -1597    -1666        f
735     -1598    -1666        f
736     -1599    -1666        f
737     -1599    -1666        f
738     -1600    -1666        f
739     -1601    -1664        f
740     -1602    -1664        f
741     -1602    -1664        f
742     -1603    -1664        f
743     -1604    -1664        f
744     -1604    -1664        f
745     -1605    -1664        f
746     -1605    -1664        f
747     -1605    -1664        f
748     -1607    -1664        f
749     -1607    -1664        f
750     -1607    -1664        f
751     -1607    -1664        f
752     -1607    -1663        f
753     -1609    -1663        f
754     -1609    -1663        f
755     -1610    -1663        f
756     -1610    -1663        f
757     -1610    -1663        f
758     -1611    -1663        f
759     -1611    -1663        f
760     -1611    -1663        f
761     -1611    -1663        f
762     -1612    -1663        f
763     -1612    -1663        f
764     -1612    -1662        f
765     -1612    -1662        r
766     -1612    -1662        r
767     -1612    -1662        r
768     -1612    -1662        r
769     -1612    -1662        r
770     -1612    -1662        r
771     -1612    -1662        r
772     -1612    -1662        r
773     -1612    -1662        r
774     -1612    -1662        r
775     -1612    -1662        r
776     -1612    -1662        r
777     -1612    -1662        r
778     -1612    -1662        r
779     -1612    -1662        r
780     -1612    -1662        r
781     -1612    -1662        r
782     -1612    -1662        r
783     -1612    -1662        r
784     -1612    -1662        r
785     -1612    -1662        r
786     -1612    -1662        r
787     -1612    -1662        f
788     -1613    -1662        f
789     -1613    -1662        f
790     -1613    -1662        f
791     -1613    -1662        f
792     -1613    -1662        f
793     -1614    -1662        f
794     -1614    -1662        f
795     -1614    -1662        f
796     -1614    -1662        f
797     -1614    -1662        f
798     -1614    -1662        f
799     -1614    -1662        f
800     -1614    -1662        f
801     -1614    -1662        f
802     -1614    -1662        f
803     -1614    -1662        f
804     -1614    -1662        f
805     -1614    -1662        f
806     -1614    -1662        f
807     -1614    -1662        f
808     -1616    -1662        f
809     -1616    -1662        f
810     -1616    -1662        f
811     -1616    -1662        f
812     -1616    -1662        f
813     -1616    -1661        f
814     -1616    -1661        f
815     -1616    -1661        f
816     -1616    -1661        f
817     -1616    -1661        f
818     -1616    -1661        f
819     -1616    -1661        f
820     -1616    -1661        f
821     -1616    -1661        f
822     -1616    -1661        f
823     -1616    -1661        f
824     -1616    -1661        f
825     -1617    -1661        f
826     -1617    -1661        f
827     -1617    -1661        f
828     -1617    -1661        f
829     -1617    -1661        f
830     -1617    -1661        f
831     -1617    -1661        f
832     -1617    -1661        f
833     -1617    -1661        f
834     -1617    -1661        f
835     -1617    -1661        f
836     -1617    -1661        f
837     -1617    -1661        f
838     -1617    -1661        f
839     -1617    -1661        f
840     -1617    -1661        f
841     -1617    -1661        f
842     -1617    -1661        f
843     -1617    -1661        f
844     -1617    -1661        f
845     -1617    -1661        f
846     -1617    -1661        f
847     -1617    -1661        f
848     -1617    -1661        f
849     -1617    -1661        f
850     -1617    -1661        f
851     -1617    -1661        f
852     -1617    -1661        f
853     -1617    -1661        f
854     -1617    -1661        f
855     -1617    -1661        f
856     -1617    -1661        f
857     -1617    -1661        f
858     -1617    -1661        f
859     -1617    -1661        f
860     -1617    -1661        f
861     -1617    -1661        f
862     -1617    -1661        f
863     -1617    -1661        f
864     -1617    -1661        f
865     -1617    -1661        f
866     -1617    -1661        f
867     -1617    -1661        f
868     -1617    -1661        f
869     -1617    -1661        f
870     -1617    -1661        f
871     -1617    -1661        f
872     -1617    -1661        f
873     -1617    -1661        f
874     -1617    -1661        f
875     -1617    -1661        f
876     -1617    -1661        f
877     -1617    -1661        f
878     -1617    -1661        f
879     -1617    -1661        f
880     -1617    -1661        r
881     -1617    -1661        r
882     -1617    -1661        r
883     -1617    -1661        r
884     -1617    -1661        r
885     -1617    -1661        r
886     -1617    -1661        r
887     -1617    -1661        r
888     -1617    -1661        r
889     -1617    -1661        r
890     -1617    -1661        r
891     -1617    -1661        r
892     -1617    -1661        r
893     -1617    -1661        l
894     -1617    -1661        l
895     -1617    -1661        l
896     -1617    -1661        l
897     -1617    -1661        l
898     -1617    -1661        l
899     -1617    -1661        l
900     -1617    -1661        l
901     -1617    -1661        l
902     -1617    -1661        l
903     -1617    -1661        l
904     -1617    -1661        l
905     -1617    -1661        l
906     -1617    -1661        l
907     -1617    -1661        f
908     -1617    -1661        f
909     -1617    -1661        f
910     -1617    -1661        f
911     -1617    -1661        f
912     -1617    -1661        f
913     -1617    -1661        f
914     -1617    -1661        f
915     -1617    -1661        f
916     -1617    -1661        f
917     -1617    -1661        f
918     -1617    -1661        f
919     -1617    -1661        f
920     -1617    -1661        f
921     -1617    -1661        f
922     -1617    -1661        f
923     -1617    -1661        f
924     -1617    -1661        f
925     -1617    -1661        f
926     -1617    -1661        f
927     -1617    -1661        f
928     -1617    -1661        f
929     -1617    -1661        f
930     -1617    -1661        f
931     -1617    -1661        f
932     -1617    -1661        f
933     -1617    -1661        f
934     -1617    -1661        f
935     -1617    -1661        f
936     -1617    -1661        f
937     -1617    -1661        f
938     -1617    -1661        f
939     -1617    -1661        f
940     -1617    -1661        f
941     -1617    -1661        f
942     -1617    -1661        f
943     -1617    -1661        f
944     -1617    -1661        f
945     -1617    -1661        f
946     -1617    -1661        f
947     -1617    -1661        f
948     -1617    -1661        f
949     -1617    -1661        f
950     -1617    -1661        l
951     -1617    -1661        l
952     -1617    -1661        l
953     -1617    -1661        l
954     -1617    -1661        l
955     -1617    -1661        l
956     -1617    -1661        l
957     -1617    -1661        l
958     -1617    -1661        l
959     -1617    -1661        l
960     -1617    -1661        r
961     -1617    -1661        r
962     -1617    -1661        l
963     -1617    -1661        f
964     -1550    -1626        f
965     -1485    -1592        f
966     -1423    -1560        f
967     -1364    -1529        f
968     -1308    -1500        f
969     -1254    -1472        f
970     -1203    -1445        f
971     -1153    -1420        f
972     -1107    -1395        f
973     -1062    -1372        f
974     -1019    -1350        f
975     -977    -1328        f
976     -939    -1308        f
977     -902    -1289        f
978     -866    -1270        f
979     -832    -1253        f
980     -800    -1236        f
981     -769    -1220        f
982     -739    -1204        f
983     -711    -1189        f
984     -684    -1175        f
985     -658    -1162        f
986     -633    -1149        f
987     -610    -1137        f
988     -587    -1125        f
989     -566    -1114        f
990     -545    -1104        f
991     -526    -1093        f
992     -507    -1084        f
993     -488    -1074        f
994     -472    -1066        f
995     -455    -1057        f
996     -440    -1049        f
997     -425    -1041        f
998     -411    -1034        f
999     -397    -1027        f
1000     -384    -1019        f
1001     -372    -1014        f
1002     -360    -1008        f
1003     -349    -1002        f
1004     -338    -996        f
1005     -328    -991        f
1006     -318    -986        f
1007     -309    -981        f
1008     -300    -976        f
1009     -291    -972        f
1010     -283    -967        f
1011     -275    -963        f
1012     -268    -960        f
1013     -261    -956        f
1014     -254    -952        f
1015     -248    -949        f
1016     -241    -946        f
1017     -236    -943        f
1018     -229    -940        f
1019     -225    -936        f
1020     -219    -934        f
1021     -214    -932        f
1022     -210    -928        f
1023     -204    -927        f
1024     -200    -925        f
1025     -200    -925        r
1026     -200    -925        r
1027     -200    -925        r
1028     -200    -925        f
1029     -321    -873        f
1030     -321    -873        l
1031     -321    -873        l
1032     -321    -873        l
1033     -321    -873        l
1034     -321    -873        f
1035     -254    -835        f
1036     -191    -799        f
1037     -130    -765        f
1038     -72    -732        f
1039     -17    -700        f
1040     35    -670        f
1041     86    -642        f
1042     134    -614        f
1043     180    -588        f
1044     224    -563        f
1045     266    -539        f
1046     306    -517        f
1047     344    -495        f
1048     381    -474        f
1049     416    -455        f
1050     449    -436        f
1051     480    -418        f
1052     511    -400        f
1053     540    -384        f
1054     568    -368        f
1055     595    -353        f
1056     620    -339        f
1057     644    -325        f
1058     667    -312        f
1059     689    -300        f
1060     710    -288        f
1061     730    -276        f
1062     749    -266        f
1063     768    -254        f
1064     785    -245        f
1065     802    -236        f
1066     818    -227        f
1067     833    -218        f
1068     848    -210        f
1069     861    -202        f
1070     875    -194        f
1071     886    -187        f
1072     900    -180        f
1073     911    -174        f
1074     922    -168        f
1075     933    -162        f
1076     943    -156        f
1077     952    -150        f
1078     961    -145        f
1079     969    -140        f
1080     978    -135        f
1081     986    -131        f
1082     994    -127        f
1083     1002    -122        f
1084     1009    -119        f
1085     1015    -114        f
1086     1015    -114        r
1087     1015    -114        r
1088     1015    -114        f
1089     866    -128        f
1090     723    -141        f
1091     587    -154        f
1092     457    -166        f
1093     332    -177        f
1094     214    -188        f
1095     100    -198        f
1096     -7    -208        f
1097     -110    -218        f
1098     -209    -227        f
1099     -304    -235        f
1100     -394    -243        f
1101     -480    -250        f
1102     -562    -259        f
1103     -640    -266        f
1104     -715    -273        f
1105     -787    -279        f
1106     -855    -286        f
1107     -919    -292        f
1108     -983    -297        f
1109     -1042    -303        f
1110     -1099    -308        f
1111     -1153    -313        f
1112     -1205    -318        f
1113     -1255    -322        f
1114     -1302    -326        f
1115     -1347    -331        f
1116     -1390    -335        f
1117     -1432    -338        f
1118     -1471    -342        f
1119     -1508    -345        f
1120     -1544    -349        f
1121     -1579    -352        f
1122     -1611    -355        f
1123     -1643    -358        f
1124     -1672    -360        f
1125     -1701    -363        f
1126     -1728    -365        f
1127     -1754    -368        f
1128     -1779    -370        f
1129     -1803    -372        f
1130     -1825    -374        f
1131     -1847    -376        f
1132     -1868    -378        f
1133     -1887    -380        f
1134     -1905    -382        f
1135     -1923    -383        f
1136     -1941    -385        f
1137     -1957    -386        f
1138     -1973    -388        f
1139     -1988    -389        f
1140     -2003    -390        f
1141     -2016    -392        f
1142     -2029    -393        f
1143     -2042    -394        f
1144     -2054    -395        f
1145     -2065    -396        f
1146     -2076    -397        f
1147     -2086    -398        f
1148     -2096    -399        f
1149     -2106    -400        f
1150     -2115    -401        f
1151     -2115    -401        l
1152     -2115    -401        l
1153     -2115    -401        l
1154     -2115    -401        f
1155     -1989    -483        f
1156     -1870    -561        f
1157     -1755    -636        f
1158     -1646    -708        f
1159     -1541    -776        f
1160     -1442    -842        f
1161     -1347    -903        f
1162     -1256    -964        f
1163     -1169    -1021        f
1164     -1086    -1075        f
1165     -1007    -1127        f
1166     -932    -1176        f
1167     -860    -1223        f
1168     -791    -1269        f
1169     -725    -1312        f
1170     -663    -1353        f
1171     -603    -1392        f
1172     -546    -1429        f
1173     -491    -1465        f
1174     -438    -1500        f
1175     -389    -1532        f
1176     -342    -1563        f
1177     -297    -1593        f
1178     -252    -1622        f
1179     -212    -1648        f
1180     -172    -1675        f
1181     -134    -1700        f
1182     -98    -1723        f
1183     -64    -1746        f
1184     -31    -1768        f
1185     0    -1788        f
1186     28    -1807        f
1187     57    -1827        f
1188     85    -1845        f
1189     111    -1862        f
1190     136    -1878        f
1191     160    -1894        f
1192     183    -1909        f
1193     204    -1923        f
1194     225    -1937        f
1195     245    -1950        f
1196     264    -1963        f
1197     282    -1975        f
1198     299    -1986        f
1199     315    -1997        f
1200     0    0        f
1200     0    0        f
1200     0    0        f
1200     0    0        f
1200     0    0        f
1200     0    0        f
1200     0    0        f
1200     0    0        f
1200     0    0        f
1200     0    0        f
1200     0    0        f
1200     0    0        f
1200     0    0        f
1200     0    0        f
1200     0    0        f
1200     0    0        f
1200     0    0        f
1200     0    0        f
1200     0    0        f
1200     0    0        f
1200     0    0        f
1200     0    0        f
1200     0    0        f
1200     0    0        f
1200     0    0        f
1200     0    0        f
1200     0    0        f
1200     0    0        f
1200     0    0        f
1200     0    0        f
1200     0    0        f
1200     0    0        f
1200     0    0        f
1200     0    0        f
1200     0    0        f
1200     0    0        f
1200     0    0        f
1200     0    0        f
1200     0    0        f
1200     0    0        f
1200     0    0        f
1200     0    0        f
1200     0    0        f
1200     0    0        f
1200     0    0        f
1200     0    0        f
1200     0    0        f
1200     0    0        f
1200     0    0        f
1200     0    0        f
1200     0    0        f
1200     0    0        f
1200     0    0        f
1200     0    0        f
1200     0    0        f
1200     0    0        f
1200     0    0        f
1200     0    0        f
1200     0    0        f
1200     0    0        f
1200     0    0        f
1200     0    0        f
1200     0    0        f
1200     0    0        f
1200     0    0        f
1200     0    0        f
1200     0    0        f
1200     0    0        f
1200     0    0        f
1200     0    0        f
1200     0    0        f
1200     0    0        f
1200     0    0        f
1200     0    0        f
1200     0    0        f
1200     0    0        f
1200     0    0        f
1200     0    0        f
1200     0    0        f
1200     0    0        f
1200     0    0        f
1200     0    0        f
1200     0    0        f
1200     0    0        f
1200     0    0        f
1200     0    0        f
1200     0    0        f
1200     0    0        f
1200     0    0        f
1200     0    0        f
1200     0    0        f
1200     0    0        f
1200     0    0        f
1200     0    0        f
1200     0    0        f
1200     0    0        f
1200     0    0        f
1200     0    0        f
1200     0    0        f
1200     0    0        f
1200     0    0        f
1200     0    0        f
1201     0    0        f
1202     0    0        f
1203     0    0        f
1204     0    0        f
1205     0    0        f
1206     0    0        f
1207     0    0        f
1208     0    0        f
1209     0    0        f
1210     0    0        f
1211     0    0        f
1212     0    0        f
1213     0    0        f
1214     0    0        f
1215     0    0        f
1216     0    0        f
1217     0    0        f
1218     0    0        f
1219     0    0        f
1220     0    0        f
1221     0    0        f
1222     0    0        f
1223     0    0        f
1224     0    0        f
1225     0    0        f
1226     0    0        f
1227     0    0        f
1228     0    0        f
1229     0    0        f
1230     0    0        f
1231     0    0        f
1232     0    0        f
1233     0    0        f
1234     0    0        f
1235     0    0        f
1236     0    0        f
1237     0    0        f
1238     0    0        f
1239     0    0        f
1240     0    0        f
1241     0    0        f
1242     0    0        f
1243     0    0        f
1244     0    0        f
1245     0    0        f
1246     0    0        f
1247     0    0        f
1248     0    0        f
1249     0    0        f
1250     0    0        f
1251     0    0        f
1252     0    0        f
1253     0    0        f
1254     0    0        f
1255     0    0        f
1256     0    0        f
1257     0    0        f
1258     0    0        f
1259     0    0        f
1260     0    0        f
1261     0    0        f
1262     0    0        f
1263     0    0        f
1264     0    0        f
1265     0    0        f
1266     0    0        f
1267     0    0        f
1268     0    0        f
1269     0    0        f
1270     0    0        f
1271     0    0        f
1272     0    0        f
1273     0    0        f
1274     0    0        f
1275     0    0        f
1276     0    0        f
1277     0    0        f
1278     0    0        f
1279     0    0        f
1280     0    0        f
1281     0    0        f
1282     0    0        f
1283     0    0        f
1284     0    0        f
1285     0    0        f
1286     0    0        f
1287     0    0        f
1288     0    0        f
1289     0    0        f
1290     0    0        f
1291     0    0        f
1292     0    0        f
1293     0    0        f
1294     0    0        f
1295     0    0        f
1296     0    0        f
1297     0    0        f
1298     0    0        f
1299     0    0        f
1300     0    0        f
1301     0    0        f
1302     0    0        f
1303     0    0        f
1304     0    0        f
1305     0    0        r
1306     0    0        r
1307     0    0        r
1308     0    0        f
1309     -76    1        f
1310     -149    2        f
1311     -219    4        f
1312     -285    5        f
1313     -349    6        f
1314     -409    8        f
1315     -468    9        f
1316     -523    10        f
1317     -576    11        f
1318     -627    12        f
1319     -675    13        f
1320     -722    14        f
1321     -766    15        f
1322     -808    16        f
1323     -848    16        f
1324     -886    17        f
1325     -923    18        f
1326     -958    19        f
1327     -991    19        f
1328     -1023    20        f
1329     -1053    20        f
1330     -1082    21        f
1331     -1110    22        f
1332     -1137    22        f
1333     -1162    23        f
1334     -1186    23        f
1335     -1209    24        f
1336     -1232    24        f
1337     -1253    24        f
1338     -1273    25        f
1339     -1292    25        f
1340     -1310    26        f
1341     -1328    26        f
1342     -1345    26        f
1343     -1361    27        f
1344     -1376    27        f
1345     -1391    27        f
1346     -1404    27        f
1347     -1418    28        f
1348     -1430    28        f
1349     -1443    28        f
1350     -1454    28        f
1351     -1465    28        f
1352     -1476    28        f
1353     -1486    28        f
1354     -1495    28        f
1355     -1505    28        f
1356     -1514    30        f
1357     -1522    30        f
1358     -1530    30        f
1359     -1538    30        f
1360     -1545    30        f
1361     -1552    30        f
1362     -1559    30        f
1363     -1565    31        f
1364     -1571    31        f
1365     -1577    31        f
1366     -1583    31        f
1367     -1588    31        f
1368     -1593    31        f
1369     -1598    31        f
1370     -1602    31        f
1371     -1607    31        f
1372     -1611    31        f
1373     -1614    32        f
1374     -1619    32        f
1375     -1623    32        f
1376     -1626    32        f
1377     -1629    32        f
1378     -1632    32        f
1379     -1636    32        f
1380     -1639    32        f
1381     -1641    32        f
1382     -1644    32        f
1383     -1644    32        l
1384     -1644    32        l
1385     -1644    32        l
1386     -1644    32        f
1387     -1568    33        f
1388     -1494    34        f
1389     -1425    35        f
1390     -1425    35        r
1391     -1425    35        f
1392     -1494    67        f
1393     -1561    96        f
1394     -1625    125        f
1395     -1686    152        f
1396     -1744    178        f
1397     -1798    202        f
1398     -1852    227        f
1399     -1903    249        f
1400     -1951    271        f
1401     -1997    292        f
1402     -2041    311        f
1403     -2084    330        f
1404     -2124    348        f
1405     -2162    365        f
1406     -2199    382        f
1407     -2234    397        f
1408     -2267    412        f
1409     -2299    426        f
1410     -2329    440        f
1411     -2358    453        f
1412     -2386    466        f
1413     -2413    478        f
1414     -2438    488        f
1415     -2462    500        f
1416     -2485    509        f
1417     -2507    520        f
1418     -2528    529        f
1419     -2548    538        f
1420     -2567    547        f
1421     -2586    555        f
1422     -2603    563        f
1423     -2620    571        f
1424     -2636    578        f
1425     -2651    585        f
1426     -2666    591        f
1427     -2680    597        f
1428     -2693    603        f
1429     -2706    609        f
1430     -2718    614        f
1431     -2729    620        f
1432     -2740    625        f
1433     -2751    629        f
1434     -2761    634        f
1435     -2770    638        f
1436     -2780    642        f
1437     -2788    646        f
1438     -2797    650        f
1439     -2805    653        f
1440     -2812    657        f
1441     -2820    660        f
1442     -2827    663        f
1443     -2833    666        f
1444     -2840    669        f
1445     -2846    672        f
1446     -2852    674        f
1447     -2857    677        f
1448     -2862    679        f
1449     -2867    682        f
1450     -2872    684        f
1451     -2877    686        f
1452     -2881    688        f
1453     -2885    690        f
1454     -2889    691        f
1455     -2893    693        f
1456     -2897    695        f
1457     -2900    696        f
1458     -2904    698        f
1459     -2907    699        f
1460     -2910    701        f
1461     -2913    702        f
1462     -2916    703        f
1463     -2918    704        f
1464     -2921    705        f
1465     -2923    707        f
1466     -2926    708        f
1467     -2928    709        f
1468     -2930    710        f
1469     -2932    710        f
1470     -2934    711        f
1471     -2934    711        r
1472     -2934    711        r
1473     -2934    711        r
1474     -2934    711        r
1475     -2934    711        r
1476     -2934    711        r
1477     -2934    711        r
1478     -2934    711        r
1479     -2934    711        f
1480     -3077    666        f
1481     -3213    622        f
1482     -3343    581        f
1483     -3468    541        f
1484     -3586    503        f
1485     -3700    467        f
1486     -3809    433        f
1487     -3911    400        f
1488     -4011    369        f
1489     -4105    339        f
1490     -4195    310        f
1491     -4281    283        f
1492     -4364    256        f
1493     -4442    231        f
1494     -4517    208        f
1495     -4588    185        f
1496     -4657    163        f
1497     -4722    142        f
1498     -4784    122        f
1499     -4844    104        f
1500     -4900    85        f
1501     -4954    68        f
1502     -5006    52        f
1503     0    0        f
1504     0    0        f
1505     0    0        f
1506     0    0        f
1507     0    0        f
1508     0    0        f
1509     0    0        f
1510     0    0        f
1511     0    0        f
1512     0    0        f
1513     0    0        f
1514     0    0        f
1515     0    0        f
1516     0    0        f
1517     0    0        f
1518     0    0        f
1519     0    0        f
1520     0    0        f
1521     0    0        f
1522     0    0        f
1523     0    0        f
1524     0    0        f
1525     0    0        f
1526     0    0        f
1527     0    0        f
1528     0    0        f
1529     0    0        f
1530     0    0        f
1531     0    0        f
1532     0    0        f
1533     0    0        f
1534     0    0        f
1535     0    0        f
1536     0    0        f
1537     0    0        f
1538     0    0        f
1539     0    0        f
1540     0    0        f
1541     0    0        f
1542     0    0        f
1543     0    0        f
1544     0    0        f
1545     0    0        f
1546     0    0        f
1547     0    0        f
1548     0    0        f
1549     0    0        f
1550     0    0        f
1551     0    0        f
1552     0    0        f
1553     0    0        f
1554     0    0        f
1555     0    0        f
1556     0    0        f
1557     0    0        f
1558     0    0        f
1559     0    0        f
1560     0    0        f
1561     0    0        f
1562     0    0        f
1563     0    0        f
1564     0    0        f
1565     0    0        f
1566     0    0        f
1567     0    0        f
1568     0    0        f
1569     0    0        f
1570     0    0        f
1571     0    0        f
1572     0    0        f
1573     0    0        f
1574     0    0        f
1575     0    0        f
1576     0    0        f
1577     0    0        f
1578     0    0        f
1579     0    0        f
1580     0    0        f
1581     0    0        f
1582     0    0        f
1583     0    0        f
1584     0    0        f
1585     0    0        f
1586     0    0        f
1587     0    0        f
1588     0    0        f
1589     0    0        f
1590     0    0        f
1591     0    0        f
1592     0    0        f
1593     0    0        f
1594     0    0        f
1595     0    0        f
1596     0    0        f
1597     0    0        f
1598     0    0        f
1599     0    0        f
1600     0    0        f
1601     0    0        f
1602     0    0        f
1603     0    0        f
1604     0    0        f
1605     0    0        f
1606     0    0        f
1607     0    0        f
1608     0    0        f
1609     0    0        f
1610     0    0        f
1611     0    0        f
1612     0    0        f
1613     0    0        r
1614     0    0        r
1615     0    0        f
1616     -71    -28        f
1617     -139    -55        f
1618     -202    -80        f
1619     -265    -105        f
1620     -324    -128        f
1621     -381    -150        f
1622     -381    -150        l
1623     -381    -150        l
1624     -381    -150        l
1625     -381    -150        f
1626     -306    -165        f
1627     -234    -178        f
1628     -165    -191        f
1629     -100    -202        f
1630     -37    -215        f
1631     22    -225        f
1632     79    -237        f
1633     133    -247        f
1634     185    -257        f
1635     235    -266        f
1636     283    -275        f
1637     328    -284        f
1638     371    -292        f
1639     413    -300        f
1640     451    -307        f
1641     490    -314        f
1642     526    -321        f
1643     560    -327        f
1644     593    -333        f
1645     624    -339        f
1646     654    -345        f
1647     683    -350        f
1648     710    -355        f
1649     736    -360        f
1650     761    -365        f
1651     785    -370        f
1652     808    -374        f
1653     828    -378        f
1654     850    -382        f
1655     869    -385        f
1656     888    -389        f
1657     907    -392        f
1658     924    -396        f
1659     940    -399        f
1660     956    -401        f
1661     971    -404        f
1662     985    -407        f
1663     999    -409        f
1664     1011    -412        f
1665     1025    -415        f
1666     1036    -417        f
1667     1048    -419        f
1668     1059    -421        f
1669     1069    -423        f
1670     1079    -425        f
1671     1089    -426        f
1672     1098    -428        f
1673     1106    -430        f
1674     1115    -430        f
1675     1122    -433        f
1676     1130    -434        f
1677     1137    -436        f
1678     1144    -437        f
1679     1151    -438        f
1680     1157    -438        f
1681     1163    -441        f
1682     1169    -442        f
1683     1174    -443        f
1684     1179    -444        f
1685     1184    -445        f
1686     1189    -445        f
1687     1193    -446        f
1688     1198    -447        f
1689     1202    -448        f
1690     1206    -449        f
1691     1210    -449        f
1692     1213    -450        f
1693     1217    -451        f
1694     1220    -451        f
1695     1223    -451        f
1696     1226    -451        f
1697     1229    -453        f
1698     1229    -453        r
1699     1229    -453        r
1700     1229    -453        r
1701     1229    -453        f
1702     1155    -434        f
1703     1084    -415        f
1704     1017    -398        f
1705     952    -381        f
1706     891    -365        f
1707     832    -349        f
1708     776    -335        f
1709     722    -321        f
1710     671    -307        f
1711     622    -294        f
1712     576    -282        f
1713     531    -271        f
1714     488    -259        f
1715     448    -249        f
1716     409    -239        f
1717     372    -229        f
1718     337    -220        f
1719     337    -220        r
1720     337    -220        r
1721     337    -220        r
1722     337    -220        r
1723     337    -220        r
1724     337    -220        r
1725     303    -211        f
1726     303    -211        r
1727     303    -211        r
1728     303    -211        r
1729     303    -211        r
1730     303    -211        r
1731     303    -211        r
1732     303    -211        r
1733     303    -211        r
1734     303    -211        r
1735     303    -211        f
1736     192    -109        f
1737     87    -12        f
1738     -13    79        f
1739     -109    167        f
1740     -200    252        f
1741     -289    332        f
1742     -373    409        f
1743     -453    483        f
1744     -530    553        f
1745     -603    620        f
1746     -673    684        f
1747     -739    745        f
1748     -802    803        f
1749     -864    859        f
1750     -922    913        f
1751     -977    964        f
1752     -1030    1011        f
1753     -1081    1059        f
1754     -1129    1103        f
1755     -1175    1146        f
1756     -1219    1186        f
1757     -1261    1225        f
1758     -1301    1262        f
1759     -1340    1297        f
1760     -1376    1331        f
1761     -1411    1363        f
1762     -1445    1393        f
1763     -1477    1423        f
1764     -1507    1451        f
1765     -1536    1478        f
1766     -1564    1503        f
1767     -1591    1527        f
1768     -1616    1551        f
1769     -1641    1573        f
1770     -1664    1594        f
1771     -1686    1614        f
1772     -1707    1634        f
1773     -1727    1652        f
1774     -1746    1670        f
1775     -1764    1687        f
1776     -1764    1687        r
1777     -1764    1687        r
1778     -1764    1687        l
1779     -1764    1687        l
1780     -1764    1687        l
1781     -1764    1687        l
1782     -1764    1687        l
1783     -1764    1687        f
1784     -1739    1555        f
1785     -1714    1428        f
1786     -1691    1307        f
1787     -1668    1192        f
1788     -1646    1082        f
1789     -1646    1082        l
1790     -1646    1082        l
1791     -1646    1082        l
1792     -1646    1082        f
1793     -1610    936        f
1794     -1576    797        f
1795     -1543    664        f
1796     -1511    538        f
1797     -1481    416        f
1798     -1452    301        f
1799     -1425    190        f
1800     -1398    85        f
1801     -1373    -15        f
1802     -1349    -111        f
1803     -1326    -202        f
1804     -1326    -202        l
1805     -1326    -202        l
1806     -1326    -202        l
1807     -1326    -202        l
1808     -1326    -202        l
1809     -1326    -202        l
1810     -1326    -202        l
1811     -1326    -202        l
1812     -1326    -202        f
1813     -1271    -297        f
1814     -1218    -387        f
1815     -1167    -473        f
1816     -1119    -556        f
1817     -1073    -634        f
1818     -1028    -709        f
1819     -986    -781        f
1820     -946    -850        f
1821     -908    -915        f
1822     -871    -977        f
1823     -836    -1037        f
1824     -802    -1094        f
1825     -770    -1148        f
1826     -740    -1200        f
1827     -710    -1250        f
1828     -683    -1297        f
1829     -656    -1342        f
1830     -630    -1385        f
1831     -606    -1427        f
1832     -583    -1466        f
1833     -561    -1504        f
1834     -540    -1539        f
1835     -519    -1574        f
1836     -500    -1607        f
1837     -480    -1638        f
1838     -480    -1638        r
1839     -480    -1638        r
1840     -480    -1638        r
1841     -480    -1638        r
1842     -480    -1638        r
1843     -480    -1638        r
1844     -480    -1638        r
1845     -480    -1638        r
1846     -480    -1638        r
1847     -463    -1668        f
1848     -463    -1668        r
1849     -463    -1668        r
1850     -463    -1668        r
1851     -447    -1696        f
1852     -447    -1696        r
1853     -447    -1696        r
1854     -447    -1696        f
1855     -519    -1672        f
1856     -589    -1648        f
1857     -655    -1626        f
1858     -718    -1605        f
1859     -718    -1605        l
1860     -718    -1605        l
1861     -718    -1605        l
1862     -718    -1605        l
1863     -718    -1605        l
1864     -718    -1605        f
1865     -626    -1512        f
1866     -539    -1423        f
1867     -455    -1338        f
1868     -375    -1257        f
1869     -299    -1179        f
1870     -225    -1106        f
1871     -157    -1035        f
1872     -90    -968        f
1873     -27    -902        f
1874     33    -842        f
1875     90    -783        f
1876     146    -727        f
1877     198    -674        f
1878     249    -623        f
1879     297    -574        f
1880     343    -527        f
1881     387    -483        f
1882     429    -440        f
1883     469    -400        f
1884     507    -361        f
1885     544    -324        f
1886     544    -324        l
1887     544    -324        l
1888     544    -324        l
1889     544    -324        f
1890     619    -311        f
1891     619    -311        r
1892     619    -311        r
1893     619    -311        f
1894     551    -276        f
1895     486    -243        f
1896     424    -212        f
1897     364    -181        f
1898     307    -153        f
1899     252    -125        f
1900     200    -99        f
1901     152    -74        f
1902     105    -50        f
1903     60    -27        f
1904     17    -5        f
1905     -23    15        f
1906     -62    35        f
1907     -100    54        f
1908     -135    72        f
1909     -169    89        f
1910     -202    106        f
1911     -233    121        f
1912     -263    137        f
1913     -291    151        f
1914     -318    165        f
1915     -344    178        f
1916     -369    190        f
1917     -393    202        f
1918     -415    214        f
1919     -437    225        f
1920     -457    235        f
1921     -476    245        f
1922     -496    254        f
1923     -514    264        f
1924     -531    272        f
1925     -531    272        l
1926     -531    272        f
1927     -408    234        f
1928     -290    198        f
1929     -178    163        f
1930     -70    129        f
1931     31    98        f
1932     129    67        f
1933     223    38        f
1934     312    11        f
1935     397    -15        f
1936     479    -40        f
1937     557    -64        f
1938     631    -87        f
1939     703    -109        f
1940     770    -130        f
1941     835    -150        f
1942     835    -150        r
1943     835    -150        r
1944     835    -150        r
1945     835    -150        r
1946     835    -150        r
1947     835    -150        r
1948     835    -150        r
1949     835    -150        r
1950     835    -150        r
1951     835    -150        r
1952     835    -150        f
1953     771    -101        f
1954     710    -53        f
1955     652    -7        f
1956     597    35        f
1957     544    77        f
1958     493    115        f
1959     445    154        f
1960     399    190        f
1961     354    225        f
1962     312    258        f
1963     272    290        f
1964     234    320        f
1965     197    349        f
1966     162    376        f
1967     129    401        f
1968     97    426        f
1969     67    451        f
1970     38    474        f
1971     10    496        f
1972     -16    517        f
1973     -41    537        f
1974     -65    556        f
1975     -65    556        r
1976     -65    556        f
1977     -134    523        f
1978     -200    492        f
1979     -263    462        f
1980     -324    433        f
1981     -381    405        f
1982     -436    380        f
1983     -488    355        f
1984     -538    331        f
1985     -586    308        f
1986     -632    287        f
1987     -675    266        f
1988     -717    246        f
1989     -757    227        f
1990     -795    209        f
1991     -831    192        f
1992     -865    175        f
1993     -898    160        f
1994     -930    145        f
1995     -960    130        f
1996     -989    117        f
1997     -1016    103        f
1998     -1043    91        f
1999     -1068    79        f
2000     -1092    68        f
2001     -1115    56        f
2002     -1136    46        f
2003     -1157    36        f
2004     -1177    27        f
2005     -1196    18        f
2006     -1214    9        f
2007     -1232    1        f
2008     -1248    -6        f
2009     -1264    -13        f
2010     -1279    -21        f
2011     -1294    -27        f
2012     -1308    -34        f
2013     -1321    -40        f
2014     -1333    -46        f
2015     -1345    -52        f
2016     -1357    -56        f
2017     -1368    -63        f
2018     -1378    -67        f
2019     -1388    -72        f
2020     -1398    -77        f
2021     -1398    -77        l
2022     -1398    -77        l
2023     -1398    -77        l
2024     -1398    -77        f
2025     -1333    -212        f
2026     -1270    -341        f
2027     -1211    -463        f
2028     -1154    -582        f
2029     -1100    -694        f
2030     -1048    -801        f
2031     -999    -903        f
2032     -952    -1001        f
2033     -907    -1095        f
2034     -864    -1184        f
2035     -822    -1269        f
2036     -783    -1350        f
2037     -746    -1428        f
2038     -710    -1502        f
2039     -676    -1572        f
2040     -643    -1639        f
2041     -612    -1704        f
2042     -582    -1766        f
2043     -553    -1825        f
2044     -526    -1880        f
2045     -500    -1934        f
2046     -476    -1985        f
2047     -451    -2034        f
2048     -429    -2081        f
2049     -408    -2126        f
2050     -387    -2168        f
2051     -367    -2209        f
2052     -349    -2248        f
2053     -331    -2285        f
2054     -314    -2320        f
2055     -297    -2354        f
2056     -282    -2387        f
2057     -267    -2418        f
2058     -252    -2447        f
2059     -239    -2475        f
2060     -225    -2502        f
2061     -214    -2528        f
2062     -202    -2553        f
2063     -191    -2576        f
2064     -180    -2599        f
2065     -170    -2620        f
2066     -160    -2641        f
2067     -150    -2660        f
2068     -141    -2679        f
2069     -133    -2697        f
2070     -125    -2714        f
2071     -117    -2730        f
2072     -109    -2745        f
2073     -102    -2760        f
2074     -95    -2774        f
2075     -89    -2788        f
2076     -83    -2801        f
2077     -77    -2813        f
2078     -71    -2825        f
2079     -66    -2836        f
2080     -61    -2847        f
2081     -56    -2857        f
2082     -51    -2867        f
2083     -46    -2876        f
2084     -42    -2885        f
2085     -38    -2894        f
2086     -34    -2902        f
2087     -30    -2910        f
2088     -27    -2917        f
2089     -23    -2924        f
2090     -20    -2931        f
2091     -17    -2937        f
2092     -14    -2944        f
2093     -11    -2949        f
2094     -9    -2955        f
2095     -6    -2961        f
2096     -3    -2966        f
2097     -1    -2971        f
2098     0    -2975        f
2099     2    -2980        f
2100     2    -2980        r
2101     2    -2980        r
2102     2    -2980        r
2103     2    -2980        r
2104     2    -2980        r
2105     2    -2980        f
2106     -62    -2940        f
2107     -125    -2903        f
2108     -185    -2867        f
2109     -242    -2832        f
2110     -296    -2799        f
2111     -348    -2768        f
2112     -398    -2738        f
2113     -446    -2710        f
2114     -491    -2682        f
2115     -534    -2656        f
2116     -576    -2631        f
2117     -615    -2607        f
2118     -653    -2585        f
2119     -689    -2563        f
2120     -723    -2542        f
2121     -756    -2523        f
2122     -788    -2504        f
2123     -818    -2486        f
2124     -846    -2468        f
2125     -874    -2452        f
2126     -900    -2436        f
2127     -924    -2421        f
2128     -948    -2407        f
2129     -971    -2393        f
2130     -993    -2380        f
2131     -1013    -2368        f
2132     -1033    -2356        f
2133     -1052    -2345        f
2134     -1070    -2334        f
2135     -1087    -2323        f
2136     -1104    -2313        f
2137     -1119    -2304        f
2138     -1134    -2295        f
2139     -1149    -2286        f
2140     -1149    -2286        l
2141     -1149    -2286        l
2142     -1149    -2286        l
2143     -1149    -2286        f
2144     -1021    -2207        f
2145     -899    -2132        f
2146     -783    -2060        f
2147     -672    -1991        f
2148     -566    -1925        f
2149     -463    -1862        f
2150     -367    -1802        f
2151     -275    -1744        f
2152     -186    -1689        f
2153     -102    -1637        f
2154     -21    -1587        f
2155     55    -1540        f
2156     128    -1494        f
2157     198    -1451        f
2158     265    -1409        f
2159     329    -1369        f
2160     390    -1332        f
2161     449    -1295        f
2162     505    -1261        f
2163     558    -1228        f
2164     609    -1197        f
2165     658    -1167        f
2166     704    -1138        f
2167     749    -1110        f
2168     791    -1084        f
2169     831    -1059        f
2170     869    -1036        f
2171     907    -1013        f
2172     942    -991        f
2173     976    -969        f
2174     1008    -950        f
2175     1039    -931        f
2176     1068    -913        f
2177     1096    -896        f
2178     1123    -878        f
2179     1148    -864        f
2180     1173    -849        f
2181     1196    -834        f
2182     1196    -834        r
2183     1196    -834        r
2184     1196    -834        f
2185     1136    -766        f
2186     1078    -700        f
2187     1022    -638        f
2188     969    -578        f
2189     919    -521        f
2190     871    -467        f
2191     825    -415        f
2192     781    -365        f
2193     738    -318        f
2194     698    -272        f
2195     660    -229        f
2196     623    -188        f
2197     588    -148        f
2198     555    -111        f
2199     523    -75        f
2200     493    -40        f
2201     463    -7        f
2202     436    23        f
2203     409    53        f
2204     384    82        f
2205     384    82        r
2206     384    82        r
2207     360    109        f
2208     360    109        r
2209     360    109        r
2210     337    135        f
2211     337    135        r
2212     337    135        r
2213     337    135        r
2214     314    160        f
2215     314    160        r
2216     314    160        f
2217     243    188        f
2218     175    215        f
2219     110    240        f
2220     48    265        f
2221     -10    288        f
2222     -66    310        f
2223     -120    331        f
2224     -171    351        f
2225     -220    371        f
2226     -267    389        f
2227     -312    407        f
2228     -355    424        f
2229     -396    440        f
2230     -434    455        f
2231     -434    455        l
2232     -434    455        l
2233     -434    455        l
2234     -434    455        l
2235     -434    455        l
2236     -434    455        l
2237     -434    455        l
2238     -434    455        l
2239     -434    455        l
2240     -472    470        f
2241     -472    470        l
2242     -472    470        f
2243     -396    461        f
2244     -323    453        f
2245     -254    445        f
2246     -188    437        f
2247     -125    430        f
2248     -64    423        f
2249     -6    416        f
2250     48    409        f
2251     100    404        f
2252     151    398        f
2253     198    392        f
2254     244    387        f
2255     288    382        f
2256     330    377        f
2257     370    373        f
2258     408    368        f
2259     444    364        f
2260     479    360        f
2261     512    356        f
2262     543    353        f
2263     574    349        f
2264     603    346        f
2265     630    343        f
2266     657    340        f
2267     682    337        f
2268     706    334        f
2269     729    331        f
2270     751    329        f
2271     772    326        f
2272     792    324        f
2273     811    322        f
2274     828    320        f
2275     846    318        f
2276     863    316        f
2277     878    314        f
2278     878    314        l
2279     878    314        l
2280     878    314        l
2281     878    314        f
2282     952    293        f
2283     1023    272        f
2284     1090    252        f
2285     1154    234        f
2286     1215    217        f
2287     1273    200        f
2288     1329    184        f
2289     1382    168        f
2290     1433    154        f
2291     1481    140        f
2292     1528    126        f
2293     1572    112        f
2294     1614    101        f
2295     1655    89        f
2296     1694    78        f
2297     1730    68        f
2298     1766    56        f
2299     1798    48        f
2300     1830    38        f
2301     1862    30        f
2302     1891    21        f
2303     1919    13        f
2304     1946    5        f
2305     1971    -1        f
2306     1995    -8        f
2307     2019    -15        f
2308     2041    -21        f
2309     2062    -28        f
2310     2082    -33        f
2311     2102    -39        f
2312     2120    -44        f
2313     2138    -50        f
2314     2155    -54        f
2315     2171    -59        f
2316     2186    -64        f
2317     2201    -68        f
2318     2215    -72        f
2319     2228    -76        f
2320     2241    -79        f
2321     2253    -83        f
2322     2265    -86        f
2323     2276    -90        f
2324     2286    -93        f
2325     2297    -96        f
2326     2306    -98        f
2327     2315    -101        f
2328     2324    -104        f
2329     2333    -106        f
2330     2341    -109        f
2331     2349    -111        f
2332     2356    -112        f
2333     2363    -114        f
2334     2370    -117        f
2335     2376    -119        f
2336     2382    -120        f
2337     2388    -122        f
2338     2394    -124        f
2339     2399    -125        f
2340     2399    -125        r
2341     2399    -125        r
2342     2399    -125        r
2343     2399    -125        f
2344     2252    -96        f
2345     2112    -67        f
2346     1977    -40        f
2347     1848    -14        f
2348     1727    10        f
2349     1610    34        f
2350     1498    56        f
2351     1392    78        f
2352     1290    98        f
2353     1193    118        f
2354     1100    137        f
2355     1011    155        f
2356     927    172        f
2357     846    188        f
2358     769    204        f
2359     695    219        f
2360     625    233        f
2361     558    247        f
2362     494    260        f
2363     432    272        f
2364     374    284        f
2365     318    296        f
2366     264    306        f
2367     213    317        f
2368     165    327        f
2369     118    336        f
2370     118    336        r
2371     74    345        f
2372     74    345        r
2373     74    345        f
2374     6    211        f
2375     -56    83        f
2376     -119    -38        f
2377     -177    -155        f
2378     -233    -266        f
2379     -287    -372        f
2380     -338    -474        f
2381     -387    -571        f
2382     -433    -663        f
2383     -478    -752        f
2384     -520    -836        f
2385     -561    -917        f
2386     -600    -994        f
2387     -637    -1068        f
2388     -672    -1138        f
2389     -706    -1206        f
2390     -738    -1270        f
2391     -769    -1331        f
2392     -798    -1390        f
2393     -826    -1446        f
2394     -852    -1500        f
2395     -878    -1551        f
2396     -902    -1600        f
2397     -927    -1646        f
2398     -949    -1691        f
2399     -969    -1732        f
