step   ball_X    ball_Y    side
0     0    0        f
0     0    0        f
0     0    0        f
0     0    0        f
0     0    0        f
0     0    0        f
0     0    0        f
0     0    0        f
0     0    0        f
0     0    0        f
0     0    0        f
0     0    0        f
0     0    0        f
0     0    0        f
0     0    0        f
0     0    0        f
0     0    0        f
0     0    0        f
0     0    0        f
0     0    0        f
0     0    0        f
0     0    0        f
0     0    0        f
0     0    0        f
0     0    0        f
0     0    0        f
0     0    0        f
0     0    0        f
0     0    0        f
0     0    0        f
0     0    0        f
0     0    0        f
0     0    0        f
0     0    0        f
0     0    0        f
0     0    0        f
0     0    0        f
0     0    0        f
0     0    0        f
0     0    0        f
0     0    0        f
0     0    0        f
0     0    0        f
0     0    0        f
0     0    0        f
0     0    0        f
0     0    0        f
0     0    0        f
0     0    0        f
0     0    0        f
0     0    0        f
0     0    0        f
0     0    0        f
0     0    0        f
0     0    0        f
0     0    0        f
0     0    0        f
0     0    0        f
0     0    0        f
0     0    0        f
0     0    0        f
0     0    0        f
0     0    0        f
0     0    0        f
0     0    0        f
0     0    0        f
0     0    0        f
0     0    0        f
0     0    0        f
0     0    0        f
0     0    0        f
0     0    0        f
0     0    0        f
0     0    0        f
0     0    0        f
0     0    0        f
0     0    0        f
0     0    0        f
0     0    0        f
0     0    0        f
0     0    0        f
0     0    0        f
0     0    0        f
0     0    0        f
0     0    0        f
0     0    0        f
0     0    0        f
0     0    0        f
0     0    0        f
0     0    0        f
0     0    0        f
0     0    0        f
0     0    0        f
0     0    0        f
0     0    0        f
0     0    0        f
0     0    0        f
0     0    0        f
0     0    0        f
0     0    0        f
0     0    0        f
1     0    0        f
2     0    0        f
3     0    0        f
4     0    0        f
5     0    0        f
6     0    0        f
7     0    0        f
8     0    0        f
9     0    0        f
10     0    0        f
11     0    0        f
12     0    0        f
13     0    0        f
14     0    0        f
15     0    0        f
16     0    0        f
17     0    0        f
18     0    0        f
19     0    0        f
20     0    0        f
21     0    0        f
22     0    0        f
23     0    0        f
24     0    0        f
25     0    0        f
26     0    0        f
27     0    0        f
28     0    0        f
29     0    0        f
30     0    0        f
31     0    0        f
32     0    0        f
33     0    0        f
34     0    0        f
35     0    0        f
36     0    0        f
37     0    0        f
38     0    0        f
39     0    0        f
40     0    0        f
41     0    0        f
42     0    0        f
43     0    0        f
44     0    0        f
45     0    0        f
46     0    0        f
47     0    0        f
48     0    0        f
49     0    0        f
50     0    0        f
51     0    0        f
52     0    0        f
53     0    0        f
54     0    0        f
55     0    0        f
56     0    0        f
57     0    0        f
58     0    0        f
59     0    0        f
60     0    0        f
61     0    0        f
62     0    0        f
63     0    0        f
64     0    0        f
65     0    0        f
66     0    0        f
67     0    0        f
68     0    0        f
69     0    0        f
70     0    0        f
71     0    0        f
72     0    0        f
73     0    0        f
74     0    0        f
75     0    0        f
76     0    0        f
77     0    0        f
78     0    0        f
79     0    0        f
80     0    0        f
81     0    0        f
82     0    0        f
83     0    0        f
84     0    0        f
85     0    0        f
86     0    0        f
87     0    0        f
88     0    0        f
89     0    0        f
90     0    0        f
91     0    0        f
92     0    0        f
93     0    0        f
94     0    0        f
95     0    0        f
96     0    0        f
97     0    0        f
98     0    0        f
99     0    0        f
100     0    0        f
101     0    0        f
102     0    0        f
103     0    0        f
104     0    0        f
105     0    0        f
106     0    0        f
107     0    0        l
108     0    0        l
109     0    0        l
110     0    0        l
111     0    0        l
112     0    0        l
113     0    0        l
114     0    0        l
115     0    0        l
116     0    0        l
117     0    0        l
118     0    0        f
119     74    15        f
120     146    30        f
121     146    30        r
122     146    30        r
123     146    30        r
124     146    30        f
125     74    56        f
126     5    81        f
127     -59    104        f
128     -122    127        f
129     -182    148        f
130     -239    169        f
131     -293    189        f
132     -346    208        f
133     -395    225        f
134     -443    243        f
135     -488    259        f
136     -531    275        f
137     -573    290        f
138     -612    304        f
139     -650    318        f
140     -686    331        f
141     -721    343        f
142     -754    355        f
143     -785    366        f
144     -815    377        f
145     -844    387        f
146     -871    397        f
147     -897    407        f
148     -922    416        f
149     -946    424        f
150     -969    433        f
151     -991    440        f
152     -1011    448        f
153     -1031    455        f
154     -1050    462        f
155     -1068    468        f
156     -1086    475        f
157     -1102    480        f
158     -1118    486        f
159     -1133    492        f
160     -1147    497        f
161     -1161    501        f
162     -1174    507        f
163     -1187    511        f
164     -1198    516        f
165     -1210    520        f
166     -1221    524        f
167     -1231    527        f
168     -1241    531        f
169     -1251    534        f
170     -1260    538        f
171     -1268    541        f
172     -1277    544        f
173     -1284    547        f
174     -1292    549        f
175     -1299    552        f
176     -1306    554        f
177     -1313    557        f
178     -1319    559        f
179     -1325    561        f
180     -1331    563        f
181     -1336    565        f
182     -1341    567        f
183     -1346    569        f
184     -1351    571        f
185     -1356    572        f
186     -1360    574        f
187     -1364    575        f
188     -1368    577        f
189     -1372    578        f
190     -1376    579        f
191     -1379    581        f
192     -1382    582        f
193     -1386    583        f
194     -1389    584        f
195     -1389    584        r
196     -1389    584        r
197     -1389    584        f
198     -1389    584        f
199     -1389    584        f
200     -1389    584        f
201     -1389    584        f
202     -1389    584        l
203     -1389    584        l
204     -1389    584        l
205     -1389    584        f
206     -1326    642        f
207     -1266    698        f
208     -1209    751        f
209     -1154    801        f
210     -1102    849        f
211     -1052    896        f
212     -1003    940        f
213     -959    982        f
214     -915    1022        f
215     -874    1060        f
216     -834    1097        f
217     -796    1132        f
218     -760    1165        f
219     -725    1197        f
220     -692    1228        f
221     -661    1257        f
222     -631    1285        f
223     -602    1311        f
224     -575    1337        f
225     -549    1361        f
226     -524    1384        f
227     -500    1406        f
228     -476    1427        f
229     -455    1448        f
230     -434    1467        f
231     -415    1485        f
232     -396    1503        f
233     -377    1520        f
234     -360    1536        f
235     -343    1551        f
236     -328    1566        f
237     -313    1580        f
238     -298    1593        f
239     -284    1605        f
240     -271    1618        f
241     -259    1629        f
242     -247    1641        f
243     -235    1651        f
244     -224    1661        f
245     -214    1671        f
246     -204    1680        f
247     -194    1689        f
248     -194    1689        l
249     -194    1689        l
250     -194    1689        l
251     -194    1689        f
252     -85    1792        f
253     -85    1792        r
254     -85    1792        r
255     -85    1792        r
256     -85    1792        f
257     -85    1792        f
258     -85    1792        f
259     -85    1792        f
260     -85    1792        f
261     -85    1792        f
262     -85    1792        f
263     -85    1792        f
264     -85    1792        f
265     -85    1792        f
266     -85    1792        f
267     -85    1792        f
268     -85    1792        f
269     -85    1792        f
270     -85    1792        f
271     -85    1792        f
272     -85    1792        f
273     -85    1792        f
274     -85    1792        f
275     -85    1792        f
276     -85    1792        f
277     -85    1792        f
278     -85    1792        f
279     -85    1792        f
280     -85    1792        f
281     -85    1792        f
282     -85    1792        f
283     -85    1792        f
284     -85    1792        f
285     -85    1792        f
286     -85    1792        f
287     -85    1792        f
288     -85    1792        f
289     -85    1792        f
290     -85    1792        f
291     -85    1792        f
292     -85    1792        f
293     -85    1792        f
294     -85    1792        f
295     -85    1792        f
296     -85    1792        f
297     -85    1792        f
298     -85    1792        f
299     -85    1792        f
300     -85    1792        l
301     -85    1792        l
302     -85    1792        l
303     -85    1792        f
304     46    1864        f
305     172    1932        f
306     292    1998        f
307     407    2060        f
308     516    2120        f
309     621    2177        f
310     721    2232        f
311     816    2284        f
312     907    2333        f
313     994    2381        f
314     1077    2426        f
315     1157    2469        f
316     1232    2511        f
317     1305    2550        f
318     1374    2588        f
319     1440    2624        f
320     1503    2658        f
321     1563    2691        f
322     1621    2723        f
323     1676    2753        f
324     1728    2781        f
325     1778    2808        f
326     1826    2835        f
327     1872    2859        f
328     1916    2883        f
329     1957    2906        f
330     1997    2928        f
331     2035    2948        f
332     2072    2968        f
333     2106    2987        f
334     2140    3005        f
335     2171    3022        f
336     2202    3039        f
337     2230    3055        f
338     2258    3070        f
339     2284    3084        f
340     2310    3098        f
341     2334    3111        f
342     2357    3123        f
343     2379    3135        f
344     2400    3147        f
345     2420    3158        f
346     2439    3168        f
347     2457    3178        f
348     2475    3187        f
349     2492    3197        f
350     2507    3204        f
351     2523    3213        f
352     2537    3221        f
353     2551    3229        f
354     2565    3236        f
355     2577    3243        f
356     2589    3250        f
357     2601    3256        f
358     2612    3261        f
359     2623    3268        f
360     2633    3272        f
361     2642    3278        f
362     2652    3283        f
363     2660    3288        f
364     2669    3293        f
365     2677    3297        f
366     2684    3301        f
367     2684    3250        f
368     2684    3250        f
369     2684    3250        f
370     2684    3250        f
371     2684    3250        f
372     2684    3250        f
373     2684    3250        f
374     2684    3250        f
375     2684    3250        r
376     2684    3250        r
377     2684    3250        r
378     2684    3250        f
379     2616    3218        f
380     2552    3187        f
381     2490    3158        f
382     2430    3131        f
383     2374    3104        f
384     2320    3079        f
385     2269    3055        f
386     2219    3032        f
387     2172    3010        f
388     2172    3010        l
389     2172    3010        l
390     2172    3010        f
391     2234    2964        f
392     2293    2921        f
393     2349    2879        f
394     2402    2840        f
395     2453    2802        f
396     2502    2766        f
397     2549    2731        f
398     2593    2698        f
399     2636    2667        f
400     2677    2637        f
401     2716    2608        f
402     2753    2580        f
403     2788    2554        f
404     2822    2529        f
405     2854    2505        f
406     2885    2483        f
407     2915    2461        f
408     2943    2440        f
409     2970    2420        f
410     2996    2401        f
411     3020    2383        f
412     3044    2366        f
413     3066    2349        f
414     3087    2334        f
415     3108    2319        f
416     3127    2304        f
417     3146    2290        f
418     3164    2277        f
419     3181    2265        f
420     3197    2253        f
421     3211    2241        f
422     3227    2231        f
423     3240    2220        f
424     3254    2210        f
425     3268    2201        f
426     3279    2192        f
427     3292    2183        f
428     3303    2175        f
429     3313    2167        f
430     3324    2159        f
431     3333    2152        f
432     3343    2145        f
433     3352    2139        f
434     3360    2132        f
435     3368    2126        f
436     3376    2121        f
437     3383    2115        f
438     3390    2110        f
439     3397    2105        f
440     3404    2100        f
441     3410    2096        f
442     3415    2091        f
443     3421    2087        f
444     3427    2083        f
445     3432    2079        f
446     3436    2076        f
447     3440    2072        f
448     3446    2069        f
449     3450    2066        f
450     3454    2063        f
451     3458    2060        f
452     3461    2057        f
453     3465    2055        f
454     3469    2052        f
455     3472    2050        f
456     3475    2047        f
457     3478    2045        f
458     3481    2043        f
459     3483    2041        f
460     3486    2039        f
461     3488    2037        f
462     3490    2036        f
463     3493    2034        f
464     3495    2032        f
465     3497    2030        f
466     3499    2030        f
467     3501    2028        f
468     3503    2027        f
469     3503    2027        r
470     3503    2027        r
471     3503    2027        r
472     3503    2027        f
473     3427    2038        f
474     3354    2050        f
475     3286    2060        f
476     3220    2070        f
477     3220    2070        l
478     3220    2070        l
479     3220    2070        f
480     3324    1962        f
481     3424    1859        f
482     3518    1761        f
483     3609    1666        f
484     3696    1576        f
485     3778    1491        f
486     3857    1408        f
487     3933    1330        f
488     4004    1255        f
489     4072    1184        f
490     4139    1115        f
491     4201    1050        f
492     4261    988        f
493     4318    928        f
494     4372    872        f
495     4425    818        f
496     4474    766        f
497     4522    717        f
498     4567    670        f
499     4567    670        r
500     4567    670        r
501     4567    670        r
502     4567    670        f
503     4417    673        f
504     4274    675        f
505     4137    678        f
506     4007    681        f
507     3882    683        f
508     3763    686        f
509     3649    688        f
510     3540    690        f
511     3436    692        f
512     3336    694        f
513     3243    696        f
514     3152    698        f
515     3066    699        f
516     2983    701        f
517     2904    703        f
518     2829    704        f
519     2757    706        f
520     2688    707        f
521     2623    708        f
522     2560    709        f
523     2500    711        f
524     2443    712        f
525     2389    713        f
526     2337    714        f
527     2287    715        f
528     2240    716        f
529     2194    717        f
530     2151    718        f
531     2110    718        f
532     2070    719        f
533     2032    720        f
534     1997    721        f
535     1962    721        f
536     1930    722        f
537     1898    723        f
538     1869    723        f
539     1839    724        f
540     1813    724        f
541     1787    725        f
542     1762    725        f
543     1738    726        f
544     1714    726        f
545     1694    727        f
546     1673    727        f
547     1653    728        f
548     1634    728        f
549     1616    728        f
550     1599    729        f
551     1583    729        f
552     1567    729        f
553     1552    730        f
554     1538    730        f
555     1524    730        f
556     1511    730        f
557     1498    731        f
558     1487    731        f
559     1475    731        f
560     1464    731        f
561     1454    731        f
562     1444    732        f
563     1435    732        f
564     1426    732        f
565     1417    732        f
566     1409    732        f
567     1401    733        f
568     1394    733        f
569     1386    733        f
570     1380    733        f
571     1373    733        f
572     1367    733        f
573     1367    733        r
574     1367    733        r
575     1367    733        r
576     1367    733        f
577     1294    708        f
578     1225    685        f
579     1159    662        f
580     1096    641        f
581     1036    620        f
582     978    601        f
583     924    582        f
584     871    564        f
585     821    547        f
586     774    531        f
587     728    515        f
588     684    500        f
589     643    486        f
590     603    472        f
591     565    459        f
592     529    447        f
593     494    434        f
594     461    424        f
595     430    413        f
596     399    403        f
597     371    393        f
598     343    383        f
599     317    374        f
600     292    366        f
601     268    358        f
602     245    350        f
603     223    342        f
604     202    335        f
605     182    328        f
606     163    322        f
607     145    316        f
608     128    310        f
609     111    304        f
610     95    299        f
611     80    293        f
612     66    288        f
613     52    284        f
614     39    279        f
615     26    275        f
616     14    271        f
617     3    267        f
618     -7    263        f
619     -17    259        f
620     -27    256        f
621     -37    252        f
622     -46    250        f
623     -55    247        f
624     -63    244        f
625     -71    241        f
626     -78    239        f
627     -86    236        f
628     -92    234        f
629     -99    231        f
630     -105    229        f
631     -111    227        f
632     -117    225        f
633     -117    225        l
634     -117    225        l
635     -117    225        l
636     -117    225        f
637     -41    236        f
638     30    247        f
639     99    257        f
640     165    267        f
641     227    276        f
642     288    285        f
643     345    293        f
644     400    301        f
645     451    309        f
646     501    316        f
647     550    323        f
648     596    330        f
649     639    337        f
650     681    343        f
651     721    349        f
652     759    354        f
653     795    359        f
654     828    365        f
655     861    369        f
656     894    374        f
657     924    379        f
658     952    383        f
659     980    387        f
660     1007    391        f
661     1032    394        f
662     1056    398        f
663     1079    401        f
664     1101    404        f
665     1122    408        f
666     1141    409        f
667     1161    413        f
668     1179    416        f
669     1196    418        f
670     1213    421        f
671     1228    423        f
672     1244    425        f
673     1258    428        f
674     1272    430        f
675     1285    432        f
676     1297    433        f
677     1309    434        f
678     1321    437        f
679     1332    438        f
680     1342    440        f
681     1352    442        f
682     1362    443        f
683     1371    444        f
684     1380    446        f
685     1388    447        f
686     1396    448        f
687     1396    448        r
688     1396    448        r
689     1396    448        f
690     1321    430        f
691     1250    415        f
692     1182    400        f
693     1117    386        f
694     1055    372        f
695     996    359        f
696     939    346        f
697     885    334        f
698     833    322        f
699     784    311        f
700     737    301        f
701     737    301        l
702     737    301        f
703     814    298        f
704     886    295        f
705     956    293        f
706     1023    290        f
707     1086    288        f
708     1147    286        f
709     1205    284        f
710     1260    282        f
711     1312    280        f
712     1363    278        f
713     1411    276        f
714     1457    275        f
715     1501    273        f
716     1542    271        f
717     1582    270        f
718     1621    269        f
719     1657    267        f
720     1692    266        f
721     1725    265        f
722     1757    264        f
723     1788    263        f
724     1817    262        f
725     1844    261        f
726     1871    260        f
727     1896    259        f
728     1920    258        f
729     1943    257        f
730     1964    256        f
731     1986    254        f
732     2005    254        f
733     2025    254        f
734     2043    252        f
735     2061    252        f
736     2077    252        f
737     2093    252        f
738     2109    250        f
739     2123    250        f
740     2137    250        f
741     2150    249        f
742     2163    249        f
743     2175    249        f
744     2186    248        f
745     2197    248        f
746     2208    247        f
747     2218    247        f
748     2227    247        f
749     2236    246        f
750     2245    246        f
751     2253    246        f
752     2261    245        f
753     2269    245        f
754     2276    245        f
755     2283    245        f
756     2290    244        f
757     2296    244        f
758     2302    244        f
759     2308    244        f
760     2313    243        f
761     2313    243        r
762     2313    243        r
763     2313    243        f
764     2242    271        f
765     2173    296        f
766     2108    321        f
767     2046    345        f
768     1986    367        f
769     1986    367        l
770     1986    367        l
771     1986    367        l
772     1986    367        f
773     2136    351        f
774     2278    336        f
775     2414    321        f
776     2544    308        f
777     2669    294        f
778     2787    282        f
779     2900    269        f
780     3008    258        f
781     3111    247        f
782     3210    236        f
783     3304    225        f
784     3393    217        f
785     3479    206        f
786     3561    199        f
787     3639    190        f
788     3713    182        f
789     3784    175        f
790     3852    167        f
791     3917    160        f
792     3979    154        f
793     4039    147        f
794     4095    141        f
795     4150    135        f
796     4201    130        f
797     4251    125        f
798     4251    125        r
799     4251    125        f
800     4101    127        f
801     3957    129        f
802     3820    130        f
803     3690    132        f
804     3564    134        f
805     3445    136        f
806     3331    137        f
807     3222    139        f
808     3117    140        f
809     3018    141        f
810     2923    143        f
811     2832    144        f
812     2745    145        f
813     2662    146        f
814     2583    147        f
815     2508    148        f
816     2436    149        f
817     2367    150        f
818     2301    151        f
819     2238    152        f
820     2178    153        f
821     2121    154        f
822     2066    154        f
823     2014    155        f
824     1964    156        f
825     1917    156        f
826     1871    157        f
827     1827    158        f
828     1786    158        f
829     1746    159        f
830     1707    159        f
831     1672    160        f
832     1637    160        f
833     1604    161        f
834     1573    161        f
835     1543    161        f
836     1514    162        f
837     1486    162        f
838     1460    163        f
839     1435    163        f
840     1411    163        f
841     1388    164        f
842     1366    164        f
843     1345    164        f
844     1325    164        f
845     1306    165        f
846     1288    165        f
847     1271    165        f
848     1254    165        f
849     1238    166        f
850     1223    166        f
851     1209    166        f
852     1195    166        f
853     1182    166        f
854     1169    166        f
855     1157    167        f
856     1146    167        f
857     1135    167        f
858     1124    167        f
859     1114    167        f
860     1105    167        f
861     1095    167        f
862     1087    168        f
863     1078    168        f
864     1071    168        f
865     1063    168        f
866     1056    168        f
867     1049    168        f
868     1049    168        l
869     1049    168        l
870     1049    168        l
871     1049    168        f
872     1125    167        f
873     1198    165        f
874     1268    164        f
875     1335    162        f
876     1398    161        f
877     1459    160        f
878     1517    159        f
879     1573    158        f
880     1626    157        f
881     1676    156        f
882     1725    155        f
883     1771    154        f
884     1814    153        f
885     1857    152        f
886     1898    151        f
887     1936    150        f
888     1973    150        f
889     2007    149        f
890     2042    148        f
891     2074    148        f
892     2104    147        f
893     2133    146        f
894     2161    146        f
895     2188    145        f
896     2213    145        f
897     2238    144        f
898     2261    144        f
899     2283    143        f
900     2305    143        f
901     2325    143        f
902     2344    142        f
903     2363    142        f
904     2380    141        f
905     2397    141        f
906     2413    141        f
907     2429    140        f
908     2443    140        f
909     2457    140        f
910     2471    140        f
911     2484    139        f
912     2496    139        f
913     2507    139        f
914     2519    139        f
915     2519    139        r
916     2519    139        r
917     2519    139        r
918     2519    139        f
919     2451    175        f
920     2387    209        f
921     2325    242        f
922     2266    274        f
923     2210    304        f
924     2210    304        l
925     2210    304        l
926     2210    304        f
927     2359    288        f
928     2502    273        f
929     2638    258        f
930     2768    245        f
931     2891    231        f
932     3010    219        f
933     3123    206        f
934     3229    196        f
935     3229    196        r
936     3229    196        f
937     3157    173        f
938     3088    151        f
939     3021    131        f
940     2957    111        f
941     2897    92        f
942     2839    74        f
943     2784    56        f
944     2731    40        f
945     2680    25        f
946     2632    10        f
947     2586    -4        f
948     2542    -17        f
949     2500    -30        f
950     2460    -43        f
951     2422    -55        f
952     2385    -66        f
953     2350    -77        f
954     2317    -87        f
955     2285    -97        f
956     2254    -107        f
957     2225    -115        f
958     2198    -124        f
959     2171    -132        f
960     2146    -140        f
961     2122    -148        f
962     2099    -155        f
963     2077    -162        f
964     2056    -168        f
965     2036    -175        f
966     2017    -181        f
967     1998    -186        f
968     1980    -192        f
969     1964    -197        f
970     1948    -202        f
971     1932    -206        f
972     1919    -211        f
973     1905    -215        f
974     1892    -220        f
975     1879    -224        f
976     1867    -227        f
977     1855    -231        f
978     1844    -234        f
979     1834    -238        f
980     1823    -241        f
981     1814    -244        f
982     1805    -247        f
983     1796    -249        f
984     1788    -252        f
985     1780    -254        f
986     1772    -257        f
987     1764    -259        f
988     1757    -261        f
989     1751    -263        f
990     1745    -265        f
991     1739    -267        f
992     1732    -269        f
993     1732    -269        l
994     1732    -269        l
995     1732    -269        f
996     1882    -265        f
997     1882    -265        r
998     1882    -265        f
999     1807    -273        f
1000     1734    -281        f
1001     1664    -288        f
1002     1598    -295        f
1003     1535    -302        f
1004     1475    -308        f
1005     1417    -314        f
1006     1362    -320        f
1007     1310    -325        f
1008     1259    -331        f
1009     1212    -336        f
1010     1166    -340        f
1011     1122    -345        f
1012     1081    -349        f
1013     1041    -353        f
1014     1002    -357        f
1015     966    -361        f
1016     932    -365        f
1017     899    -368        f
1018     867    -372        f
1019     836    -375        f
1020     808    -378        f
1021     780    -381        f
1022     754    -383        f
1023     729    -386        f
1024     705    -389        f
1025     682    -391        f
1026     660    -393        f
1027     639    -395        f
1028     619    -398        f
1029     600    -400        f
1030     582    -401        f
1031     565    -403        f
1032     548    -405        f
1033     532    -407        f
1034     517    -408        f
1035     503    -409        f
1036     488    -411        f
1037     476    -413        f
1038     463    -413        f
1039     451    -415        f
1040     440    -416        f
1041     429    -418        f
1042     418    -419        f
1043     408    -420        f
1044     399    -421        f
1045     389    -422        f
1046     389    -422        l
1047     389    -422        l
1048     389    -422        l
1049     389    -422        f
1050     463    -403        f
1051     534    -384        f
1052     534    -384        r
1053     534    -384        r
1054     534    -384        f
1055     433    -451        f
1056     337    -516        f
1057     244    -578        f
1058     156    -637        f
1059     72    -693        f
1060     -7    -746        f
1061     -84    -797        f
1062     -157    -846        f
1063     -227    -893        f
1064     -294    -936        f
1065     -358    -980        f
1066     -419    -1021        f
1067     -476    -1059        f
1068     -533    -1096        f
1069     -586    -1132        f
1070     -637    -1166        f
1071     -685    -1198        f
1072     -732    -1229        f
1073     -776    -1258        f
1074     -818    -1286        f
1075     -858    -1313        f
1076     -897    -1339        f
1077     -934    -1363        f
1078     -969    -1386        f
1079     -1002    -1409        f
1080     -1034    -1430        f
1081     -1065    -1450        f
1082     -1094    -1470        f
1083     -1122    -1488        f
1084     -1149    -1506        f
1085     -1174    -1523        f
1086     -1199    -1539        f
1087     -1222    -1554        f
1088     -1244    -1569        f
1089     -1265    -1583        f
1090     -1285    -1596        f
1091     -1305    -1609        f
1092     -1323    -1621        f
1093     -1341    -1632        f
1094     -1357    -1644        f
1095     -1373    -1655        f
1096     -1389    -1664        f
1097     -1403    -1673        f
1098     -1417    -1684        f
1099     -1430    -1693        f
1100     -1443    -1701        f
1101     -1455    -1709        f
1102     -1467    -1717        f
1103     -1478    -1723        f
1104     -1489    -1730        f
1105     -1489    -1730        l
1106     -1489    -1730        l
1107     -1489    -1730        l
1108     -1489    -1730        f
1109     -1414    -1714        f
1110     -1343    -1697        f
1111     -1275    -1682        f
1112     -1210    -1667        f
1113     -1148    -1652        f
1114     -1089    -1639        f
1115     -1032    -1626        f
1116     -977    -1613        f
1117     -927    -1601        f
1118     -877    -1590        f
1119     -830    -1579        f
1120     -785    -1569        f
1121     -743    -1559        f
1122     -702    -1549        f
1123     -663    -1540        f
1124     -625    -1532        f
1125     -590    -1524        f
1126     -555    -1516        f
1127     -523    -1508        f
1128     -492    -1501        f
1129     -462    -1494        f
1130     -434    -1488        f
1131     -407    -1482        f
1132     -407    -1482        r
1133     -407    -1482        r
1134     -407    -1482        f
1135     -482    -1495        f
1136     -554    -1508        f
1137     -623    -1521        f
1138     -688    -1533        f
1139     -751    -1544        f
1140     -811    -1555        f
1141     -868    -1565        f
1142     -922    -1575        f
1143     -975    -1584        f
1144     -1025    -1593        f
1145     -1072    -1602        f
1146     -1072    -1602        l
1147     -1072    -1602        l
1148     -1072    -1602        l
1149     -1072    -1602        f
1150     -1007    -1562        f
1151     -944    -1524        f
1152     -885    -1487        f
1153     -828    -1452        f
1154     -774    -1419        f
1155     -723    -1387        f
1156     -673    -1357        f
1157     -626    -1328        f
1158     -581    -1300        f
1159     -538    -1273        f
1160     -497    -1248        f
1161     -457    -1224        f
1162     -420    -1201        f
1163     -384    -1179        f
1164     -350    -1158        f
1165     -317    -1138        f
1166     -286    -1118        f
1167     -256    -1100        f
1168     -227    -1083        f
1169     -200    -1066        f
1170     -175    -1050        f
1171     -150    -1035        f
1172     -126    -1019        f
1173     -104    -1007        f
1174     -82    -993        f
1175     -62    -981        f
1176     -42    -969        f
1177     -23    -957        f
1178     -6    -946        f
1179     11    -936        f
1180     27    -926        f
1181     42    -916        f
1182     56    -907        f
1183     72    -898        f
1184     85    -890        f
1185     98    -882        f
1186     110    -874        f
1187     110    -874        l
1188     110    -874        l
1189     110    -874        l
1190     110    -874        f
1191     187    -869        f
1192     259    -863        f
1193     329    -858        f
1194     395    -852        f
1195     459    -848        f
1196     519    -843        f
1197     577    -839        f
1198     632    -834        f
1199     685    -830        f
1200     0    0        f
1200     0    0        f
1200     0    0        f
1200     0    0        f
1200     0    0        f
1200     0    0        f
1200     0    0        f
1200     0    0        f
1200     0    0        f
1200     0    0        f
1200     0    0        f
1200     0    0        f
1200     0    0        f
1200     0    0        f
1200     0    0        f
1200     0    0        f
1200     0    0        f
1200     0    0        f
1200     0    0        f
1200     0    0        f
1200     0    0        f
1200     0    0        f
1200     0    0        f
1200     0    0        f
1200     0    0        f
1200     0    0        f
1200     0    0        f
1200     0    0        f
1200     0    0        f
1200     0    0        f
1200     0    0        f
1200     0    0        f
1200     0    0        f
1200     0    0        f
1200     0    0        f
1200     0    0        f
1200     0    0        f
1200     0    0        f
1200     0    0        f
1200     0    0        f
1200     0    0        f
1200     0    0        f
1200     0    0        f
1200     0    0        f
1200     0    0        f
1200     0    0        f
1200     0    0        f
1200     0    0        f
1200     0    0        f
1200     0    0        f
1200     0    0        f
1200     0    0        f
1200     0    0        f
1200     0    0        f
1200     0    0        f
1200     0    0        f
1200     0    0        f
1200     0    0        f
1200     0    0        f
1200     0    0        f
1200     0    0        f
1200     0    0        f
1200     0    0        f
1200     0    0        f
1200     0    0        f
1200     0    0        f
1200     0    0        f
1200     0    0        f
1200     0    0        f
1200     0    0        f
1200     0    0        f
1200     0    0        f
1200     0    0        f
1200     0    0        f
1200     0    0        f
1200     0    0        f
1200     0    0        f
1200     0    0        f
1200     0    0        f
1200     0    0        f
1200     0    0        f
1200     0    0        f
1200     0    0        f
1200     0    0        f
1200     0    0        f
1200     0    0        f
1200     0    0        f
1200     0    0        f
1200     0    0        f
1200     0    0        f
1200     0    0        f
1200     0    0        f
1200     0    0        f
1200     0    0        f
1200     0    0        f
1200     0    0        f
1200     0    0        f
1200     0    0        f
1200     0    0        f
1200     0    0        f
1200     0    0        f
1200     0    0        f
1201     0    0        f
1202     0    0        f
1203     0    0        f
1204     0    0        f
1205     0    0        f
1206     0    0        f
1207     0    0        f
1208     0    0        f
1209     0    0        f
1210     0    0        f
1211     0    0        f
1212     0    0        f
1213     0    0        f
1214     0    0        f
1215     0    0        f
1216     0    0        f
1217     0    0        f
1218     0    0        f
1219     0    0        f
1220     0    0        f
1221     0    0        f
1222     0    0        f
1223     0    0        f
1224     0    0        f
1225     0    0        f
1226     0    0        f
1227     0    0        f
1228     0    0        f
1229     0    0        f
1230     0    0        f
1231     0    0        f
1232     0    0        f
1233     0    0        f
1234     0    0        f
1235     0    0        f
1236     0    0        f
1237     0    0        f
1238     0    0        f
1239     0    0        f
1240     0    0        f
1241     0    0        f
1242     0    0        f
1243     0    0        f
1244     0    0        f
1245     0    0        f
1246     0    0        f
1247     0    0        f
1248     0    0        f
1249     0    0        f
1250     0    0        f
1251     0    0        f
1252     0    0        f
1253     0    0        f
1254     0    0        f
1255     0    0        f
1256     0    0        f
1257     0    0        f
1258     0    0        f
1259     0    0        f
1260     0    0        f
1261     0    0        f
1262     0    0        f
1263     0    0        f
1264     0    0        f
1265     0    0        f
1266     0    0        f
1267     0    0        f
1268     0    0        f
1269     0    0        f
1270     0    0        f
1271     0    0        f
1272     0    0        f
1273     0    0        f
1274     0    0        f
1275     0    0        f
1276     0    0        f
1277     0    0        f
1278     0    0        f
1279     0    0        f
1280     0    0        f
1281     0    0        f
1282     0    0        f
1283     0    0        f
1284     0    0        f
1285     0    0        f
1286     0    0        f
1287     0    0        f
1288     0    0        f
1289     0    0        f
1290     0    0        f
1291     0    0        f
1292     0    0        f
1293     0    0        f
1294     0    0        f
1295     0    0        f
1296     0    0        f
1297     0    0        f
1298     0    0        f
1299     0    0        f
1300     0    0        f
1301     0    0        f
1302     0    0        f
1303     0    0        f
1304     0    0        f
1305     0    0        r
1306     0    0        r
1307     0    0        r
1308     0    0        f
1309     -75    14        f
1310     -146    28        f
1311     -215    42        f
1312     -280    54        f
1313     -343    67        f
1314     -401    78        f
1315     -459    89        f
1316     -513    100        f
1317     -565    110        f
1318     -615    120        f
1319     -662    129        f
1320     -708    138        f
1321     -751    147        f
1322     -792    155        f
1323     -831    162        f
1324     -869    170        f
1325     -905    177        f
1326     -939    184        f
1327     -972    190        f
1328     -1002    196        f
1329     -1033    202        f
1330     -1062    208        f
1331     -1089    213        f
1332     -1115    218        f
1333     -1140    223        f
1334     -1163    227        f
1335     -1186    231        f
1336     -1207    236        f
1337     -1228    240        f
1338     -1248    244        f
1339     -1266    248        f
1340     -1284    250        f
1341     -1301    254        f
1342     -1318    258        f
1343     -1333    261        f
1344     -1348    264        f
1345     -1363    267        f
1346     -1376    269        f
1347     -1389    272        f
1348     -1401    274        f
1349     -1413    277        f
1350     -1424    279        f
1351     -1435    281        f
1352     -1446    283        f
1353     -1455    285        f
1354     -1465    287        f
1355     -1474    289        f
1356     -1482    290        f
1357     -1490    292        f
1358     -1498    294        f
1359     -1506    295        f
1360     -1513    296        f
1361     -1520    298        f
1362     -1526    299        f
1363     -1532    300        f
1364     -1538    302        f
1365     -1544    303        f
1366     -1549    304        f
1367     -1555    305        f
1368     -1560    306        f
1369     -1564    307        f
1370     -1569    308        f
1371     -1573    308        f
1372     -1577    309        f
1373     -1577    309        l
1374     -1577    309        l
1375     -1577    309        l
1376     -1577    309        l
1377     -1577    309        l
1378     -1577    309        f
1379     -1512    269        f
1380     -1449    231        f
1381     -1390    195        f
1382     -1333    160        f
1383     -1279    127        f
1384     -1227    96        f
1385     -1177    65        f
1386     -1130    37        f
1387     -1085    9        f
1388     -1042    -16        f
1389     -1001    -41        f
1390     -961    -65        f
1391     -924    -88        f
1392     -888    -110        f
1393     -853    -131        f
1394     -822    -151        f
1395     -790    -170        f
1396     -761    -188        f
1397     -732    -206        f
1398     -705    -222        f
1399     -679    -238        f
1400     -654    -252        f
1401     -631    -268        f
1402     -631    -268        r
1403     -631    -268        f
1404     -631    -268        f
1405     -631    -268        f
1406     -631    -268        f
1407     -631    -268        f
1408     -631    -268        f
1409     -631    -268        f
1410     -631    -268        f
1411     -631    -268        f
1412     -631    -268        f
1413     -631    -268        f
1414     -631    -268        f
1415     -631    -268        f
1416     -631    -268        f
1417     -631    -268        f
1418     -631    -268        f
1419     -631    -268        f
1420     -631    -268        f
1421     -631    -268        f
1422     -631    -268        f
1423     -631    -268        f
1424     -631    -268        f
1425     -631    -268        f
1426     -631    -268        f
1427     -631    -268        f
1428     -631    -268        f
1429     -631    -268        f
1430     -631    -268        f
1431     -631    -268        f
1432     -631    -268        f
1433     -631    -268        l
1434     -631    -268        l
1435     -631    -268        l
1436     -631    -268        f
1437     -554    -267        f
1438     -480    -266        f
1439     -411    -265        f
1440     -345    -264        f
1441     -281    -263        f
1442     -220    -263        f
1443     -162    -262        f
1444     -107    -261        f
1445     -54    -260        f
1446     -4    -260        f
1447     44    -259        f
1448     90    -259        f
1449     134    -258        f
1450     176    -257        f
1451     216    -257        f
1452     216    -257        r
1453     216    -257        f
1454     139    -128        f
1455     66    -5        f
1456     -3    112        f
1457     -70    224        f
1458     -134    331        f
1459     -194    434        f
1460     -252    531        f
1461     -308    625        f
1462     -361    714        f
1463     -412    799        f
1464     -459    881        f
1465     -505    959        f
1466     -550    1033        f
1467     -592    1104        f
1468     -633    1172        f
1469     -671    1237        f
1470     -708    1299        f
1471     -743    1358        f
1472     -776    1414        f
1473     -808    1468        f
1474     -838    1520        f
1475     -868    1569        f
1476     -894    1616        f
1477     -922    1661        f
1478     -947    1704        f
1479     -971    1745        f
1480     -994    1784        f
1481     -1017    1821        f
1482     -1038    1857        f
1483     -1058    1891        f
1484     -1058    1891        r
1485     -1058    1891        f
1486     -1124    1852        f
1487     -1187    1814        f
1488     -1247    1779        f
1489     -1304    1746        f
1490     -1359    1713        f
1491     -1411    1682        f
1492     -1461    1653        f
1493     -1509    1625        f
1494     -1555    1598        f
1495     -1598    1572        f
1496     -1639    1548        f
1497     -1680    1524        f
1498     -1718    1502        f
1499     -1754    1480        f
1500     -1788    1460        f
1501     -1821    1441        f
1502     -1853    1422        f
1503     -1882    1404        f
1504     -1912    1387        f
1505     -1939    1371        f
1506     -1964    1356        f
1507     -1989    1341        f
1508     -2014    1327        f
1509     -2037    1313        f
1510     -2059    1300        f
1511     -2079    1288        f
1512     -2099    1276        f
1513     -2118    1265        f
1514     -2136    1254        f
1515     -2154    1244        f
1516     -2170    1234        f
1517     -2186    1225        f
1518     -2201    1216        f
1519     -2215    1208        f
1520     -2229    1199        f
1521     -2242    1192        f
1522     -2255    1184        f
1523     -2267    1177        f
1524     -2278    1170        f
1525     -2289    1164        f
1526     -2299    1158        f
1527     -2309    1152        f
1528     -2319    1146        f
1529     -2328    1141        f
1530     -2337    1136        f
1531     -2345    1131        f
1532     -2353    1126        f
1533     -2360    1121        f
1534     -2368    1117        f
1535     -2374    1113        f
1536     -2381    1109        f
1537     -2387    1106        f
1538     -2393    1102        f
1539     -2399    1099        f
1540     -2404    1095        f
1541     -2410    1092        f
1542     -2415    1089        f
1543     -2419    1086        f
1544     -2419    1086        r
1545     -2419    1086        r
1546     -2419    1086        r
1547     -2419    1086        l
1548     -2419    1086        f
1549     -2346    1109        f
1550     -2276    1130        f
1551     -2210    1151        f
1552     -2146    1171        f
1553     -2085    1189        f
1554     -2027    1207        f
1555     -1972    1224        f
1556     -1919    1241        f
1557     -1868    1256        f
1558     -1820    1271        f
1559     -1773    1285        f
1560     -1729    1299        f
1561     -1687    1312        f
1562     -1647    1324        f
1563     -1607    1336        f
1564     -1572    1347        f
1565     -1536    1358        f
1566     -1503    1369        f
1567     -1471    1378        f
1568     -1440    1388        f
1569     -1411    1397        f
1570     -1383    1405        f
1571     -1356    1414        f
1572     -1331    1421        f
1573     -1307    1429        f
1574     -1283    1436        f
1575     -1261    1443        f
1576     -1240    1449        f
1577     -1220    1456        f
1578     -1200    1462        f
1579     -1182    1467        f
1580     -1164    1473        f
1581     -1148    1478        f
1582     -1131    1483        f
1583     -1116    1487        f
1584     -1101    1492        f
1585     -1087    1496        f
1586     -1087    1496        r
1587     -1087    1496        r
1588     -1087    1496        r
1589     -1087    1496        f
1590     -1142    1442        f
1591     -1193    1391        f
1592     -1243    1341        f
1593     -1290    1294        f
1594     -1335    1249        f
1595     -1378    1206        f
1596     -1419    1165        f
1597     -1458    1126        f
1598     -1495    1088        f
1599     -1531    1052        f
1600     -1565    1018        f
1601     -1598    985        f
1602     -1629    953        f
1603     -1659    924        f
1604     -1687    896        f
1605     -1714    869        f
1606     -1739    843        f
1607     -1764    818        f
1608     -1789    794        f
1609     -1811    772        f
1610     -1832    750        f
1611     -1853    730        f
1612     -1873    710        f
1613     -1892    691        f
1614     -1910    673        f
1615     -1927    656        f
1616     -1943    640        f
1617     -1959    624        f
1618     -1973    609        f
1619     -1988    595        f
1620     -2001    581        f
1621     -2014    568        f
1622     -2027    556        f
1623     -2038    544        f
1624     -2050    533        f
1625     -2060    522        f
1626     -2060    522        r
1627     -2060    522        r
1628     -2060    522        r
1629     -2060    522        r
1630     -2060    522        f
1631     -2208    498        f
1632     -2350    474        f
1633     -2485    451        f
1634     -2613    430        f
1635     -2736    411        f
1636     -2854    391        f
1637     -2966    373        f
1638     -2966    373        l
1639     -2966    373        l
1640     -2966    373        f
1641     -2897    339        f
1642     -2831    307        f
1643     -2769    276        f
1644     -2709    247        f
1645     -2652    219        f
1646     -2598    192        f
1647     -2545    167        f
1648     -2496    142        f
1649     -2448    119        f
1650     -2403    97        f
1651     -2360    75        f
1652     -2318    55        f
1653     -2279    36        f
1654     -2241    17        f
1655     -2205    0        f
1656     -2170    -17        f
1657     -2137    -33        f
1658     -2106    -48        f
1659     -2076    -63        f
1660     -2047    -77        f
1661     -2020    -91        f
1662     -1994    -103        f
1663     -1969    -115        f
1664     -1945    -127        f
1665     -1922    -139        f
1666     -1901    -149        f
1667     -1880    -160        f
1668     -1860    -169        f
1669     -1841    -179        f
1670     -1823    -188        f
1671     -1805    -196        f
1672     -1789    -204        f
1673     -1773    -212        f
1674     -1759    -219        f
1675     -1744    -225        f
1676     -1730    -233        f
1677     -1718    -240        f
1678     -1705    -246        f
1679     -1693    -252        f
1680     -1693    -252        l
1681     -1693    -252        l
1682     -1693    -252        f
1683     -1625    -216        f
1684     -1561    -182        f
1685     -1499    -150        f
1686     -1440    -119        f
1687     -1384    -89        f
1688     -1330    -61        f
1689     -1278    -34        f
1690     -1229    -8        f
1691     -1183    15        f
1692     -1138    39        f
1693     -1095    61        f
1694     -1054    82        f
1695     -1016    103        f
1696     -977    122        f
1697     -943    141        f
1698     -909    159        f
1699     -877    176        f
1700     -846    192        f
1701     -816    206        f
1702     -788    222        f
1703     -761    236        f
1704     -736    250        f
1705     -711    263        f
1706     -688    275        f
1707     -665    287        f
1708     -644    298        f
1709     -624    309        f
1710     -604    319        f
1711     -586    329        f
1712     -568    338        f
1713     -551    347        f
1714     -535    356        f
1715     -519    364        f
1716     -504    372        f
1717     -490    379        f
1718     -490    379        l
1719     -490    379        l
1720     -490    379        l
1721     -490    379        f
1722     -419    405        f
1723     -350    430        f
1724     -285    455        f
1725     -222    478        f
1726     -163    500        f
1727     -106    522        f
1728     -51    542        f
1729     0    561        f
1730     49    579        f
1731     96    597        f
1732     142    614        f
1733     185    630        f
1734     225    645        f
1735     265    660        f
1736     303    674        f
1737     339    687        f
1738     373    700        f
1739     405    712        f
1740     438    724        f
1741     467    735        f
1742     496    745        f
1743     523    755        f
1744     549    765        f
1745     574    774        f
1746     598    783        f
1747     621    791        f
1748     643    799        f
1749     663    807        f
1750     683    814        f
1751     702    821        f
1752     720    827        f
1753     737    834        f
1754     754    840        f
1755     769    846        f
1756     784    852        f
1757     799    857        f
1758     811    861        f
1759     825    867        f
1760     838    872        f
1761     850    876        f
1762     861    880        f
1763     872    884        f
1764     882    888        f
1765     892    892        f
1766     902    894        f
1767     911    898        f
1768     919    902        f
1769     927    905        f
1770     935    908        f
1771     943    910        f
1772     950    913        f
1773     957    916        f
1774     964    918        f
1775     969    919        f
1776     976    923        f
1777     982    925        f
1778     982    925        l
1779     982    925        l
1780     982    925        l
1781     982    925        f
1782     1056    908        f
1783     1127    891        f
1784     1195    875        f
1785     1260    860        f
1786     1322    846        f
1787     1381    833        f
1788     1438    819        f
1789     1492    807        f
1790     1544    795        f
1791     1593    784        f
1792     1639    773        f
1793     1685    763        f
1794     1728    753        f
1795     1769    743        f
1796     1807    734        f
1797     1845    726        f
1798     1880    717        f
1799     1914    709        f
1800     1948    702        f
1801     1979    695        f
1802     2007    688        f
1803     2037    681        f
1804     2064    675        f
1805     2089    669        f
1806     2114    663        f
1807     2138    658        f
1808     2160    653        f
1809     2182    648        f
1810     2202    643        f
1811     2222    638        f
1812     2240    634        f
1813     2258    630        f
1814     2275    626        f
1815     2292    622        f
1816     2307    619        f
1817     2322    615        f
1818     2336    612        f
1819     2350    609        f
1820     2363    606        f
1821     2375    603        f
1822     2387    600        f
1823     2398    597        f
1824     2409    595        f
1825     2419    593        f
1826     2429    590        f
1827     2438    588        f
1828     2438    588        r
1829     2438    588        r
1830     2438    588        r
1831     2438    588        f
1832     2368    559        f
1833     2300    532        f
1834     2235    505        f
1835     2174    480        f
1836     2115    455        f
1837     2059    434        f
1838     2005    412        f
1839     1954    391        f
1840     1905    371        f
1841     1857    352        f
1842     1814    334        f
1843     1771    316        f
1844     1730    300        f
1845     1691    284        f
1846     1654    269        f
1847     1619    254        f
1848     1585    241        f
1849     1552    227        f
1850     1521    215        f
1851     1492    202        f
1852     1464    191        f
1853     1437    180        f
1854     1411    170        f
1855     1386    160        f
1856     1363    150        f
1857     1340    141        f
1858     1319    133        f
1859     1299    124        f
1860     1279    115        f
1861     1260    109        f
1862     1243    101        f
1863     1226    94        f
1864     1209    88        f
1865     1194    81        f
1866     1179    75        f
1867     1165    70        f
1868     1151    64        f
1869     1138    59        f
1870     1126    54        f
1871     1114    49        f
1872     1103    44        f
1873     1092    40        f
1874     1082    36        f
1875     1072    32        f
1876     1063    28        f
1877     1054    24        f
1878     1054    24        r
1879     1054    24        r
1880     1054    24        f
1881     988    63        f
1882     925    100        f
1883     865    136        f
1884     807    169        f
1885     752    202        f
1886     700    233        f
1887     650    262        f
1888     602    290        f
1889     556    317        f
1890     513    343        f
1891     471    367        f
1892     430    391        f
1893     393    413        f
1894     357    434        f
1895     322    455        f
1896     289    474        f
1897     257    493        f
1898     227    511        f
1899     198    527        f
1900     170    544        f
1901     144    559        f
1902     119    574        f
1903     95    588        f
1904     72    601        f
1905     72    601        r
1906     50    614        f
1907     50    614        r
1908     50    614        f
1909     50    614        f
1910     50    614        f
1911     50    614        f
1912     50    614        f
1913     50    614        f
1914     50    614        f
1915     50    614        f
1916     50    614        f
1917     50    614        f
1918     50    614        f
1919     50    614        f
1920     50    614        f
1921     50    614        f
1922     50    614        f
1923     50    614        f
1924     50    614        f
1925     50    614        f
1926     50    614        f
1927     50    614        l
1928     50    614        l
1929     50    614        l
1930     50    614        l
1931     50    614        f
1932     126    617        f
1933     199    619        f
1934     269    621        f
1935     336    624        f
1936     399    626        f
1937     459    628        f
1938     518    629        f
1939     573    631        f
1940     626    633        f
1941     677    635        f
1942     725    636        f
1943     771    638        f
1944     815    639        f
1945     857    640        f
1946     897    642        f
1947     935    643        f
1948     972    644        f
1949     1007    645        f
1950     1040    646        f
1951     1072    647        f
1952     1102    648        f
1953     1131    649        f
1954     1159    650        f
1955     1186    651        f
1956     1211    652        f
1957     1235    653        f
1958     1258    653        f
1959     1280    654        f
1960     1301    655        f
1961     1321    655        f
1962     1341    656        f
1963     1359    657        f
1964     1376    657        f
1965     1393    658        f
1966     1409    658        f
1967     1424    659        f
1968     1439    659        f
1969     1453    660        f
1970     1466    660        f
1971     1479    661        f
1972     1491    661        f
1973     1502    661        f
1974     1513    662        f
1975     1524    662        f
1976     1534    662        f
1977     1543    663        f
1978     1543    663        r
1979     1543    663        f
1980     1431    763        f
1981     1324    858        f
1982     1222    949        f
1983     1125    1036        f
1984     1032    1119        f
1985     943    1199        f
1986     858    1274        f
1987     777    1347        f
1988     699    1416        f
1989     625    1482        f
1990     555    1545        f
1991     487    1605        f
1992     423    1663        f
1993     362    1717        f
1994     303    1770        f
1995     247    1820        f
1996     193    1868        f
1997     142    1913        f
1998     94    1957        f
1999     47    1998        f
2000     3    2038        f
2001     -39    2076        f
2002     -79    2112        f
2003     -118    2146        f
2004     -155    2179        f
2005     -190    2211        f
2006     -223    2241        f
2007     -256    2270        f
2008     -286    2297        f
2009     -316    2323        f
2010     -343    2348        f
2011     -370    2372        f
2012     -396    2395        f
2013     -420    2417        f
2014     -443    2437        f
2015     -465    2457        f
2016     -487    2476        f
2017     -507    2494        f
2018     -526    2512        f
2019     -545    2528        f
2020     -562    2544        f
2021     -579    2559        f
2022     -595    2573        f
2023     -610    2587        f
2024     -625    2600        f
2025     -639    2613        f
2026     -653    2625        f
2027     -665    2636        f
2028     -678    2647        f
2029     -689    2657        f
2030     -700    2667        f
2031     -711    2677        f
2032     -721    2686        f
2033     -731    2694        f
2034     -740    2703        f
2035     -749    2711        f
2036     -757    2718        f
2037     -765    2725        f
2038     -773    2732        f
2039     -773    2732        l
2040     -773    2732        l
2041     -773    2732        l
2042     -773    2732        l
2043     -773    2732        f
2044     -697    2725        f
2045     -624    2718        f
2046     -555    2712        f
2047     -488    2705        f
2048     -425    2700        f
2049     -365    2694        f
2050     -307    2688        f
2051     -252    2683        f
2052     -199    2678        f
2053     -149    2674        f
2054     -101    2669        f
2055     -55    2665        f
2056     -11    2661        f
2057     30    2657        f
2058     70    2653        f
2059     108    2649        f
2060     144    2646        f
2061     179    2643        f
2062     212    2640        f
2063     244    2637        f
2064     274    2634        f
2065     303    2631        f
2066     331    2628        f
2067     357    2626        f
2068     382    2624        f
2069     407    2621        f
2070     430    2619        f
2071     451    2617        f
2072     472    2615        f
2073     492    2613        f
2074     492    2613        r
2075     492    2613        r
2076     492    2613        r
2077     492    2613        f
2078     420    2588        f
2079     351    2565        f
2080     285    2542        f
2081     222    2521        f
2082     161    2500        f
2083     104    2480        f
2084     49    2462        f
2085     -3    2444        f
2086     -53    2426        f
2087     -101    2410        f
2088     -146    2394        f
2089     -190    2379        f
2090     -231    2365        f
2091     -271    2352        f
2092     -309    2339        f
2093     -346    2326        f
2094     -380    2314        f
2095     -413    2303        f
2096     -445    2292        f
2097     -475    2282        f
2098     -504    2272        f
2099     -532    2263        f
2100     -558    2254        f
2101     -583    2245        f
2102     -607    2237        f
2103     -630    2229        f
2104     -652    2222        f
2105     -673    2215        f
2106     -693    2208        f
2107     -712    2201        f
2108     -730    2195        f
2109     -747    2189        f
2110     -764    2183        f
2111     -780    2178        f
2112     -795    2173        f
2113     -809    2168        f
2114     -823    2163        f
2115     -836    2159        f
2116     -849    2154        f
2117     -861    2150        f
2118     -873    2146        f
2119     -884    2143        f
2120     -894    2139        f
2121     -903    2136        f
2122     -914    2132        f
2123     -923    2129        f
2124     -931    2126        f
2125     -940    2123        f
2126     -940    2123        l
2127     -940    2123        l
2128     -940    2123        f
2129     -863    2123        f
2130     -790    2122        f
2131     -720    2121        f
2132     -654    2121        f
2133     -590    2120        f
2134     -530    2119        f
2135     -472    2119        f
2136     -416    2118        f
2137     -363    2118        f
2138     -313    2117        f
2139     -265    2117        f
2140     -219    2116        f
2141     -174    2116        f
2142     -132    2115        f
2143     -92    2115        f
2144     -54    2115        f
2145     -17    2114        f
2146     16    2114        f
2147     50    2114        f
2148     82    2113        f
2149     112    2113        f
2150     141    2113        f
2151     169    2112        f
2152     195    2112        f
2153     220    2112        f
2154     244    2112        f
2155     267    2111        f
2156     289    2111        f
2157     310    2111        f
2158     330    2111        f
2159     350    2111        f
2160     368    2110        f
2161     385    2110        f
2162     401    2110        f
2163     418    2110        f
2164     433    2110        f
2165     448    2110        f
2166     462    2110        f
2167     475    2109        f
2168     487    2109        f
2169     499    2109        f
2170     511    2109        f
2171     522    2109        f
2172     533    2109        f
2173     543    2109        f
2174     552    2109        f
2175     561    2109        f
2176     570    2108        f
2177     578    2108        f
2178     586    2108        f
2179     594    2108        f
2180     601    2108        f
2181     608    2108        f
2182     615    2108        f
2183     621    2108        f
2184     627    2108        f
2185     627    2108        r
2186     627    2108        r
2187     627    2108        f
2188     552    2121        f
2189     480    2133        f
2190     411    2145        f
2191     346    2156        f
2192     283    2167        f
2193     223    2178        f
2194     166    2187        f
2195     111    2197        f
2196     59    2206        f
2197     10    2214        f
2198     -37    2223        f
2199     -82    2230        f
2200     -126    2238        f
2201     -167    2245        f
2202     -167    2245        r
2203     -167    2245        r
2204     -167    2245        f
2205     -215    2185        f
2206     -260    2128        f
2207     -304    2073        f
2208     -345    2021        f
2209     -385    1971        f
2210     -422    1923        f
2211     -458    1878        f
2212     -493    1835        f
2213     -526    1793        f
2214     -526    1793        l
2215     -526    1793        f
2216     -451    1811        f
2217     -380    1828        f
2218     -312    1844        f
2219     -248    1860        f
2220     -186    1873        f
2221     -126    1888        f
2222     -70    1902        f
2223     -16    1914        f
2224     35    1927        f
2225     84    1939        f
2226     131    1950        f
2227     176    1961        f
2228     219    1971        f
2229     260    1980        f
2230     299    1989        f
2231     336    1998        f
2232     372    2007        f
2233     405    2014        f
2234     438    2023        f
2235     470    2030        f
2236     470    2030        r
2237     470    2030        r
2238     470    2030        r
2239     470    2030        r
2240     470    2030        r
2241     470    2030        r
2242     470    2030        r
2243     470    2030        r
2244     470    2030        r
2245     470    2030        r
2246     470    2030        r
2247     470    2030        r
2248     470    2030        r
2249     470    2030        r
2250     470    2030        r
2251     470    2030        r
2252     470    2030        r
2253     470    2030        r
2254     470    2030        r
2255     470    2030        r
2256     470    2030        l
2257     470    2030        r
2258     470    2030        r
2259     470    2030        r
2260     470    2030        l
2261     470    2030        l
2262     470    2030        r
2263     470    2030        l
2264     470    2030        l
2265     470    2030        l
2266     470    2030        l
2267     470    2030        l
2268     470    2030        l
2269     470    2030        r
2270     470    2030        l
2271     470    2030        l
2272     470    2030        r
2273     470    2030        r
2274     470    2030        l
2275     470    2030        r
2276     470    2030        r
2277     470    2030        r
2278     470    2030        r
2279     470    2030        l
2280     470    2030        r
2281     470    2030        r
2282     470    2030        r
2283     470    2030        r
2284     470    2030        r
2285     470    2030        r
2286     470    2030        l
2287     470    2030        r
2288     470    2030        l
2289     470    2030        l
2290     470    2030        l
2291     470    2030        r
2292     470    2030        l
2293     470    2030        l
2294     470    2030        l
2295     470    2030        r
2296     470    2030        l
2297     470    2030        l
2298     470    2030        r
2299     470    2030        l
2300     470    2030        r
2301     470    2030        r
2302     470    2030        l
2303     470    2030        l
2304     470    2030        r
2305     470    2030        l
2306     470    2030        l
2307     470    2030        r
2308     470    2030        l
2309     470    2030        l
2310     470    2030        r
2311     470    2030        l
2312     470    2030        l
2313     470    2030        r
2314     470    2030        l
2315     470    2030        l
2316     470    2030        r
2317     470    2030        r
2318     470    2030        l
2319     470    2030        l
2320     470    2030        l
2321     470    2030        l
2322     470    2030        r
2323     470    2030        r
2324     470    2030        r
2325     470    2030        l
2326     470    2030        r
2327     470    2030        r
2328     470    2030        l
2329     470    2030        l
2330     470    2030        r
2331     470    2030        r
2332     470    2030        l
2333     470    2030        r
2334     470    2030        l
2335     470    2030        r
2336     470    2030        l
2337     470    2030        r
2338     470    2030        r
2339     470    2030        l
2340     470    2030        l
2341     470    2030        l
2342     470    2030        l
2343     470    2030        l
2344     470    2030        l
2345     470    2030        l
2346     470    2030        l
2347     470    2030        l
2348     470    2030        l
2349     470    2030        l
2350     470    2030        l
2351     470    2030        l
2352     470    2030        l
2353     470    2030        l
2354     470    2030        l
2355     470    2030        l
2356     470    2030        l
2357     470    2030        l
2358     470    2030        l
2359     470    2030        f
2360     515    1969        f
2361     558    1910        f
2362     599    1854        f
2363     638    1800        f
2364     676    1748        f
2365     712    1700        f
2366     746    1653        f
2367     779    1607        f
2368     810    1565        f
2369     840    1525        f
2370     869    1486        f
2371     896    1449        f
2372     922    1413        f
2373     947    1379        f
2374     969    1347        f
2375     993    1316        f
2376     1015    1286        f
2377     1035    1258        f
2378     1055    1231        f
2379     1074    1205        f
2380     1092    1181        f
2381     1109    1157        f
2382     1125    1135        f
2383     1141    1113        f
2384     1156    1093        f
2385     1170    1073        f
2386     1184    1055        f
2387     1197    1037        f
2388     1209    1019        f
2389     1221    1003        f
2390     1233    988        f
2391     1243    973        f
2392     1254    959        f
2393     1264    946        f
2394     1273    933        f
2395     1282    921        f
2396     1291    909        f
2397     1299    898        f
2398     1307    886        f
2399     1314    877        f
