step   ball_X    ball_Y    side
0     0    0        f
0     0    0        f
0     0    0        f
0     0    0        f
0     0    0        f
0     0    0        f
0     0    0        f
0     0    0        f
0     0    0        f
0     0    0        f
0     0    0        f
0     0    0        f
0     0    0        f
0     0    0        f
0     0    0        f
0     0    0        f
0     0    0        f
0     0    0        f
0     0    0        f
0     0    0        f
0     0    0        f
0     0    0        f
0     0    0        f
0     0    0        f
0     0    0        f
0     0    0        f
0     0    0        f
0     0    0        f
0     0    0        f
0     0    0        f
0     0    0        f
0     0    0        f
0     0    0        f
0     0    0        f
0     0    0        f
0     0    0        f
0     0    0        f
0     0    0        f
0     0    0        f
0     0    0        f
0     0    0        f
0     0    0        f
0     0    0        f
0     0    0        f
0     0    0        f
0     0    0        f
0     0    0        f
0     0    0        f
0     0    0        f
0     0    0        f
0     0    0        f
0     0    0        f
0     0    0        f
0     0    0        f
0     0    0        f
0     0    0        f
0     0    0        f
0     0    0        f
0     0    0        f
0     0    0        f
0     0    0        f
0     0    0        f
0     0    0        f
0     0    0        f
0     0    0        f
0     0    0        f
0     0    0        f
0     0    0        f
0     0    0        f
0     0    0        f
0     0    0        f
1     0    0        f
2     0    0        f
3     0    0        f
4     0    0        f
5     0    0        f
6     0    0        f
7     0    0        f
8     0    0        f
9     0    0        f
10     0    0        f
11     0    0        f
12     0    0        f
13     0    0        f
14     0    0        f
15     0    0        f
16     0    0        f
17     0    0        f
18     0    0        f
19     0    0        f
20     0    0        f
21     0    0        f
22     0    0        f
23     0    0        f
24     0    0        f
25     0    0        f
26     0    0        f
27     0    0        f
28     0    0        f
29     0    0        f
30     0    0        f
31     0    0        f
32     0    0        f
33     0    0        f
34     0    0        f
35     0    0        f
36     0    0        f
37     0    0        f
38     0    0        f
39     0    0        f
40     0    0        f
41     0    0        f
42     0    0        f
43     0    0        f
44     0    0        f
45     0    0        f
46     0    0        f
47     0    0        f
48     0    0        f
49     0    0        f
50     0    0        f
51     0    0        f
52     0    0        f
53     0    0        f
54     0    0        f
55     0    0        f
56     0    0        f
57     0    0        f
58     0    0        f
59     0    0        f
60     0    0        f
61     0    0        f
62     0    0        f
63     0    0        f
64     0    0        f
65     0    0        f
66     0    0        f
67     0    0        f
68     0    0        f
69     0    0        f
70     0    0        f
71     0    0        f
72     0    0        f
73     0    0        f
74     0    0        f
75     0    0        f
76     0    0        f
77     0    0        f
78     0    0        f
79     0    0        f
80     0    0        f
81     0    0        f
82     0    0        f
83     0    0        f
84     0    0        f
85     0    0        f
86     0    0        f
87     0    0        f
88     0    0        f
89     0    0        f
90     0    0        f
91     0    0        f
92     0    0        f
93     0    0        f
94     0    0        f
95     0    0        f
96     0    0        f
97     0    0        f
98     0    0        f
99     0    0        f
100     0    0        f
101     0    0        f
102     0    0        f
103     0    0        f
104     0    0        f
105     0    0        l
106     0    0        l
107     0    0        l
108     0    0        l
109     0    0        l
110     0    0        l
111     0    0        l
112     0    0        l
113     0    0        l
114     0    0        l
115     0    0        l
116     0    0        f
117     71    27        f
118     139    53        f
119     204    78        f
120     267    102        f
121     326    125        f
122     383    146        f
123     437    167        f
124     488    187        f
125     538    206        f
126     585    224        f
127     630    241        f
128     673    258        f
129     714    274        f
130     753    289        f
131     791    303        f
132     827    317        f
133     861    330        f
134     894    342        f
135     925    354        f
136     955    366        f
137     983    377        f
138     1010    387        f
139     1036    397        f
140     1061    407        f
141     1085    416        f
142     1107    424        f
143     1129    433        f
144     1149    441        f
145     1169    448        f
146     1188    455        f
147     1206    462        f
148     1223    469        f
149     1239    475        f
150     1255    480        f
151     1270    487        f
152     1284    492        f
153     1298    497        f
154     1311    501        f
155     1324    507        f
156     1336    512        f
157     1347    516        f
158     1358    520        f
159     1368    524        f
160     1378    528        f
161     1388    532        f
162     1397    535        f
163     1405    538        f
164     1413    542        f
165     1421    545        f
166     1429    547        f
167     1436    550        f
168     1443    553        f
169     1449    555        f
170     1456    558        f
171     1462    560        f
172     1467    562        f
173     1473    564        f
174     1478    566        f
175     1483    568        f
176     1488    570        f
177     1492    572        f
178     1497    573        f
179     1501    575        f
180     1505    576        f
181     1508    578        f
182     1512    579        f
183     1515    580        f
184     1519    582        f
185     1519    582        r
186     1519    582        r
187     1519    582        f
188     1426    613        f
189     1338    642        f
190     1338    642        l
191     1338    642        l
192     1338    642        l
193     1338    642        l
194     1338    642        l
195     1338    642        l
196     1338    642        l
197     1338    642        l
198     1254    670        f
199     1173    697        f
200     1096    723        f
201     1023    748        f
202     952    771        f
203     885    794        f
204     821    815        f
205     760    836        f
206     702    855        f
207     646    874        f
208     593    892        f
209     542    909        f
210     494    925        f
211     447    941        f
212     403    955        f
213     361    969        f
214     321    983        f
215     282    996        f
216     245    1008        f
217     210    1019        f
218     177    1031        f
219     145    1042        f
220     113    1052        f
221     85    1062        f
222     56    1072        f
223     30    1081        f
224     5    1089        f
225     -19    1097        f
226     -42    1105        f
227     -64    1112        f
228     -85    1120        f
229     -106    1126        f
230     -125    1133        f
231     -143    1139        f
232     -161    1145        f
233     -178    1151        f
234     -194    1156        f
235     -194    1156        l
236     -194    1156        f
237     -54    1211        f
238     78    1263        f
239     206    1312        f
240     328    1360        f
241     444    1405        f
242     555    1448        f
243     661    1490        f
244     763    1529        f
245     763    1529        l
246     763    1529        l
247     763    1529        l
248     763    1529        f
249     763    1529        f
250     763    1529        f
251     763    1529        f
252     763    1529        f
253     763    1529        f
254     763    1529        f
255     763    1529        f
256     763    1529        f
257     763    1529        f
258     763    1529        f
259     763    1529        f
260     763    1529        f
261     763    1529        f
262     763    1529        r
263     763    1529        r
264     763    1529        r
265     763    1529        f
266     640    1614        f
267     522    1696        f
268     409    1775        f
269     302    1848        f
270     199    1920        f
271     101    1988        f
272     8    2053        f
273     -81    2115        f
274     -166    2174        f
275     -248    2231        f
276     -326    2285        f
277     -400    2336        f
278     -471    2386        f
279     -539    2433        f
280     -604    2478        f
281     -666    2521        f
282     -725    2562        f
283     -782    2601        f
284     -836    2638        f
285     -888    2674        f
286     -936    2708        f
287     -984    2740        f
288     -1029    2771        f
289     -1072    2801        f
290     -1113    2829        f
291     -1152    2857        f
292     -1189    2882        f
293     -1225    2907        f
294     -1259    2931        f
295     -1291    2953        f
296     -1323    2975        f
297     -1352    2995        f
298     -1381    3015        f
299     -1408    3034        f
300     -1434    3051        f
301     -1458    3068        f
302     -1482    3085        f
303     -1504    3100        f
304     -1526    3115        f
305     -1546    3130        f
306     -1566    3143        f
307     -1585    3156        f
308     -1603    3168        f
309     -1620    3180        f
310     -1636    3192        f
311     -1652    3202        f
312     -1667    3213        f
313     -1680    3222        f
314     -1695    3232        f
315     -1707    3240        f
316     -1720    3250        f
317     -1732    3258        f
318     -1743    3265        f
319     -1754    3272        f
320     -1764    3279        f
321     -1773    3286        f
322     -1784    3294        f
323     -1793    3300        f
324     -1793    3250        f
325     -1793    3250        f
326     -1793    3250        f
327     -1793    3250        f
328     -1793    3250        f
329     -1793    3250        f
330     -1793    3250        f
331     -1793    3250        f
332     -1793    3250        f
333     -1793    3250        f
334     -1793    3250        f
335     -1793    3250        f
336     -1793    3250        f
337     -1793    3250        f
338     -1793    3250        f
339     -1793    3250        f
340     -1793    3250        f
341     -1793    3250        f
342     -1793    3250        f
343     -1793    3250        f
344     -1793    3250        f
345     -1793    3250        f
346     -1793    3250        f
347     -1793    3250        f
348     -1793    3250        f
349     -1793    3250        f
350     -1793    3250        f
351     -1793    3250        f
352     -1793    3250        f
353     -1793    3250        f
354     -1793    3250        f
355     -1793    3250        f
356     -1793    3250        l
357     -1793    3250        l
358     -1793    3250        l
359     -1793    3250        l
360     -1793    3250        l
361     -1793    3250        f
362     -1735    3202        f
363     -1680    3156        f
364     -1627    3112        f
365     -1577    3071        f
366     -1529    3031        f
367     -1483    2993        f
368     -1439    2957        f
369     -1397    2922        f
370     -1357    2889        f
371     -1319    2857        f
372     -1282    2827        f
373     -1248    2798        f
374     -1214    2771        f
375     -1183    2745        f
376     -1152    2719        f
377     -1123    2695        f
378     -1095    2673        f
379     -1069    2651        f
380     -1044    2630        f
381     -1019    2610        f
382     -997    2591        f
383     -975    2573        f
384     -953    2555        f
385     -934    2539        f
386     -914    2523        f
387     -896    2508        f
388     -878    2494        f
389     -861    2480        f
390     -846    2467        f
391     -831    2454        f
392     -816    2442        f
393     -802    2431        f
394     -789    2420        f
395     -776    2409        f
396     -764    2399        f
397     -753    2390        f
398     -742    2380        f
399     -731    2372        f
400     -721    2363        f
401     -712    2355        f
402     -712    2355        r
403     -712    2355        r
404     -712    2355        r
405     -712    2355        f
406     -792    2375        f
407     -868    2393        f
408     -942    2411        f
409     -1011    2428        f
410     -1078    2444        f
411     -1142    2460        f
412     -1203    2474        f
413     -1261    2488        f
414     -1317    2502        f
415     -1370    2515        f
416     -1421    2527        f
417     -1469    2539        f
418     -1515    2550        f
419     -1560    2560        f
420     -1602    2571        f
421     -1642    2580        f
422     -1680    2590        f
423     -1717    2598        f
424     -1752    2607        f
425     -1786    2615        f
426     -1818    2623        f
427     -1848    2630        f
428     -1878    2637        f
429     -1905    2644        f
430     -1932    2650        f
431     -1957    2657        f
432     -1982    2662        f
433     -2005    2668        f
434     -2027    2673        f
435     -2048    2679        f
436     -2068    2683        f
437     -2088    2688        f
438     -2106    2693        f
439     -2106    2693        l
440     -2124    2697        f
441     -2140    2701        f
442     -2156    2705        f
443     -2172    2708        f
444     -2186    2712        f
445     -2200    2715        f
446     -2214    2719        f
447     -2226    2722        f
448     -2238    2725        f
449     -2250    2727        f
450     -2261    2730        f
451     -2272    2733        f
452     -2282    2735        f
453     -2292    2737        f
454     -2301    2740        f
455     -2310    2742        f
456     -2318    2744        f
457     -2326    2746        f
458     -2334    2748        f
459     -2341    2749        f
460     -2348    2751        f
461     -2355    2753        f
462     -2361    2754        f
463     -2367    2756        f
464     -2373    2757        f
465     -2379    2758        f
466     -2384    2760        f
467     -2389    2761        f
468     -2394    2762        f
469     -2399    2763        f
470     -2403    2764        f
471     -2407    2765        f
472     -2407    2765        r
473     -2407    2765        r
474     -2407    2765        r
475     -2407    2765        r
476     -2407    2765        r
477     -2407    2765        r
478     -2407    2765        r
479     -2407    2765        r
480     -2407    2765        l
481     -2407    2765        r
482     -2407    2765        r
483     -2407    2765        r
484     -2407    2765        r
485     -2407    2765        r
486     -2407    2765        r
487     -2407    2765        r
488     -2407    2765        r
489     -2407    2765        r
490     -2407    2765        r
491     -2407    2765        l
492     -2407    2765        r
493     -2407    2765        r
494     -2407    2765        r
495     -2407    2765        r
496     -2407    2765        r
497     -2407    2765        r
498     -2407    2765        r
499     -2407    2765        r
500     -2407    2765        r
501     -2407    2765        r
502     -2407    2765        r
503     -2407    2765        r
504     -2407    2765        r
505     -2407    2765        r
506     -2407    2765        r
507     -2407    2765        r
508     -2407    2765        r
509     -2407    2765        r
510     -2407    2765        r
511     -2407    2765        r
512     -2407    2765        r
513     -2407    2765        r
514     -2407    2765        r
515     -2407    2765        r
516     -2407    2765        r
517     -2407    2765        r
518     -2407    2765        r
519     -2407    2765        r
520     -2407    2765        r
521     -2407    2765        r
522     -2407    2765        r
523     -2407    2765        r
524     -2407    2765        r
525     -2407    2765        r
526     -2407    2765        r
527     -2407    2765        r
528     -2407    2765        r
529     -2407    2765        r
530     -2407    2765        r
531     -2407    2765        r
532     -2407    2765        r
533     -2407    2765        r
534     -2407    2765        r
535     -2407    2765        r
536     -2407    2765        r
537     -2407    2765        r
538     -2407    2765        r
539     -2407    2765        r
540     -2407    2765        r
541     -2407    2765        r
542     -2407    2765        r
543     -2407    2765        l
544     -2407    2765        r
545     -2407    2765        l
546     -2407    2765        l
547     -2407    2765        r
548     -2407    2765        l
549     -2407    2765        l
550     -2407    2765        l
551     -2407    2765        r
552     -2407    2765        l
553     -2407    2765        r
554     -2407    2765        l
555     -2407    2765        l
556     -2407    2765        r
557     -2407    2765        r
558     -2407    2765        l
559     -2407    2765        l
560     -2407    2765        l
561     -2407    2765        l
562     -2407    2765        l
563     -2407    2765        r
564     -2407    2765        l
565     -2407    2765        l
566     -2407    2765        r
567     -2407    2765        l
568     -2407    2765        l
569     -2407    2765        l
570     -2407    2765        l
571     -2407    2765        l
572     -2407    2765        r
573     -2407    2765        l
574     -2407    2765        r
575     -2407    2765        l
576     -2407    2765        r
577     -2407    2765        l
578     -2407    2765        l
579     -2407    2765        l
580     -2407    2765        l
581     -2407    2765        l
582     -2407    2765        l
583     -2407    2765        l
584     -2407    2765        l
585     -2407    2765        l
586     -2407    2765        l
587     -2407    2765        l
588     -2407    2765        l
589     -2407    2765        l
590     -2407    2765        l
591     -2407    2765        l
592     -2407    2765        l
593     -2407    2765        f
594     -2353    2713        f
595     -2301    2664        f
596     -2252    2617        f
597     -2205    2572        f
598     -2160    2528        f
599     -2117    2487        f
600     -2076    2448        f
601     -2036    2410        f
602     -2036    2410        l
603     -2036    2410        l
604     -2036    2410        f
605     -1967    2379        f
606     -1900    2349        f
607     -1836    2321        f
608     -1775    2294        f
609     -1717    2268        f
610     -1662    2243        f
611     -1609    2219        f
612     -1558    2196        f
613     -1510    2175        f
614     -1464    2154        f
615     -1420    2134        f
616     -1378    2116        f
617     -1338    2098        f
618     -1299    2080        f
619     -1263    2064        f
620     -1228    2048        f
621     -1194    2032        f
622     -1162    2019        f
623     -1132    2005        f
624     -1103    1992        f
625     -1075    1980        f
626     -1049    1968        f
627     -1023    1957        f
628     -999    1946        f
629     -976    1935        f
630     -953    1926        f
631     -933    1916        f
632     -913    1907        f
633     -894    1898        f
634     -875    1889        f
635     -858    1882        f
636     -841    1875        f
637     -825    1868        f
638     -810    1861        f
639     -795    1854        f
640     -781    1848        f
641     -768    1842        f
642     -755    1836        f
643     -743    1830        f
644     -732    1826        f
645     -721    1821        f
646     -710    1816        f
647     -700    1812        f
648     -690    1807        f
649     -681    1803        f
650     -672    1798        f
651     -664    1796        f
652     -656    1792        f
653     -656    1792        l
654     -656    1792        l
655     -656    1792        f
656     -582    1772        f
657     -511    1753        f
658     -444    1735        f
659     -380    1718        f
660     -319    1701        f
661     -260    1686        f
662     -204    1671        f
663     -151    1655        f
664     -100    1643        f
665     -51    1630        f
666     -5    1617        f
667     39    1605        f
668     81    1594        f
669     121    1583        f
670     160    1573        f
671     197    1563        f
672     231    1553        f
673     266    1544        f
674     298    1536        f
675     328    1527        f
676     358    1520        f
677     386    1512        f
678     412    1505        f
679     438    1498        f
680     462    1491        f
681     484    1485        f
682     508    1479        f
683     529    1474        f
684     549    1468        f
685     568    1463        f
686     587    1458        f
687     605    1453        f
688     621    1449        f
689     637    1444        f
690     653    1440        f
691     667    1436        f
692     681    1433        f
693     695    1429        f
694     708    1426        f
695     720    1422        f
696     731    1419        f
697     742    1416        f
698     753    1413        f
699     763    1411        f
700     773    1408        f
701     782    1406        f
702     791    1403        f
703     799    1401        f
704     807    1399        f
705     815    1397        f
706     823    1395        f
707     830    1393        f
708     836    1391        f
709     843    1389        f
710     849    1388        f
711     855    1386        f
712     860    1385        f
713     865    1383        f
714     869    1382        f
715     875    1380        f
716     880    1379        f
717     884    1378        f
718     884    1378        l
719     884    1378        l
720     884    1378        l
721     884    1378        l
722     884    1378        l
723     884    1378        l
724     884    1378        l
725     884    1378        l
726     884    1378        l
727     884    1378        l
728     884    1378        l
729     884    1378        l
730     884    1378        l
731     889    1377        f
732     893    1376        f
733     896    1375        f
734     900    1374        f
735     903    1373        f
736     907    1372        f
737     910    1371        f
738     913    1370        f
739     916    1369        f
740     919    1369        f
741     921    1368        f
742     924    1367        f
743     926    1367        f
744     928    1366        f
745     931    1365        f
746     933    1365        f
747     935    1364        f
748     936    1364        f
749     939    1363        f
750     941    1363        f
751     942    1362        f
752     944    1362        f
753     944    1362        f
754     947    1361        f
755     947    1361        r
756     947    1361        r
757     947    1361        f
758     881    1322        f
759     819    1284        f
760     759    1248        f
761     702    1214        f
762     647    1181        f
763     595    1150        f
764     545    1120        f
765     497    1092        f
766     451    1064        f
767     408    1038        f
768     367    1013        f
769     328    989        f
770     290    967        f
771     254    944        f
772     219    924        f
773     187    905        f
774     155    886        f
775     125    868        f
776     97    850        f
777     69    834        f
778     43    818        f
779     18    802        f
780     -5    789        f
781     -27    775        f
782     -49    762        f
783     -70    749        f
784     -90    737        f
785     -109    726        f
786     -127    715        f
787     -144    705        f
788     -160    695        f
789     -176    685        f
790     -191    676        f
791     -206    667        f
792     -219    659        f
793     -231    651        f
794     -245    644        f
795     -257    637        f
796     -268    630        f
797     -279    623        f
798     -290    617        f
799     -300    611        f
800     -309    605        f
801     -318    600        f
802     -327    594        f
803     -335    589        f
804     -343    585        f
805     -351    580        f
806     -358    576        f
807     -365    572        f
808     -371    568        f
809     -378    564        f
810     -384    560        f
811     -389    557        f
812     -395    553        f
813     -400    550        f
814     -405    547        f
815     -409    544        f
816     -413    542        f
817     -419    539        f
818     -423    537        f
819     -426    534        f
820     -430    532        f
821     -434    530        f
822     -437    528        f
823     -441    526        f
824     -444    524        f
825     -447    522        f
826     -450    520        f
827     -453    519        f
828     -453    519        l
829     -453    519        l
830     -453    519        l
831     -453    519        f
832     -378    534        f
833     -306    548        f
834     -238    562        f
835     -172    576        f
836     -172    576        r
837     -172    576        r
838     -172    576        r
839     -172    576        r
840     -172    576        f
841     -246    555        f
842     -316    534        f
843     -383    515        f
844     -447    497        f
845     -508    479        f
846     -567    463        f
847     -622    447        f
848     -676    430        f
849     -727    417        f
850     -775    403        f
851     -821    390        f
852     -866    377        f
853     -908    365        f
854     -948    353        f
855     -986    342        f
856     -1024    331        f
857     -1059    321        f
858     -1092    312        f
859     -1124    303        f
860     -1155    294        f
861     -1184    285        f
862     -1212    277        f
863     -1239    270        f
864     -1264    263        f
865     -1289    256        f
866     -1312    249        f
867     -1334    243        f
868     -1334    243        l
869     -1334    243        l
870     -1334    243        f
871     -1230    135        f
872     -1130    32        f
873     -1035    -65        f
874     -944    -159        f
875     -857    -249        f
876     -774    -334        f
877     -695    -416        f
878     -620    -494        f
879     -547    -568        f
880     -479    -639        f
881     -413    -707        f
882     -350    -772        f
883     -290    -833        f
884     -233    -892        f
885     -178    -949        f
886     -126    -1002        f
887     -76    -1054        f
888     -28    -1103        f
889     16    -1150        f
890     59    -1195        f
891     101    -1238        f
892     140    -1278        f
893     178    -1317        f
894     178    -1317        l
895     178    -1317        l
896     214    -1355        f
897     214    -1355        l
898     214    -1355        l
899     214    -1355        l
900     214    -1355        l
901     214    -1355        l
902     214    -1355        l
903     249    -1390        f
904     249    -1390        l
905     249    -1390        l
906     249    -1390        l
907     249    -1390        l
908     249    -1390        l
909     249    -1390        l
910     249    -1390        l
911     249    -1390        l
912     249    -1390        l
913     249    -1390        l
914     249    -1390        l
915     249    -1390        l
916     249    -1390        l
917     249    -1390        l
918     249    -1390        l
919     249    -1390        l
920     249    -1390        l
921     249    -1390        l
922     249    -1390        l
923     249    -1390        l
924     249    -1390        l
925     249    -1390        l
926     249    -1390        l
927     249    -1390        l
928     249    -1390        l
929     249    -1390        l
930     249    -1390        l
931     249    -1390        l
932     249    -1390        l
933     249    -1390        l
934     249    -1390        l
935     249    -1390        l
936     249    -1390        l
937     249    -1390        l
938     249    -1390        l
939     249    -1390        l
940     249    -1390        l
941     249    -1390        l
942     249    -1390        r
943     249    -1390        l
944     249    -1390        l
945     249    -1390        l
946     249    -1390        r
947     249    -1390        r
948     249    -1390        r
949     249    -1390        r
950     249    -1390        f
951     325    -1382        f
952     398    -1374        f
953     467    -1367        f
954     533    -1360        f
955     597    -1353        f
956     657    -1347        f
957     715    -1340        f
958     770    -1335        f
959     823    -1329        f
960     873    -1324        f
961     921    -1318        f
962     967    -1314        f
963     1011    -1309        f
964     1053    -1304        f
965     1093    -1300        f
966     1131    -1296        f
967     1168    -1292        f
968     1168    -1292        l
969     1168    -1292        l
970     1168    -1292        l
971     1168    -1292        f
972     1168    -1292        f
973     1168    -1292        f
974     1168    -1292        f
975     1168    -1292        f
976     1168    -1292        f
977     1168    -1292        f
978     1168    -1292        f
979     1168    -1292        f
980     1168    -1292        f
981     1168    -1292        f
982     1168    -1292        f
983     1168    -1292        f
984     1168    -1292        f
985     1168    -1292        f
986     1168    -1292        f
987     1168    -1292        f
988     1168    -1292        f
989     1168    -1292        f
990     1168    -1292        f
991     1168    -1292        f
992     1168    -1292        f
993     1168    -1292        f
994     1168    -1292        f
995     1168    -1292        f
996     1168    -1292        f
997     1168    -1292        f
998     1168    -1292        f
999     1168    -1292        f
1000     1168    -1292        r
1001     1168    -1292        r
1002     1168    -1292        r
1003     1168    -1292        f
1004     1094    -1312        f
1005     1023    -1331        f
1006     956    -1349        f
1007     892    -1367        f
1008     830    -1383        f
1009     772    -1399        f
1010     716    -1414        f
1011     662    -1429        f
1012     611    -1443        f
1013     563    -1456        f
1014     516    -1468        f
1015     471    -1480        f
1016     429    -1492        f
1017     388    -1503        f
1018     350    -1513        f
1019     313    -1523        f
1020     277    -1533        f
1021     244    -1542        f
1022     211    -1551        f
1023     181    -1559        f
1024     151    -1567        f
1025     123    -1575        f
1026     96    -1582        f
1027     71    -1589        f
1028     46    -1595        f
1029     23    -1602        f
1030     1    -1607        f
1031     -20    -1613        f
1032     -40    -1619        f
1033     -59    -1623        f
1034     -78    -1629        f
1035     -96    -1634        f
1036     -112    -1638        f
1037     -129    -1643        f
1038     -144    -1647        f
1039     -159    -1651        f
1040     -173    -1655        f
1041     -186    -1657        f
1042     -199    -1662        f
1043     -211    -1664        f
1044     -223    -1668        f
1045     -234    -1671        f
1046     -245    -1673        f
1047     -254    -1677        f
1048     -265    -1679        f
1049     -274    -1682        f
1050     -283    -1684        f
1051     -291    -1687        f
1052     -299    -1689        f
1053     -299    -1689        l
1054     -299    -1689        l
1055     -299    -1689        l
1056     -299    -1689        f
1057     -196    -1769        f
1058     -97    -1845        f
1059     -3    -1917        f
1060     86    -1987        f
1061     172    -2053        f
1062     254    -2117        f
1063     332    -2177        f
1064     407    -2235        f
1065     479    -2290        f
1066     547    -2343        f
1067     613    -2393        f
1068     675    -2441        f
1069     735    -2487        f
1070     791    -2531        f
1071     846    -2573        f
1072     898    -2613        f
1073     947    -2651        f
1074     994    -2687        f
1075     1040    -2722        f
1076     1083    -2755        f
1077     1124    -2787        f
1078     1164    -2817        f
1079     1201    -2846        f
1080     1237    -2874        f
1081     1272    -2900        f
1082     1304    -2926        f
1083     1336    -2950        f
1084     1365    -2973        f
1085     1394    -2995        f
1086     1421    -3016        f
1087     1447    -3036        f
1088     1472    -3055        f
1089     1496    -3073        f
1090     1518    -3091        f
1091     1540    -3108        f
1092     1560    -3124        f
1093     1580    -3139        f
1094     1599    -3153        f
1095     1617    -3167        f
1096     1634    -3180        f
1097     1651    -3193        f
1098     1666    -3204        f
1099     1680    -3217        f
1100     1695    -3228        f
1101     1709    -3238        f
1102     1722    -3247        f
1103     1735    -3258        f
1104     1746    -3267        f
1105     1757    -3276        f
1106     1769    -3284        f
1107     1779    -3292        f
1108     1789    -3300        f
1109     1789    -3250        f
1110     1789    -3250        f
1111     1789    -3250        f
1112     1789    -3250        r
1113     1789    -3250        r
1114     1789    -3250        r
1115     1789    -3250        f
1116     1748    -3186        f
1117     1711    -3125        f
1118     1675    -3067        f
1119     1639    -3012        f
1120     1607    -2959        f
1121     1575    -2909        f
1122     1545    -2861        f
1123     1516    -2815        f
1124     1489    -2771        f
1125     1462    -2729        f
1126     1437    -2689        f
1127     1413    -2651        f
1128     1390    -2614        f
1129     1369    -2579        f
1130     1348    -2546        f
1131     1328    -2514        f
1132     1309    -2484        f
1133     1291    -2455        f
1134     1273    -2427        f
1135     1257    -2400        f
1136     1241    -2375        f
1137     1226    -2351        f
1138     1212    -2327        f
1139     1198    -2305        f
1140     1185    -2284        f
1141     1172    -2264        f
1142     1160    -2245        f
1143     1149    -2226        f
1144     1138    -2209        f
1145     1127    -2192        f
1146     1117    -2176        f
1147     1108    -2161        f
1148     1099    -2146        f
1149     1090    -2132        f
1150     1082    -2119        f
1151     1074    -2106        f
1152     1066    -2094        f
1153     1059    -2083        f
1154     1052    -2072        f
1155     1046    -2061        f
1156     1040    -2051        f
1157     1034    -2041        f
1158     1028    -2032        f
1159     1028    -2032        r
1160     1028    -2032        r
1161     1028    -2032        f
1162     953    -2014        f
1163     883    -1996        f
1164     815    -1979        f
1165     750    -1963        f
1166     689    -1947        f
1167     630    -1932        f
1168     574    -1919        f
1169     520    -1905        f
1170     469    -1893        f
1171     420    -1880        f
1172     373    -1869        f
1173     328    -1857        f
1174     286    -1847        f
1175     245    -1837        f
1176     206    -1827        f
1177     169    -1818        f
1178     133    -1809        f
1179     99    -1800        f
1180     67    -1792        f
1181     36    -1785        f
1182     6    -1777        f
1183     -21    -1770        f
1184     -48    -1764        f
1185     -73    -1757        f
1186     -98    -1751        f
1187     -122    -1745        f
1188     -144    -1739        f
1189     -165    -1734        f
1190     -186    -1729        f
1191     -186    -1729        r
1192     -186    -1729        r
1193     -186    -1729        f
1194     -259    -1705        f
1195     -329    -1685        f
1196     -329    -1685        l
1197     -329    -1685        l
1198     -329    -1685        l
1199     -329    -1685        f
1200     0    0        f
1200     0    0        f
1200     0    0        f
1200     0    0        f
1200     0    0        f
1200     0    0        f
1200     0    0        f
1200     0    0        f
1200     0    0        f
1200     0    0        f
1200     0    0        f
1200     0    0        f
1200     0    0        f
1200     0    0        f
1200     0    0        f
1200     0    0        f
1200     0    0        f
1200     0    0        f
1200     0    0        f
1200     0    0        f
1200     0    0        f
1200     0    0        f
1200     0    0        f
1200     0    0        f
1200     0    0        f
1200     0    0        f
1200     0    0        f
1200     0    0        f
1200     0    0        f
1200     0    0        f
1200     0    0        f
1200     0    0        f
1200     0    0        f
1200     0    0        f
1200     0    0        f
1200     0    0        f
1200     0    0        f
1200     0    0        f
1200     0    0        f
1200     0    0        f
1200     0    0        f
1200     0    0        f
1200     0    0        f
1200     0    0        f
1200     0    0        f
1200     0    0        f
1200     0    0        f
1200     0    0        f
1200     0    0        f
1200     0    0        f
1200     0    0        f
1200     0    0        f
1200     0    0        f
1200     0    0        f
1200     0    0        f
1200     0    0        f
1200     0    0        f
1200     0    0        f
1200     0    0        f
1200     0    0        f
1200     0    0        f
1200     0    0        f
1200     0    0        f
1200     0    0        f
1200     0    0        f
1200     0    0        f
1200     0    0        f
1200     0    0        f
1200     0    0        f
1200     0    0        f
1200     0    0        f
1200     0    0        f
1200     0    0        f
1200     0    0        f
1200     0    0        f
1200     0    0        f
1200     0    0        f
1200     0    0        f
1200     0    0        f
1200     0    0        f
1200     0    0        f
1200     0    0        f
1200     0    0        f
1200     0    0        f
1200     0    0        f
1200     0    0        f
1200     0    0        f
1200     0    0        f
1200     0    0        f
1200     0    0        f
1200     0    0        f
1200     0    0        f
1200     0    0        f
1200     0    0        f
1200     0    0        f
1200     0    0        f
1200     0    0        f
1200     0    0        f
1200     0    0        f
1200     0    0        f
1200     0    0        f
1200     0    0        f
1201     0    0        f
1202     0    0        f
1203     0    0        f
1204     0    0        f
1205     0    0        f
1206     0    0        f
1207     0    0        f
1208     0    0        f
1209     0    0        f
1210     0    0        f
1211     0    0        f
1212     0    0        f
1213     0    0        f
1214     0    0        f
1215     0    0        f
1216     0    0        f
1217     0    0        f
1218     0    0        f
1219     0    0        f
1220     0    0        f
1221     0    0        f
1222     0    0        f
1223     0    0        f
1224     0    0        f
1225     0    0        f
1226     0    0        f
1227     0    0        f
1228     0    0        f
1229     0    0        f
1230     0    0        f
1231     0    0        f
1232     0    0        f
1233     0    0        f
1234     0    0        f
1235     0    0        f
1236     0    0        f
1237     0    0        f
1238     0    0        f
1239     0    0        f
1240     0    0        f
1241     0    0        f
1242     0    0        f
1243     0    0        f
1244     0    0        f
1245     0    0        f
1246     0    0        f
1247     0    0        f
1248     0    0        f
1249     0    0        f
1250     0    0        f
1251     0    0        f
1252     0    0        f
1253     0    0        f
1254     0    0        f
1255     0    0        f
1256     0    0        f
1257     0    0        f
1258     0    0        f
1259     0    0        f
1260     0    0        f
1261     0    0        f
1262     0    0        f
1263     0    0        f
1264     0    0        f
1265     0    0        f
1266     0    0        f
1267     0    0        f
1268     0    0        f
1269     0    0        f
1270     0    0        f
1271     0    0        f
1272     0    0        f
1273     0    0        f
1274     0    0        f
1275     0    0        f
1276     0    0        f
1277     0    0        f
1278     0    0        f
1279     0    0        f
1280     0    0        f
1281     0    0        f
1282     0    0        f
1283     0    0        f
1284     0    0        f
1285     0    0        f
1286     0    0        f
1287     0    0        f
1288     0    0        f
1289     0    0        f
1290     0    0        f
1291     0    0        f
1292     0    0        f
1293     0    0        f
1294     0    0        f
1295     0    0        f
1296     0    0        f
1297     0    0        f
1298     0    0        f
1299     0    0        f
1300     0    0        f
1301     0    0        f
1302     0    0        f
1303     0    0        f
1304     0    0        f
1305     0    0        r
1306     0    0        r
1307     0    0        r
1308     0    0        r
1309     0    0        r
1310     0    0        r
1311     0    0        r
1312     0    0        r
1313     0    0        r
1314     0    0        r
1315     0    0        r
1316     0    0        r
1317     0    0        r
1318     0    0        r
1319     0    0        r
1320     0    0        r
1321     0    0        r
1322     0    0        r
1323     0    0        r
1324     0    0        l
1325     0    0        l
1326     0    0        r
1327     0    0        r
1328     0    0        r
1329     0    0        r
1330     0    0        r
1331     0    0        r
1332     0    0        r
1333     0    0        r
1334     0    0        r
1335     0    0        r
1336     0    0        r
1337     0    0        r
1338     0    0        r
1339     0    0        r
1340     0    0        r
1341     0    0        r
1342     0    0        r
1343     0    0        r
1344     0    0        r
1345     0    0        r
1346     0    0        r
1347     0    0        r
1348     0    0        r
1349     0    0        r
1350     0    0        r
1351     0    0        r
1352     0    0        r
1353     0    0        r
1354     0    0        r
1355     0    0        r
1356     0    0        r
1357     0    0        r
1358     0    0        f
1359     -69    32        f
1360     -134    64        f
1361     -197    94        f
1362     -258    123        f
1363     -315    150        f
1364     -370    176        f
1365     -422    200        f
1366     -472    225        f
1367     -520    248        f
1368     -566    269        f
1369     -609    290        f
1370     -651    310        f
1371     -691    329        f
1372     -729    347        f
1373     -765    364        f
1374     -800    381        f
1375     -833    397        f
1376     -864    412        f
1377     -894    426        f
1378     -923    440        f
1379     -951    453        f
1380     -977    465        f
1381     -1002    476        f
1382     -1026    488        f
1383     -1049    499        f
1384     -1071    509        f
1385     -1092    520        f
1386     -1112    529        f
1387     -1131    538        f
1388     -1149    547        f
1389     -1166    555        f
1390     -1183    563        f
1391     -1199    571        f
1392     -1214    578        f
1393     -1228    585        f
1394     -1242    591        f
1395     -1255    597        f
1396     -1268    603        f
1397     -1280    609        f
1398     -1291    615        f
1399     -1302    620        f
1400     -1313    625        f
1401     -1323    630        f
1402     -1332    634        f
1403     -1341    638        f
1404     -1350    643        f
1405     -1358    646        f
1406     -1366    650        f
1407     -1374    654        f
1408     -1381    657        f
1409     -1388    661        f
1410     -1395    664        f
1411     -1401    667        f
1412     -1407    670        f
1413     -1413    672        f
1414     -1418    675        f
1415     -1418    675        r
1416     -1418    675        r
1417     -1418    675        r
1418     -1418    675        f
1419     -1418    675        l
1420     -1418    675        l
1421     -1418    675        l
1422     -1418    675        l
1423     -1418    675        f
1424     -1346    650        f
1425     -1277    625        f
1426     -1211    602        f
1427     -1149    580        f
1428     -1089    559        f
1429     -1032    539        f
1430     -977    520        f
1431     -925    501        f
1432     -875    484        f
1433     -827    467        f
1434     -782    451        f
1435     -738    436        f
1436     -697    421        f
1437     -657    407        f
1438     -619    394        f
1439     -583    381        f
1440     -549    369        f
1441     -516    357        f
1442     -484    346        f
1443     -454    336        f
1444     -454    336        r
1445     -454    336        r
1446     -454    336        r
1447     -454    336        f
1448     -454    336        f
1449     -454    336        f
1450     -454    336        f
1451     -454    336        f
1452     -454    336        f
1453     -454    336        f
1454     -454    336        f
1455     -454    336        f
1456     -454    336        f
1457     -454    336        f
1458     -454    336        f
1459     -454    336        f
1460     -454    336        f
1461     -454    336        f
1462     -454    336        f
1463     -454    336        f
1464     -454    336        f
1465     -454    336        f
1466     -454    336        f
1467     -454    336        f
1468     -454    336        f
1469     -454    336        f
1470     -454    336        f
1471     -454    336        f
1472     -454    336        f
1473     -454    336        f
1474     -454    336        f
1475     -454    336        f
1476     -454    336        f
1477     -454    336        f
1478     -454    336        f
1479     -454    336        l
1480     -454    336        l
1481     -454    336        l
1482     -454    336        f
1483     -384    305        f
1484     -317    276        f
1485     -254    247        f
1486     -193    221        f
1487     -134    195        f
1488     -79    171        f
1489     -26    147        f
1490     24    125        f
1491     72    104        f
1492     119    83        f
1493     163    64        f
1494     204    46        f
1495     245    28        f
1496     284    11        f
1497     321    -4        f
1498     356    -20        f
1499     389    -34        f
1500     421    -48        f
1501     451    -62        f
1502     451    -62        r
1503     451    -62        f
1504     383    -95        f
1505     317    -126        f
1506     254    -156        f
1507     193    -185        f
1508     136    -212        f
1509     81    -238        f
1510     28    -263        f
1511     -21    -286        f
1512     -69    -309        f
1513     -114    -331        f
1514     -158    -351        f
1515     -200    -371        f
1516     -240    -390        f
1517     -278    -408        f
1518     -314    -425        f
1519     -349    -441        f
1520     -382    -457        f
1521     -413    -472        f
1522     -444    -486        f
1523     -473    -500        f
1524     -500    -513        f
1525     -527    -525        f
1526     -552    -537        f
1527     -576    -548        f
1528     -599    -559        f
1529     -621    -569        f
1530     -642    -579        f
1531     -662    -589        f
1532     -681    -597        f
1533     -699    -606        f
1534     -717    -614        f
1535     -733    -622        f
1536     -733    -622        r
1537     -733    -622        r
1538     -733    -622        f
1539     -809    -611        f
1540     -881    -600        f
1541     -950    -590        f
1542     -1016    -580        f
1543     -1079    -571        f
1544     -1139    -562        f
1545     -1196    -553        f
1546     -1251    -545        f
1547     -1304    -538        f
1548     -1353    -530        f
1549     -1401    -523        f
1550     -1447    -516        f
1551     -1490    -509        f
1552     -1532    -504        f
1553     -1571    -498        f
1554     -1609    -492        f
1555     -1645    -487        f
1556     -1680    -482        f
1557     -1713    -476        f
1558     -1745    -472        f
1559     -1775    -468        f
1560     -1803    -463        f
1561     -1830    -459        f
1562     -1857    -455        f
1563     -1882    -451        f
1564     -1905    -449        f
1565     -1929    -445        f
1566     -1951    -442        f
1567     -1971    -438        f
1568     -1991    -436        f
1569     -2010    -433        f
1570     -2028    -430        f
1571     -2046    -428        f
1572     -2062    -425        f
1573     -2078    -423        f
1574     -2093    -421        f
1575     -2107    -419        f
1576     -2121    -417        f
1577     -2134    -415        f
1578     -2147    -413        f
1579     -2159    -411        f
1580     -2170    -409        f
1581     -2181    -408        f
1582     -2192    -405        f
1583     -2202    -405        f
1584     -2211    -403        f
1585     -2220    -401        f
1586     -2229    -401        f
1587     -2237    -400        f
1588     -2245    -398        f
1589     -2253    -397        f
1590     -2260    -396        f
1591     -2267    -395        f
1592     -2273    -394        f
1593     -2280    -393        f
1594     -2286    -392        f
1595     -2291    -392        f
1596     -2297    -391        f
1597     -2302    -390        f
1598     -2307    -389        f
1599     -2312    -388        f
1600     -2316    -388        f
1601     -2321    -387        f
1602     -2325    -387        f
1603     -2329    -386        f
1604     -2333    -385        f
1605     -2336    -385        f
1606     -2340    -384        f
1607     -2343    -384        f
1608     -2346    -383        f
1609     -2349    -383        f
1610     -2352    -383        f
1611     -2355    -382        f
1612     -2357    -382        f
1613     -2360    -381        f
1614     -2362    -381        f
1615     -2365    -381        f
1616     -2365    -381        l
1617     -2365    -381        l
1618     -2365    -381        r
1619     -2365    -381        r
1620     -2365    -381        f
1621     -2513    -359        f
1622     -2655    -338        f
1623     -2790    -318        f
1624     -2919    -299        f
1625     -3043    -281        f
1626     -3161    -264        f
1627     -3274    -247        f
1628     -3381    -231        f
1629     -3484    -216        f
1630     -3582    -202        f
1631     -3676    -188        f
1632     -3765    -175        f
1633     -3852    -162        f
1634     -3934    -150        f
1635     -4011    -139        f
1636     -4086    -128        f
1637     -4158    -117        f
1638     -4226    -107        f
1639     -4291    -98        f
1640     -4354    -89        f
1641     -4354    -89        l
1642     -4354    -89        f
1643     -4204    -85        f
1644     -4060    -81        f
1645     -3922    -78        f
1646     -3793    -74        f
1647     -3668    -71        f
1648     -3549    -68        f
1649     -3435    -65        f
1650     -3326    -62        f
1651     -3222    -60        f
1652     -3123    -56        f
1653     -3028    -55        f
1654     -2938    -52        f
1655     -2852    -50        f
1656     -2769    -48        f
1657     -2691    -46        f
1658     -2616    -44        f
1659     -2544    -42        f
1660     -2476    -40        f
1661     -2410    -39        f
1662     -2348    -37        f
1663     -2288    -36        f
1664     -2231    -34        f
1665     -2177    -33        f
1666     -2125    -31        f
1667     -2075    -30        f
1668     -2028    -28        f
1669     -1982    -28        f
1670     -1939    -27        f
1671     -1898    -26        f
1672     -1859    -25        f
1673     -1821    -24        f
1674     -1785    -23        f
1675     -1750    -22        f
1676     -1717    -21        f
1677     -1686    -20        f
1678     -1655    -19        f
1679     -1627    -19        f
1680     -1600    -18        f
1681     -1574    -17        f
1682     -1549    -17        f
1683     -1525    -16        f
1684     -1502    -15        f
1685     -1481    -15        f
1686     -1460    -14        f
1687     -1440    -14        f
1688     -1421    -13        f
1689     -1403    -13        f
1690     -1386    -13        f
1691     -1369    -12        f
1692     -1354    -12        f
1693     -1339    -11        f
1694     -1324    -11        f
1695     -1311    -11        f
1696     -1298    -10        f
1697     -1285    -10        f
1698     -1273    -10        f
1699     -1262    -9        f
1700     -1251    -9        f
1701     -1240    -9        f
1702     -1230    -9        f
1703     -1221    -8        f
1704     -1212    -8        f
1705     -1203    -8        f
1706     -1195    -8        f
1707     -1187    -7        f
1708     -1180    -7        f
1709     -1172    -7        f
1710     -1166    -7        f
1711     -1159    -7        f
1712     -1153    -7        f
1713     -1147    -6        f
1714     -1141    -6        f
1715     -1135    -6        f
1716     -1130    -6        f
1717     -1125    -6        f
1718     -1121    -6        f
1719     -1116    -6        f
1720     -1112    -5        f
1721     -1107    -5        f
1722     -1104    -5        f
1723     -1100    -5        f
1724     -1096    -5        f
1725     -1093    -5        f
1726     -1093    -5        r
1727     -1093    -5        r
1728     -1093    -5        r
1729     -1093    -5        f
1730     -1167    -23        f
1731     -1167    -23        l
1732     -1167    -23        l
1733     -1167    -23        f
1734     -1091    -30        f
1735     -1018    -37        f
1736     -949    -44        f
1737     -882    -50        f
1738     -819    -56        f
1739     -758    -61        f
1740     -701    -67        f
1741     -646    -72        f
1742     -593    -77        f
1743     -543    -82        f
1744     -495    -86        f
1745     -449    -91        f
1746     -405    -95        f
1747     -364    -99        f
1748     -324    -102        f
1749     -324    -102        r
1750     -324    -102        r
1751     -324    -102        r
1752     -324    -102        f
1753     -400    -107        f
1754     -473    -112        f
1755     -542    -117        f
1756     -609    -121        f
1757     -672    -126        f
1758     -733    -130        f
1759     -791    -133        f
1760     -846    -137        f
1761     -899    -141        f
1762     -949    -144        f
1763     -997    -147        f
1764     -1043    -150        f
1765     -1087    -153        f
1766     -1129    -156        f
1767     -1169    -159        f
1768     -1208    -161        f
1769     -1244    -164        f
1770     -1279    -166        f
1771     -1313    -168        f
1772     -1344    -170        f
1773     -1375    -172        f
1774     -1404    -174        f
1775     -1432    -176        f
1776     -1458    -178        f
1777     -1484    -180        f
1778     -1508    -181        f
1779     -1531    -183        f
1780     -1553    -184        f
1781     -1574    -186        f
1782     -1595    -187        f
1783     -1614    -188        f
1784     -1632    -190        f
1785     -1650    -191        f
1786     -1667    -192        f
1787     -1682    -193        f
1788     -1698    -194        f
1789     -1712    -195        f
1790     -1726    -196        f
1791     -1739    -197        f
1792     -1752    -197        f
1793     -1764    -198        f
1794     -1776    -199        f
1795     -1787    -200        f
1796     -1798    -200        f
1797     -1807    -200        f
1798     -1818    -202        f
1799     -1827    -202        f
1800     -1836    -202        f
1801     -1844    -204        f
1802     -1852    -204        f
1803     -1860    -204        f
1804     -1867    -204        f
1805     -1873    -206        f
1806     -1880    -206        f
1807     -1887    -206        f
1808     -1893    -206        f
1809     -1898    -206        f
1810     -1905    -208        f
1811     -1910    -208        f
1812     -1914    -208        f
1813     -1920    -209        f
1814     -1923    -209        f
1815     -1929    -209        f
1816     -1932    -209        f
1817     -1937    -210        f
1818     -1941    -210        f
1819     -1944    -210        f
1820     -1948    -210        f
1821     -1951    -211        f
1822     -1954    -211        f
1823     -1957    -211        f
1824     -1960    -211        f
1825     -1960    -211        l
1826     -1960    -211        l
1827     -1960    -211        l
1828     -1960    -211        f
1829     -1889    -183        f
1830     -1889    -183        r
1831     -1889    -183        r
1832     -1889    -183        r
1833     -1889    -183        r
1834     -1889    -183        r
1835     -1889    -183        r
1836     -1889    -183        r
1837     -1889    -183        r
1838     -1889    -183        r
1839     -1889    -183        r
1840     -1889    -183        r
1841     -1889    -183        r
1842     -1889    -183        r
1843     -1889    -183        r
1844     -1889    -183        r
1845     -1889    -183        r
1846     -1889    -183        r
1847     -1889    -183        r
1848     -1889    -183        r
1849     -1889    -183        r
1850     -1889    -183        r
1851     -1889    -183        r
1852     -1889    -183        r
1853     -1889    -183        r
1854     -1889    -183        r
1855     -1889    -183        r
1856     -1889    -183        l
1857     -1889    -183        r
1858     -1889    -183        l
1859     -1889    -183        l
1860     -1889    -183        r
1861     -1889    -183        l
1862     -1889    -183        l
1863     -1889    -183        l
1864     -1889    -183        l
1865     -1889    -183        r
1866     -1889    -183        l
1867     -1889    -183        l
1868     -1889    -183        r
1869     -1889    -183        r
1870     -1889    -183        l
1871     -1889    -183        r
1872     -1889    -183        r
1873     -1889    -183        l
1874     -1889    -183        l
1875     -1889    -183        l
1876     -1889    -183        r
1877     -1889    -183        l
1878     -1889    -183        r
1879     -1889    -183        l
1880     -1889    -183        l
1881     -1889    -183        l
1882     -1889    -183        l
1883     -1889    -183        l
1884     -1889    -183        l
1885     -1889    -183        l
1886     -1889    -183        l
1887     -1889    -183        l
1888     -1889    -183        l
1889     -1889    -183        r
1890     -1889    -183        r
1891     -1889    -183        l
1892     -1889    -183        l
1893     -1889    -183        r
1894     -1889    -183        l
1895     -1889    -183        l
1896     -1889    -183        r
1897     -1889    -183        r
1898     -1889    -183        l
1899     -1889    -183        l
1900     -1889    -183        r
1901     -1889    -183        l
1902     -1889    -183        r
1903     -1889    -183        r
1904     -1889    -183        l
1905     -1889    -183        r
1906     -1889    -183        r
1907     -1889    -183        l
1908     -1889    -183        l
1909     -1889    -183        r
1910     -1889    -183        l
1911     -1889    -183        l
1912     -1889    -183        l
1913     -1889    -183        l
1914     -1889    -183        l
1915     -1889    -183        l
1916     -1889    -183        l
1917     -1889    -183        l
1918     -1889    -183        l
1919     -1889    -183        l
1920     -1889    -183        l
1921     -1889    -183        l
1922     -1889    -183        l
1923     -1889    -183        l
1924     -1889    -183        l
1925     -1889    -183        r
1926     -1889    -183        l
1927     -1889    -183        l
1928     -1889    -183        l
1929     -1889    -183        r
1930     -1889    -183        r
1931     -1889    -183        r
1932     -1889    -183        r
1933     -1889    -183        f
1934     -1964    -202        f
1935     -2034    -221        f
1936     -2102    -238        f
1937     -2166    -254        f
1938     -2228    -272        f
1939     -2286    -287        f
1940     -2343    -302        f
1941     -2396    -316        f
1942     -2447    -330        f
1943     -2496    -342        f
1944     -2543    -355        f
1945     -2588    -367        f
1946     -2630    -378        f
1947     -2671    -388        f
1948     -2710    -399        f
1949     -2747    -409        f
1950     -2783    -418        f
1951     -2817    -426        f
1952     -2849    -434        f
1953     -2880    -444        f
1954     -2910    -451        f
1955     -2938    -459        f
1956     -2965    -466        f
1957     -2991    -473        f
1958     -3015    -479        f
1959     -3039    -484        f
1960     -3061    -491        f
1961     -3083    -497        f
1962     -3104    -501        f
1963     -3123    -508        f
1964     -3142    -512        f
1965     -3160    -517        f
1966     -3177    -522        f
1967     -3193    -526        f
1968     -3209    -530        f
1969     -3224    -534        f
1970     -3238    -538        f
1971     -3252    -541        f
1972     -3265    -545        f
1973     -3277    -548        f
1974     -3289    -551        f
1975     -3289    -551        l
1976     -3289    -551        l
1977     -3289    -551        l
1978     -3289    -551        f
1979     -3213    -563        f
1980     -3141    -575        f
1981     -3072    -586        f
1982     -3007    -596        f
1983     -2944    -606        f
1984     -2884    -616        f
1985     -2826    -625        f
1986     -2772    -633        f
1987     -2719    -642        f
1988     -2669    -650        f
1989     -2622    -657        f
1990     -2576    -665        f
1991     -2533    -672        f
1992     -2491    -678        f
1993     -2451    -685        f
1994     -2413    -691        f
1995     -2377    -696        f
1996     -2343    -702        f
1997     -2309    -707        f
1998     -2278    -712        f
1999     -2248    -717        f
2000     -2219    -722        f
2001     -2192    -726        f
2002     -2166    -730        f
2003     -2141    -734        f
2004     -2117    -738        f
2005     -2094    -742        f
2006     -2072    -745        f
2007     -2051    -748        f
2008     -2030    -751        f
2009     -2030    -751        l
2010     -2030    -751        l
2011     -2030    -751        l
2012     -2030    -751        f
2013     -1959    -883        f
2014     -1889    -1008        f
2015     -1823    -1128        f
2016     -1761    -1243        f
2017     -1701    -1352        f
2018     -1644    -1456        f
2019     -1589    -1556        f
2020     -1537    -1651        f
2021     -1487    -1742        f
2022     -1439    -1828        f
2023     -1393    -1911        f
2024     -1350    -1989        f
2025     -1308    -2066        f
2026     -1269    -2138        f
2027     -1231    -2207        f
2028     -1194    -2272        f
2029     -1160    -2335        f
2030     -1127    -2395        f
2031     -1095    -2452        f
2032     -1065    -2507        f
2033     -1036    -2559        f
2034     -1009    -2609        f
2035     -983    -2657        f
2036     -958    -2702        f
2037     -934    -2746        f
2038     -911    -2787        f
2039     -889    -2827        f
2040     -868    -2865        f
2041     -848    -2901        f
2042     -828    -2935        f
2043     -811    -2968        f
2044     -794    -2999        f
2045     -777    -3029        f
2046     -761    -3058        f
2047     -746    -3085        f
2048     -732    -3111        f
2049     -718    -3136        f
2050     -705    -3160        f
2051     -692    -3183        f
2052     -680    -3204        f
2053     -669    -3225        f
2054     -658    -3245        f
2055     -648    -3264        f
2056     -638    -3282        f
2057     -628    -3299        f
2058     -619    -3315        f
2059     -619    -3250        f
2060     -619    -3250        f
2061     -619    -3250        f
2062     -619    -3250        f
2063     -619    -3250        f
2064     -619    -3250        f
2065     -619    -3250        f
2066     -619    -3250        f
2067     -619    -3250        f
2068     -619    -3250        f
2069     -619    -3250        f
2070     -619    -3250        f
2071     -619    -3250        f
2072     -619    -3250        f
2073     -619    -3250        f
2074     -619    -3250        f
2075     -619    -3250        f
2076     -619    -3250        f
2077     -619    -3250        f
2078     -619    -3250        f
2079     -619    -3250        f
2080     -619    -3250        f
2081     -619    -3250        f
2082     -619    -3250        f
2083     -619    -3250        f
2084     -619    -3250        f
2085     -619    -3250        f
2086     -619    -3250        f
2087     -619    -3250        f
2088     -619    -3250        f
2089     -619    -3250        f
2090     -619    -3250        f
2091     -619    -3250        f
2092     -619    -3250        f
2093     -619    -3250        f
2094     -619    -3250        f
2095     -619    -3250        f
2096     -619    -3250        f
2097     -619    -3250        f
2098     -619    -3250        f
2099     -619    -3250        f
2100     -619    -3250        f
2101     -619    -3250        f
2102     -619    -3250        r
2103     -619    -3250        r
2104     -619    -3250        r
2105     -619    -3250        f
2106     -681    -3208        f
2107     -741    -3168        f
2108     -798    -3130        f
2109     -852    -3093        f
2110     -903    -3058        f
2111     -952    -3025        f
2112     -1000    -2993        f
2113     -1045    -2963        f
2114     -1089    -2934        f
2115     -1130    -2906        f
2116     -1169    -2880        f
2117     -1206    -2855        f
2118     -1242    -2830        f
2119     -1277    -2807        f
2120     -1309    -2785        f
2121     -1341    -2765        f
2122     -1370    -2745        f
2123     -1399    -2725        f
2124     -1426    -2707        f
2125     -1452    -2690        f
2126     -1477    -2673        f
2127     -1501    -2657        f
2128     -1524    -2642        f
2129     -1545    -2628        f
2130     -1566    -2614        f
2131     -1586    -2601        f
2132     -1605    -2588        f
2133     -1623    -2576        f
2134     -1639    -2564        f
2135     -1655    -2553        f
2136     -1672    -2543        f
2137     -1687    -2533        f
2138     -1701    -2523        f
2139     -1714    -2514        f
2140     -1728    -2506        f
2141     -1739    -2497        f
2142     -1752    -2489        f
2143     -1763    -2482        f
2144     -1773    -2474        f
2145     -1785    -2467        f
2146     -1795    -2461        f
2147     -1804    -2455        f
2148     -1813    -2449        f
2149     -1822    -2443        f
2150     -1830    -2437        f
2151     -1838    -2432        f
2152     -1845    -2427        f
2153     -1852    -2422        f
2154     -1859    -2418        f
2155     -1866    -2413        f
2156     -1872    -2409        f
2157     -1878    -2405        f
2158     -1884    -2401        f
2159     -1889    -2398        f
2160     -1894    -2394        f
2161     -1898    -2391        f
2162     -1904    -2388        f
2163     -1907    -2385        f
2164     -1913    -2382        f
2165     -1917    -2379        f
2166     -1921    -2376        f
2167     -1923    -2374        f
2168     -1928    -2372        f
2169     -1930    -2369        f
2170     -1935    -2367        f
2171     -1938    -2365        f
2172     -1941    -2363        f
2173     -1944    -2361        f
2174     -1946    -2359        f
2175     -1948    -2358        f
2176     -1952    -2356        f
2177     -1954    -2354        f
2178     -1955    -2353        f
2179     -1955    -2353        r
2180     -1955    -2353        r
2181     -1955    -2353        f
2182     -2019    -2217        f
2183     -2079    -2086        f
2184     -2136    -1962        f
2185     -2191    -1844        f
2186     -2243    -1730        f
2187     -2293    -1623        f
2188     -2341    -1519        f
2189     -2341    -1519        l
2190     -2341    -1519        l
2191     -2341    -1519        f
2192     -2265    -1506        f
2193     -2193    -1493        f
2194     -2125    -1480        f
2195     -2059    -1469        f
2196     -1997    -1457        f
2197     -1997    -1457        r
2198     -1997    -1457        r
2199     -1997    -1457        f
2200     -2046    -1399        f
2201     -2092    -1342        f
2202     -2137    -1289        f
2203     -2180    -1238        f
2204     -2220    -1189        f
2205     -2259    -1142        f
2206     -2296    -1097        f
2207     -2332    -1055        f
2208     -2366    -1014        f
2209     -2398    -975        f
2210     -2429    -938        f
2211     -2459    -902        f
2212     -2487    -869        f
2213     -2514    -836        f
2214     -2539    -806        f
2215     -2564    -776        f
2216     -2588    -748        f
2217     -2610    -721        f
2218     -2631    -696        f
2219     -2652    -671        f
2220     -2671    -648        f
2221     -2690    -625        f
2222     -2708    -604        f
2223     -2725    -583        f
2224     -2741    -564        f
2225     -2757    -545        f
2226     -2772    -527        f
2227     -2786    -509        f
2228     -2799    -494        f
2229     -2812    -479        f
2230     -2825    -463        f
2231     -2836    -450        f
2232     -2848    -436        f
2233     -2859    -423        f
2234     -2869    -411        f
2235     -2879    -399        f
2236     -2888    -388        f
2237     -2897    -377        f
2238     -2906    -367        f
2239     -2914    -357        f
2240     -2921    -348        f
2241     -2929    -339        f
2242     -2936    -331        f
2243     -2943    -322        f
2244     -2949    -315        f
2245     -2956    -307        f
2246     -2962    -300        f
2247     -2967    -293        f
2248     -2973    -287        f
2249     -2978    -281        f
2250     -2983    -275        f
2251     -2987    -269        f
2252     -2992    -264        f
2253     -2996    -258        f
2254     -3000    -252        f
2255     -3004    -249        f
2256     -3008    -244        f
2257     -3011    -240        f
2258     -3015    -236        f
2259     -3018    -231        f
2260     -3021    -227        f
2261     -3021    -227        l
2262     -3021    -227        l
2263     -3021    -227        l
2264     -3021    -227        f
2265     -2954    -192        f
2266     -2889    -158        f
2267     -2828    -126        f
2268     -2769    -94        f
2269     -2713    -65        f
2270     -2659    -36        f
2271     -2608    -9        f
2272     -2559    16        f
2273     -2512    41        f
2274     -2468    64        f
2275     -2425    87        f
2276     -2385    109        f
2277     -2346    129        f
2278     -2309    149        f
2279     -2274    168        f
2280     -2240    185        f
2281     -2208    202        f
2282     -2177    219        f
2283     -2147    235        f
2284     -2119    249        f
2285     -2092    264        f
2286     -2067    277        f
2287     -2042    290        f
2288     -2019    303        f
2289     -1997    314        f
2290     -1975    326        f
2291     -1955    337        f
2292     -1935    347        f
2293     -1917    357        f
2294     -1898    366        f
2295     -1882    375        f
2296     -1866    384        f
2297     -1850    392        f
2298     -1835    400        f
2299     -1821    407        f
2300     -1807    413        f
2301     -1795    421        f
2302     -1782    426        f
2303     -1771    434        f
2304     -1760    440        f
2305     -1748    445        f
2306     -1739    451        f
2307     -1729    455        f
2308     -1720    461        f
2309     -1711    465        f
2310     -1702    470        f
2311     -1694    474        f
2312     -1686    478        f
2313     -1679    482        f
2314     -1672    486        f
2315     -1664    490        f
2316     -1659    493        f
2317     -1653    496        f
2318     -1647    499        f
2319     -1641    501        f
2320     -1636    505        f
2321     -1630    508        f
2322     -1626    511        f
2323     -1621    513        f
2324     -1617    515        f
2325     -1612    518        f
2326     -1607    520        f
2327     -1604    522        f
2328     -1601    524        f
2329     -1597    526        f
2330     -1594    527        f
2331     -1591    529        f
2332     -1587    531        f
2333     -1585    532        f
2334     -1582    534        f
2335     -1579    535        f
2336     -1577    537        f
2337     -1574    538        f
2338     -1572    539        f
2339     -1570    540        f
2340     -1567    542        f
2341     -1565    543        f
2342     -1563    544        f
2343     -1562    545        f
2344     -1560    546        f
2345     -1558    546        f
2346     -1556    547        f
2347     -1555    548        f
2348     -1553    549        f
2349     -1552    550        f
2350     -1551    550        f
2351     -1549    551        f
2352     -1548    552        f
2353     -1547    552        f
2354     -1546    553        f
2355     -1545    553        f
2356     -1545    553        l
2357     -1545    553        l
2358     -1545    553        l
2359     -1545    553        f
2360     -1429    649        f
2361     -1318    740        f
2362     -1213    826        f
2363     -1112    909        f
2364     -1016    989        f
2365     -924    1064        f
2366     -836    1137        f
2367     -753    1206        f
2368     -673    1271        f
2369     -597    1334        f
2370     -524    1394        f
2371     -454    1452        f
2372     -388    1506        f
2373     -324    1559        f
2374     -264    1609        f
2375     -206    1655        f
2376     -150    1702        f
2377     -98    1745        f
2378     -47    1787        f
2379     0    1827        f
2380     45    1864        f
2381     89    1901        f
2382     131    1935        f
2383     171    1969        f
2384     209    2000        f
2385     246    2030        f
2386     281    2059        f
2387     314    2086        f
2388     346    2113        f
2389     376    2138        f
2390     405    2162        f
2391     433    2185        f
2392     459    2206        f
2393     484    2227        f
2394     508    2247        f
2395     531    2266        f
2396     554    2284        f
2397     575    2302        f
2398     595    2318        f
2399     614    2334        f
