step   ball_X    ball_Y    side
0     0    0        f
0     0    0        f
0     0    0        f
0     0    0        f
0     0    0        f
0     0    0        f
0     0    0        f
0     0    0        f
0     0    0        f
0     0    0        f
0     0    0        f
0     0    0        f
0     0    0        f
0     0    0        f
0     0    0        f
0     0    0        f
0     0    0        f
0     0    0        f
0     0    0        f
0     0    0        f
0     0    0        f
0     0    0        f
0     0    0        f
0     0    0        f
0     0    0        f
0     0    0        f
0     0    0        f
0     0    0        f
0     0    0        f
0     0    0        f
0     0    0        f
0     0    0        f
0     0    0        f
0     0    0        f
0     0    0        f
0     0    0        f
0     0    0        f
0     0    0        f
0     0    0        f
0     0    0        f
0     0    0        f
0     0    0        f
0     0    0        f
0     0    0        f
0     0    0        f
0     0    0        f
0     0    0        f
0     0    0        f
0     0    0        f
0     0    0        f
0     0    0        f
0     0    0        f
0     0    0        f
0     0    0        f
0     0    0        f
0     0    0        f
0     0    0        f
0     0    0        f
0     0    0        f
0     0    0        f
0     0    0        f
0     0    0        f
0     0    0        f
0     0    0        f
0     0    0        f
0     0    0        f
0     0    0        f
0     0    0        f
0     0    0        f
0     0    0        f
0     0    0        f
0     0    0        f
0     0    0        f
0     0    0        f
1     0    0        f
2     0    0        f
3     0    0        f
4     0    0        f
5     0    0        f
6     0    0        f
7     0    0        f
8     0    0        f
9     0    0        f
10     0    0        f
11     0    0        f
12     0    0        f
13     0    0        f
14     0    0        f
15     0    0        f
16     0    0        f
17     0    0        f
18     0    0        f
19     0    0        f
20     0    0        f
21     0    0        f
22     0    0        f
23     0    0        f
24     0    0        f
25     0    0        f
26     0    0        f
27     0    0        f
28     0    0        f
29     0    0        f
30     0    0        f
31     0    0        f
32     0    0        f
33     0    0        f
34     0    0        f
35     0    0        f
36     0    0        f
37     0    0        f
38     0    0        f
39     0    0        f
40     0    0        f
41     0    0        f
42     0    0        f
43     0    0        f
44     0    0        f
45     0    0        f
46     0    0        f
47     0    0        f
48     0    0        f
49     0    0        f
50     0    0        f
51     0    0        f
52     0    0        f
53     0    0        f
54     0    0        f
55     0    0        f
56     0    0        f
57     0    0        f
58     0    0        f
59     0    0        f
60     0    0        f
61     0    0        f
62     0    0        f
63     0    0        f
64     0    0        f
65     0    0        f
66     0    0        f
67     0    0        f
68     0    0        f
69     0    0        f
70     0    0        f
71     0    0        f
72     0    0        f
73     0    0        f
74     0    0        f
75     0    0        f
76     0    0        f
77     0    0        f
78     0    0        f
79     0    0        f
80     0    0        f
81     0    0        f
82     0    0        f
83     0    0        f
84     0    0        f
85     0    0        f
86     0    0        f
87     0    0        f
88     0    0        f
89     0    0        f
90     0    0        f
91     0    0        f
92     0    0        f
93     0    0        f
94     0    0        f
95     0    0        f
96     0    0        f
97     0    0        f
98     0    0        f
99     0    0        f
100     0    0        f
101     0    0        f
102     0    0        f
103     0    0        f
104     0    0        f
105     0    0        l
106     0    0        l
107     0    0        l
108     0    0        l
109     0    0        l
110     0    0        l
111     0    0        l
112     0    0        l
113     0    0        l
114     0    0        l
115     0    0        l
116     0    0        l
117     0    0        l
118     0    0        l
119     0    0        l
120     0    0        l
121     0    0        l
122     0    0        l
123     0    0        l
124     0    0        l
125     0    0        r
126     0    0        r
127     0    0        l
128     0    0        l
129     0    0        l
130     0    0        r
131     0    0        l
132     0    0        r
133     0    0        r
134     0    0        r
135     0    0        l
136     0    0        r
137     0    0        r
138     0    0        l
139     0    0        l
140     0    0        l
141     0    0        l
142     0    0        l
143     0    0        l
144     0    0        l
145     0    0        l
146     0    0        l
147     0    0        l
148     0    0        l
149     0    0        l
150     0    0        l
151     0    0        l
152     0    0        l
153     0    0        l
154     0    0        l
155     0    0        l
156     0    0        r
157     0    0        l
158     0    0        r
159     0    0        r
160     0    0        r
161     0    0        r
162     0    0        r
163     0    0        r
164     0    0        r
165     0    0        r
166     0    0        r
167     0    0        r
168     0    0        r
169     0    0        r
170     0    0        r
171     0    0        r
172     0    0        r
173     0    0        r
174     0    0        r
175     0    0        r
176     0    0        r
177     0    0        r
178     0    0        r
179     0    0        f
180     -70    30        f
181     -136    60        f
182     -200    88        f
183     -261    113        f
184     -320    140        f
185     -375    164        f
186     -429    188        f
187     -479    210        f
188     -528    231        f
189     -574    252        f
190     -618    271        f
191     -661    290        f
192     -701    307        f
193     -740    324        f
194     -776    340        f
195     -811    356        f
196     -844    371        f
197     -877    385        f
198     -908    398        f
199     -936    411        f
200     -965    423        f
201     -992    434        f
202     -1017    446        f
203     -1041    457        f
204     -1065    467        f
205     -1087    476        f
206     -1108    486        f
207     -1128    495        f
208     -1147    503        f
209     -1166    511        f
210     -1166    511        r
211     -1166    511        r
212     -1166    511        r
213     -1166    511        f
214     -1166    511        f
215     -1166    511        f
216     -1166    511        f
217     -1166    511        f
218     -1166    511        f
219     -1166    511        f
220     -1166    511        l
221     -1166    511        l
222     -1166    511        f
223     -1016    521        f
224     -873    531        f
225     -737    541        f
226     -606    550        f
227     -482    558        f
228     -363    566        f
229     -249    574        f
230     -140    582        f
231     -37    589        f
232     61    596        f
233     156    602        f
234     246    608        f
235     333    614        f
236     415    620        f
237     494    625        f
238     569    631        f
239     641    635        f
240     709    640        f
241     775    645        f
242     836    649        f
243     897    653        f
244     953    657        f
245     1009    661        f
246     1060    664        f
247     1110    668        f
248     1158    671        f
249     1203    674        f
250     1246    677        f
251     1287    680        f
252     1287    680        l
253     1287    680        l
254     1287    680        l
255     1287    680        f
256     1287    680        f
257     1287    680        f
258     1287    680        f
259     1287    680        f
260     1287    680        f
261     1287    680        f
262     1287    680        f
263     1287    680        f
264     1287    680        f
265     1287    680        f
266     1287    680        f
267     1287    680        f
268     1287    680        r
269     1287    680        r
270     1287    680        r
271     1287    680        f
272     1218    649        f
273     1151    619        f
274     1087    590        f
275     1026    563        f
276     968    537        f
277     913    512        f
278     860    488        f
279     809    466        f
280     761    444        f
281     715    424        f
282     671    404        f
283     629    385        f
284     589    367        f
285     550    350        f
286     513    333        f
287     478    318        f
288     445    303        f
289     413    288        f
290     383    275        f
291     354    262        f
292     326    249        f
293     299    237        f
294     274    225        f
295     250    215        f
296     227    204        f
297     204    195        f
298     183    186        f
299     163    177        f
300     144    168        f
301     126    160        f
302     108    152        f
303     91    145        f
304     75    137        f
305     60    131        f
306     46    124        f
307     32    118        f
308     18    112        f
309     6    106        f
310     -5    101        f
311     -17    96        f
312     -28    91        f
313     -39    86        f
314     -49    82        f
315     -57    77        f
316     -67    73        f
317     -76    69        f
318     -85    66        f
319     -93    62        f
320     -100    59        f
321     -108    55        f
322     -114    52        f
323     -121    49        f
324     -128    46        f
325     -128    46        l
326     -128    46        l
327     -128    46        l
328     -128    46        f
329     -56    20        f
330     12    -4        f
331     78    -27        f
332     140    -50        f
333     200    -72        f
334     257    -93        f
335     312    -112        f
336     364    -131        f
337     413    -149        f
338     461    -167        f
339     507    -183        f
340     550    -199        f
341     592    -214        f
342     631    -227        f
343     669    -242        f
344     705    -254        f
345     739    -268        f
346     772    -280        f
347     803    -291        f
348     834    -302        f
349     861    -312        f
350     890    -322        f
351     916    -332        f
352     941    -341        f
353     964    -349        f
354     986    -358        f
355     1009    -366        f
356     1030    -373        f
357     1050    -380        f
358     1068    -387        f
359     1087    -394        f
360     1087    -394        l
361     1087    -394        l
362     1087    -394        f
363     1234    -420        f
364     1375    -446        f
365     1510    -470        f
366     1639    -493        f
367     1762    -515        f
368     1879    -536        f
369     1991    -556        f
370     2098    -575        f
371     2200    -593        f
372     2298    -611        f
373     2392    -628        f
374     2481    -644        f
375     2566    -659        f
376     2647    -673        f
377     2724    -687        f
378     2798    -701        f
379     2869    -713        f
380     2936    -725        f
381     3001    -737        f
382     3062    -748        f
383     3121    -759        f
384     3177    -769        f
385     3229    -778        f
386     3282    -788        f
387     3329    -796        f
388     3377    -805        f
389     3421    -813        f
390     3464    -819        f
391     3504    -827        f
392     3543    -835        f
393     3579    -841        f
394     3615    -848        f
395     3649    -853        f
396     3681    -860        f
397     3711    -865        f
398     3740    -871        f
399     3769    -876        f
400     3796    -880        f
401     3822    -885        f
402     3846    -889        f
403     3870    -894        f
404     3892    -898        f
405     3913    -902        f
406     3934    -905        f
407     3953    -909        f
408     3972    -911        f
409     3989    -915        f
410     4006    -918        f
411     4006    -918        r
412     4006    -918        r
413     4006    -918        r
414     4006    -918        f
415     3932    -935        f
416     3860    -950        f
417     3792    -965        f
418     3727    -978        f
419     3665    -993        f
420     3604    -1006        f
421     3547    -1018        f
422     3494    -1030        f
423     3442    -1041        f
424     3393    -1052        f
425     3345    -1062        f
426     3300    -1072        f
427     3257    -1081        f
428     3215    -1090        f
429     3176    -1099        f
430     3139    -1107        f
431     3103    -1115        f
432     3069    -1122        f
433     3036    -1130        f
434     3005    -1136        f
435     2975    -1143        f
436     2946    -1149        f
437     2919    -1155        f
438     2893    -1161        f
439     2868    -1166        f
440     2845    -1171        f
441     2822    -1176        f
442     2800    -1181        f
443     2779    -1185        f
444     2760    -1190        f
445     2741    -1194        f
446     2723    -1198        f
447     2705    -1201        f
448     2689    -1205        f
449     2673    -1208        f
450     2658    -1212        f
451     2658    -1212        l
452     2658    -1212        l
453     2658    -1212        l
454     2658    -1212        f
455     2793    -1147        f
456     2923    -1085        f
457     3046    -1025        f
458     3164    -969        f
459     3277    -915        f
460     3384    -863        f
461     3486    -814        f
462     3585    -767        f
463     3678    -722        f
464     3768    -679        f
465     3853    -638        f
466     3934    -599        f
467     4011    -561        f
468     4086    -526        f
469     4157    -492        f
470     4225    -459        f
471     4290    -428        f
472     4351    -399        f
473     4410    -370        f
474     4467    -343        f
475     4521    -317        f
476     4572    -293        f
477     4621    -269        f
478     4668    -247        f
479     4713    -225        f
480     4756    -204        f
481     4796    -186        f
482     4835    -167        f
483     4873    -149        f
484     4908    -132        f
485     4942    -115        f
486     4975    -100        f
487     5006    -86        f
488     0    0        f
489     0    0        f
490     0    0        f
491     0    0        f
492     0    0        f
493     0    0        f
494     0    0        f
495     0    0        f
496     0    0        f
497     0    0        f
498     0    0        f
499     0    0        f
500     0    0        f
501     0    0        f
502     0    0        f
503     0    0        f
504     0    0        f
505     0    0        f
506     0    0        f
507     0    0        f
508     0    0        f
509     0    0        f
510     0    0        f
511     0    0        f
512     0    0        f
513     0    0        f
514     0    0        f
515     0    0        f
516     0    0        f
517     0    0        f
518     0    0        f
519     0    0        f
520     0    0        f
521     0    0        f
522     0    0        f
523     0    0        f
524     0    0        f
525     0    0        f
526     0    0        f
527     0    0        f
528     0    0        f
529     0    0        f
530     0    0        f
531     0    0        f
532     0    0        f
533     0    0        f
534     0    0        f
535     0    0        f
536     0    0        f
537     0    0        f
538     0    0        f
539     0    0        f
540     0    0        f
541     0    0        f
542     0    0        f
543     0    0        f
544     0    0        f
545     0    0        f
546     0    0        f
547     0    0        f
548     0    0        f
549     0    0        f
550     0    0        f
551     0    0        f
552     0    0        f
553     0    0        f
554     0    0        f
555     0    0        f
556     0    0        f
557     0    0        f
558     0    0        f
559     0    0        f
560     0    0        f
561     0    0        f
562     0    0        f
563     0    0        f
564     0    0        f
565     0    0        f
566     0    0        f
567     0    0        f
568     0    0        f
569     0    0        f
570     0    0        f
571     0    0        f
572     0    0        f
573     0    0        f
574     0    0        f
575     0    0        f
576     0    0        f
577     0    0        f
578     0    0        f
579     0    0        f
580     0    0        f
581     0    0        f
582     0    0        f
583     0    0        f
584     0    0        f
585     0    0        f
586     0    0        f
587     0    0        f
588     0    0        f
589     0    0        f
590     0    0        f
591     0    0        f
592     0    0        f
593     0    0        f
594     0    0        l
595     0    0        l
596     0    0        f
597     67    -36        f
598     131    -70        f
599     193    -103        f
600     252    -135        f
601     308    -165        f
602     361    -193        f
603     412    -221        f
604     461    -247        f
605     508    -272        f
606     552    -296        f
607     595    -319        f
608     635    -340        f
609     674    -361        f
610     711    -381        f
611     747    -400        f
612     780    -418        f
613     813    -436        f
614     843    -451        f
615     873    -468        f
616     901    -483        f
617     927    -497        f
618     952    -511        f
619     977    -524        f
620     1001    -537        f
621     1023    -549        f
622     1044    -560        f
623     1065    -571        f
624     1084    -582        f
625     1103    -592        f
626     1120    -601        f
627     1137    -610        f
628     1153    -619        f
629     1169    -627        f
630     1183    -635        f
631     1197    -643        f
632     1197    -643        r
633     1197    -643        r
634     1197    -643        f
635     1127    -614        f
636     1059    -586        f
637     994    -560        f
638     933    -534        f
639     874    -509        f
640     818    -487        f
641     764    -465        f
642     712    -444        f
643     663    -424        f
644     616    -405        f
645     572    -386        f
646     529    -369        f
647     488    -352        f
648     449    -336        f
649     412    -321        f
650     376    -307        f
651     342    -293        f
652     342    -293        r
653     342    -293        r
654     342    -293        f
655     268    -275        f
656     197    -258        f
657     129    -241        f
658     129    -241        l
659     129    -241        f
660     197    -206        f
661     262    -172        f
662     324    -140        f
663     383    -110        f
664     438    -80        f
665     493    -52        f
666     545    -25        f
667     594    0        f
668     641    24        f
669     686    47        f
670     729    69        f
671     770    90        f
672     809    111        f
673     846    130        f
674     882    149        f
675     916    166        f
676     949    183        f
677     980    199        f
678     1010    215        f
679     1038    229        f
680     1065    244        f
681     1091    257        f
682     1116    270        f
683     1139    282        f
684     1162    294        f
685     1183    305        f
686     1204    316        f
687     1223    326        f
688     1242    335        f
689     1260    345        f
690     1277    354        f
691     1293    362        f
692     1309    370        f
693     1324    378        f
694     1338    385        f
695     1351    392        f
696     1364    399        f
697     1377    405        f
698     1389    411        f
699     1400    417        f
700     1411    423        f
701     1421    428        f
702     1431    433        f
703     1440    438        f
704     1449    443        f
705     1458    447        f
706     1466    451        f
707     1473    455        f
708     1481    459        f
709     1488    463        f
710     1495    467        f
711     1501    470        f
712     1507    473        f
713     1513    476        f
714     1519    479        f
715     1524    482        f
716     1530    484        f
717     1534    487        f
718     1539    490        f
719     1544    492        f
720     1548    494        f
721     1552    496        f
722     1556    498        f
723     1560    500        f
724     1563    501        f
725     1563    501        l
726     1563    501        l
727     1563    501        l
728     1563    501        f
729     1563    501        f
730     1563    501        f
731     1563    501        f
732     1563    501        f
733     1563    501        f
734     1563    501        f
735     1563    501        f
736     1563    501        f
737     1563    501        f
738     1563    501        f
739     1563    501        f
740     1563    501        f
741     1563    501        f
742     1563    501        f
743     1563    501        r
744     1563    501        r
745     1563    501        r
746     1563    501        f
747     1488    488        f
748     1416    474        f
749     1348    459        f
750     1283    448        f
751     1220    436        f
752     1161    424        f
753     1104    413        f
754     1049    403        f
755     998    392        f
756     948    383        f
757     901    374        f
758     856    365        f
759     811    357        f
760     771    349        f
761     732    341        f
762     695    334        f
763     659    327        f
764     625    320        f
765     592    314        f
766     561    308        f
767     531    302        f
768     501    296        f
769     475    291        f
770     449    286        f
771     425    281        f
772     401    276        f
773     378    272        f
774     357    268        f
775     336    264        f
776     316    260        f
777     297    256        f
778     279    252        f
779     262    250        f
780     246    246        f
781     229    243        f
782     229    243        l
783     229    243        l
784     229    243        l
785     229    243        f
786     229    243        f
787     229    243        f
788     229    243        f
789     229    243        f
790     229    243        f
791     229    243        f
792     229    243        f
793     229    243        f
794     229    243        f
795     229    243        f
796     229    243        f
797     229    243        f
798     229    243        f
799     229    243        f
800     229    243        f
801     229    243        f
802     229    243        f
803     229    243        f
804     229    243        f
805     229    243        r
806     229    243        r
807     229    243        r
808     229    243        f
809     157    266        f
810     87    287        f
811     20    308        f
812     -42    328        f
813     -103    346        f
814     -161    364        f
815     -217    381        f
816     -270    398        f
817     -321    413        f
818     -321    413        l
819     -321    413        l
820     -321    413        f
821     -252    379        f
822     -187    346        f
823     -125    315        f
824     -65    285        f
825     -8    256        f
826     45    229        f
827     97    202        f
828     147    178        f
829     194    154        f
830     240    132        f
831     283    110        f
832     324    89        f
833     364    70        f
834     401    51        f
835     437    33        f
836     471    15        f
837     504    0        f
838     535    -16        f
839     565    -31        f
840     594    -45        f
841     621    -59        f
842     647    -72        f
843     672    -84        f
844     696    -96        f
845     719    -108        f
846     740    -119        f
847     761    -129        f
848     781    -139        f
849     800    -148        f
850     818    -157        f
851     835    -166        f
852     851    -174        f
853     867    -182        f
854     882    -190        f
855     896    -197        f
856     910    -204        f
857     923    -210        f
858     936    -216        f
859     948    -222        f
860     959    -227        f
861     969    -233        f
862     980    -239        f
863     990    -244        f
864     990    -244        l
865     990    -244        l
866     990    -244        l
867     990    -244        l
868     990    -244        r
869     990    -244        l
870     990    -244        l
871     990    -244        l
872     990    -244        l
873     990    -244        l
874     990    -244        l
875     990    -244        l
876     990    -244        l
877     990    -244        f
878     923    -206        f
879     860    -170        f
880     799    -136        f
881     741    -104        f
882     685    -73        f
883     632    -43        f
884     581    -14        f
885     533    12        f
886     487    38        f
887     442    62        f
888     400    86        f
889     360    109        f
890     322    130        f
891     285    151        f
892     250    170        f
893     217    189        f
894     185    206        f
895     154    224        f
896     125    240        f
897     97    256        f
898     71    271        f
899     45    285        f
900     21    299        f
901     -1    312        f
902     -23    324        f
903     -44    336        f
904     -64    347        f
905     -83    358        f
906     -102    368        f
907     -119    378        f
908     -136    388        f
909     -152    397        f
910     -152    397        r
911     -152    397        r
912     -152    397        r
913     -152    397        f
914     -216    355        f
915     -278    316        f
916     -336    278        f
917     -393    243        f
918     -446    208        f
919     -497    176        f
920     -546    145        f
921     -593    114        f
922     -593    114        l
923     -593    114        l
924     -593    114        f
925     -517    121        f
926     -444    128        f
927     -374    134        f
928     -308    139        f
929     -244    145        f
930     -184    150        f
931     -126    155        f
932     -71    160        f
933     -18    164        f
934     31    169        f
935     79    173        f
936     79    173        l
937     79    173        l
938     79    173        f
939     152    196        f
940     222    218        f
941     288    239        f
942     352    260        f
943     412    279        f
944     470    297        f
945     525    315        f
946     578    332        f
947     628    348        f
948     677    363        f
949     723    378        f
950     767    392        f
951     808    405        f
952     849    418        f
953     886    430        f
954     923    442        f
955     958    453        f
956     992    463        f
957     1023    473        f
958     1054    483        f
959     1083    492        f
960     1110    501        f
961     1137    509        f
962     1162    518        f
963     1186    525        f
964     1209    533        f
965     1231    540        f
966     1252    546        f
967     1272    553        f
968     1291    559        f
969     1310    565        f
970     1327    570        f
971     1344    576        f
972     1360    581        f
973     1375    586        f
974     1389    590        f
975     1403    595        f
976     1416    599        f
977     1429    603        f
978     1441    607        f
979     1453    611        f
980     1464    614        f
981     1474    617        f
982     1484    621        f
983     1494    624        f
984     1503    627        f
985     1511    629        f
986     1520    632        f
987     1528    635        f
988     1535    637        f
989     1543    639        f
990     1550    642        f
991     1556    644        f
992     1562    646        f
993     1568    648        f
994     1574    649        f
995     1580    651        f
996     1585    653        f
997     1590    654        f
998     1595    656        f
999     1599    657        f
1000     1599    657        l
1001     1599    657        l
1002     1599    657        f
1003     1672    681        f
1004     1742    703        f
1005     1807    724        f
1006     1872    745        f
1007     1932    764        f
1008     1989    783        f
1009     2045    800        f
1010     2098    817        f
1011     2148    833        f
1012     2196    849        f
1013     2242    863        f
1014     2286    877        f
1015     2328    891        f
1016     2368    903        f
1017     2407    916        f
1018     2443    927        f
1019     2478    939        f
1020     2511    949        f
1021     2543    960        f
1022     2573    969        f
1023     2602    978        f
1024     2630    986        f
1025     2656    996        f
1026     2682    1003        f
1027     2706    1011        f
1028     2729    1019        f
1029     2751    1026        f
1030     2772    1033        f
1031     2792    1039        f
1032     2811    1046        f
1033     2829    1051        f
1034     2847    1057        f
1035     2863    1062        f
1036     2879    1068        f
1037     2895    1072        f
1038     2909    1077        f
1039     2923    1082        f
1040     2936    1086        f
1041     2949    1090        f
1042     2961    1094        f
1043     2972    1097        f
1044     2983    1101        f
1045     2994    1104        f
1046     3004    1108        f
1047     3014    1111        f
1048     3014    1111        r
1049     3014    1111        r
1050     3014    1111        r
1051     3014    1111        f
1052     2938    1098        f
1053     2866    1085        f
1054     2797    1073        f
1055     2732    1062        f
1056     2669    1051        f
1057     2609    1041        f
1058     2609    1041        l
1059     2609    1041        f
1060     2746    978        f
1061     2876    919        f
1062     3001    863        f
1063     3119    809        f
1064     3233    758        f
1065     3342    709        f
1066     3445    662        f
1067     3544    617        f
1068     3638    574        f
1069     3729    533        f
1070     3815    494        f
1071     3897    457        f
1072     3975    421        f
1073     4050    387        f
1074     4121    355        f
1075     4190    324        f
1076     4255    294        f
1077     4317    266        f
1078     4317    266        r
1079     4317    266        r
1080     4317    266        f
1081     4167    258        f
1082     4024    250        f
1083     3886    244        f
1084     3757    237        f
1085     3632    231        f
1086     3513    224        f
1087     3399    219        f
1088     3290    213        f
1089     3187    208        f
1090     3089    202        f
1091     2994    198        f
1092     2904    193        f
1093     2817    189        f
1094     2735    185        f
1095     2656    181        f
1096     2581    177        f
1097     2509    173        f
1098     2441    170        f
1099     2375    166        f
1100     2313    163        f
1101     2253    160        f
1102     2196    157        f
1103     2142    155        f
1104     2090    152        f
1105     2041    149        f
1106     1993    147        f
1107     1948    145        f
1108     1905    142        f
1109     1863    140        f
1110     1823    138        f
1111     1786    136        f
1112     1750    135        f
1113     1716    133        f
1114     1682    131        f
1115     1652    130        f
1116     1622    128        f
1117     1594    127        f
1118     1566    125        f
1119     1540    124        f
1120     1515    123        f
1121     1492    121        f
1122     1469    120        f
1123     1447    119        f
1124     1427    118        f
1125     1407    117        f
1126     1388    115        f
1127     1370    114        f
1128     1353    113        f
1129     1336    113        f
1130     1321    112        f
1131     1306    112        f
1132     1291    111        f
1133     1278    111        f
1134     1265    110        f
1135     1252    109        f
1136     1240    109        f
1137     1229    108        f
1138     1218    108        f
1139     1208    107        f
1140     1198    106        f
1141     1188    106        f
1142     1179    106        f
1143     1171    105        f
1144     1162    105        f
1145     1154    104        f
1146     1147    104        f
1147     1140    104        f
1148     1133    103        f
1149     1126    103        f
1150     1120    103        f
1151     1114    102        f
1152     1108    102        f
1153     1103    102        f
1154     1098    101        f
1155     1093    101        f
1156     1088    101        f
1157     1084    101        f
1158     1079    100        f
1159     1075    100        f
1160     1071    100        f
1161     1067    100        f
1162     1064    100        f
1163     1064    100        l
1164     1064    100        l
1165     1064    100        l
1166     1064    100        f
1167     1137    76        f
1168     1137    76        r
1169     1137    76        f
1170     1069    41        f
1171     1003    8        f
1172     942    -23        f
1173     882    -53        f
1174     826    -82        f
1175     772    -110        f
1176     720    -137        f
1177     671    -162        f
1178     623    -186        f
1179     578    -210        f
1180     536    -231        f
1181     495    -252        f
1182     455    -273        f
1183     418    -292        f
1184     382    -310        f
1185     348    -328        f
1186     316    -344        f
1187     285    -360        f
1188     254    -375        f
1189     227    -390        f
1190     200    -404        f
1191     174    -417        f
1192     149    -430        f
1193     126    -442        f
1194     103    -453        f
1195     82    -463        f
1196     61    -475        f
1197     42    -484        f
1198     23    -495        f
1199     5    -504        f
1200     0    0        f
1200     0    0        f
1200     0    0        f
1200     0    0        f
1200     0    0        f
1200     0    0        f
1200     0    0        f
1200     0    0        f
1200     0    0        f
1200     0    0        f
1200     0    0        f
1200     0    0        f
1200     0    0        f
1200     0    0        f
1200     0    0        f
1200     0    0        f
1200     0    0        f
1200     0    0        f
1200     0    0        f
1200     0    0        f
1200     0    0        f
1200     0    0        f
1200     0    0        f
1200     0    0        f
1200     0    0        f
1200     0    0        f
1200     0    0        f
1200     0    0        f
1200     0    0        f
1200     0    0        f
1200     0    0        f
1200     0    0        f
1200     0    0        f
1200     0    0        f
1200     0    0        f
1200     0    0        f
1200     0    0        f
1200     0    0        f
1200     0    0        f
1200     0    0        f
1200     0    0        f
1200     0    0        f
1200     0    0        f
1200     0    0        f
1200     0    0        f
1200     0    0        f
1200     0    0        f
1200     0    0        f
1200     0    0        f
1200     0    0        f
1200     0    0        f
1200     0    0        f
1200     0    0        f
1200     0    0        f
1200     0    0        f
1200     0    0        f
1200     0    0        f
1200     0    0        f
1200     0    0        f
1200     0    0        f
1200     0    0        f
1200     0    0        f
1200     0    0        f
1200     0    0        f
1200     0    0        f
1200     0    0        f
1200     0    0        f
1200     0    0        f
1200     0    0        f
1200     0    0        f
1200     0    0        f
1200     0    0        f
1200     0    0        f
1200     0    0        f
1200     0    0        f
1200     0    0        f
1200     0    0        f
1200     0    0        f
1200     0    0        f
1200     0    0        f
1200     0    0        f
1200     0    0        f
1200     0    0        f
1200     0    0        f
1200     0    0        f
1200     0    0        f
1200     0    0        f
1200     0    0        f
1200     0    0        f
1200     0    0        f
1200     0    0        f
1200     0    0        f
1200     0    0        f
1200     0    0        f
1200     0    0        f
1200     0    0        f
1200     0    0        f
1200     0    0        f
1200     0    0        f
1200     0    0        f
1200     0    0        f
1200     0    0        f
1201     0    0        f
1202     0    0        f
1203     0    0        f
1204     0    0        f
1205     0    0        f
1206     0    0        f
1207     0    0        f
1208     0    0        f
1209     0    0        f
1210     0    0        f
1211     0    0        f
1212     0    0        f
1213     0    0        f
1214     0    0        f
1215     0    0        f
1216     0    0        f
1217     0    0        f
1218     0    0        f
1219     0    0        f
1220     0    0        f
1221     0    0        f
1222     0    0        f
1223     0    0        f
1224     0    0        f
1225     0    0        f
1226     0    0        f
1227     0    0        f
1228     0    0        f
1229     0    0        f
1230     0    0        f
1231     0    0        f
1232     0    0        f
1233     0    0        f
1234     0    0        f
1235     0    0        f
1236     0    0        f
1237     0    0        f
1238     0    0        f
1239     0    0        f
1240     0    0        f
1241     0    0        f
1242     0    0        f
1243     0    0        f
1244     0    0        f
1245     0    0        f
1246     0    0        f
1247     0    0        f
1248     0    0        f
1249     0    0        f
1250     0    0        f
1251     0    0        f
1252     0    0        f
1253     0    0        f
1254     0    0        f
1255     0    0        f
1256     0    0        f
1257     0    0        f
1258     0    0        f
1259     0    0        f
1260     0    0        f
1261     0    0        f
1262     0    0        f
1263     0    0        f
1264     0    0        f
1265     0    0        f
1266     0    0        f
1267     0    0        f
1268     0    0        f
1269     0    0        f
1270     0    0        f
1271     0    0        f
1272     0    0        f
1273     0    0        f
1274     0    0        f
1275     0    0        f
1276     0    0        f
1277     0    0        f
1278     0    0        f
1279     0    0        f
1280     0    0        f
1281     0    0        f
1282     0    0        f
1283     0    0        f
1284     0    0        f
1285     0    0        f
1286     0    0        f
1287     0    0        f
1288     0    0        f
1289     0    0        f
1290     0    0        f
1291     0    0        f
1292     0    0        f
1293     0    0        f
1294     0    0        f
1295     0    0        f
1296     0    0        f
1297     0    0        f
1298     0    0        f
1299     0    0        f
1300     0    0        f
1301     0    0        f
1302     0    0        f
1303     0    0        f
1304     0    0        f
1305     0    0        r
1306     0    0        r
1307     0    0        f
1308     -73    -19        f
1309     -144    -38        f
1310     -212    -55        f
1311     -276    -72        f
1312     -338    -88        f
1313     -396    -104        f
1314     -451    -119        f
1315     -505    -133        f
1316     -557    -146        f
1317     -606    -159        f
1318     -652    -171        f
1319     -697    -183        f
1320     -739    -194        f
1321     -780    -204        f
1322     -819    -215        f
1323     -856    -225        f
1324     -891    -234        f
1325     -925    -243        f
1326     -957    -250        f
1327     -988    -259        f
1328     -1018    -267        f
1329     -1046    -274        f
1330     -1073    -281        f
1331     -1098    -288        f
1332     -1123    -294        f
1333     -1146    -301        f
1334     -1169    -306        f
1335     -1190    -312        f
1336     -1210    -317        f
1337     -1230    -322        f
1338     -1248    -327        f
1339     -1266    -332        f
1340     -1283    -336        f
1341     -1299    -341        f
1342     -1315    -345        f
1343     -1330    -349        f
1344     -1344    -352        f
1345     -1357    -356        f
1346     -1370    -359        f
1347     -1382    -362        f
1348     -1394    -366        f
1349     -1405    -368        f
1350     -1416    -371        f
1351     -1426    -374        f
1352     -1436    -376        f
1353     -1445    -379        f
1354     -1454    -381        f
1355     -1463    -383        f
1356     -1463    -383        l
1357     -1463    -383        l
1358     -1463    -383        f
1359     -1387    -370        f
1360     -1316    -356        f
1361     -1247    -344        f
1362     -1181    -332        f
1363     -1119    -320        f
1364     -1059    -309        f
1365     -1002    -299        f
1366     -947    -289        f
1367     -894    -279        f
1368     -844    -270        f
1369     -798    -261        f
1370     -753    -252        f
1371     -709    -245        f
1372     -668    -237        f
1373     -629    -229        f
1374     -591    -223        f
1375     -555    -216        f
1376     -521    -210        f
1377     -488    -204        f
1378     -455    -198        f
1379     -426    -193        f
1380     -398    -187        f
1381     -371    -182        f
1382     -345    -177        f
1383     -320    -173        f
1384     -296    -168        f
1385     -273    -164        f
1386     -273    -164        r
1387     -273    -164        f
1388     -344    -193        f
1389     -411    -221        f
1390     -476    -248        f
1391     -537    -274        f
1392     -596    -298        f
1393     -652    -321        f
1394     -706    -344        f
1395     -757    -365        f
1396     -806    -385        f
1397     -852    -404        f
1398     -898    -423        f
1399     -940    -441        f
1400     -981    -458        f
1401     -1019    -474        f
1402     -1057    -488        f
1403     -1093    -504        f
1404     -1126    -518        f
1405     -1159    -531        f
1406     -1190    -544        f
1407     -1219    -556        f
1408     -1247    -568        f
1409     -1274    -579        f
1410     -1274    -579        r
1411     -1274    -579        f
1412     -1344    -549        f
1413     -1411    -520        f
1414     -1475    -492        f
1415     -1537    -466        f
1416     -1595    -440        f
1417     -1651    -416        f
1418     -1704    -393        f
1419     -1755    -371        f
1420     -1803    -350        f
1421     -1850    -330        f
1422     -1894    -311        f
1423     -1936    -293        f
1424     -1977    -275        f
1425     -2014    -259        f
1426     -2052    -243        f
1427     -2087    -227        f
1428     -2121    -213        f
1429     -2153    -199        f
1430     -2183    -186        f
1431     -2213    -173        f
1432     -2241    -161        f
1433     -2267    -150        f
1434     -2293    -139        f
1435     -2317    -128        f
1436     -2340    -118        f
1437     -2362    -109        f
1438     -2384    -100        f
1439     -2404    -91        f
1440     -2423    -82        f
1441     -2442    -75        f
1442     -2459    -67        f
1443     -2476    -60        f
1444     -2492    -53        f
1445     -2508    -46        f
1446     -2522    -40        f
1447     -2536    -34        f
1448     -2550    -28        f
1449     -2562    -22        f
1450     -2574    -17        f
1451     -2586    -12        f
1452     -2586    -12        l
1453     -2586    -12        l
1454     -2586    -12        f
1455     -2512    5        f
1456     -2441    22        f
1457     -2373    38        f
1458     -2308    54        f
1459     -2246    68        f
1460     -2187    83        f
1461     -2131    96        f
1462     -2077    109        f
1463     -2026    121        f
1464     -1977    133        f
1465     -1930    144        f
1466     -1885    155        f
1467     -1843    165        f
1468     -1802    175        f
1469     -1763    184        f
1470     -1726    193        f
1471     -1689    202        f
1472     -1655    210        f
1473     -1623    218        f
1474     -1593    225        f
1475     -1564    231        f
1476     -1535    239        f
1477     -1508    246        f
1478     -1483    252        f
1479     -1458    258        f
1480     -1435    263        f
1481     -1413    269        f
1482     -1391    274        f
1483     -1371    279        f
1484     -1351    283        f
1485     -1333    288        f
1486     -1315    292        f
1487     -1298    296        f
1488     -1282    300        f
1489     -1266    304        f
1490     -1252    307        f
1491     -1238    311        f
1492     -1224    314        f
1493     -1211    317        f
1494     -1199    320        f
1495     -1187    323        f
1496     -1176    326        f
1497     -1165    328        f
1498     -1155    331        f
1499     -1145    333        f
1500     -1145    333        l
1501     -1145    333        l
1502     -1145    333        f
1503     -1072    355        f
1504     -1002    375        f
1505     -935    395        f
1506     -871    413        f
1507     -810    432        f
1508     -752    449        f
1509     -696    466        f
1510     -643    482        f
1511     -593    497        f
1512     -544    511        f
1513     -498    525        f
1514     -454    538        f
1515     -411    550        f
1516     -371    562        f
1517     -333    573        f
1518     -296    584        f
1519     -261    595        f
1520     -227    605        f
1521     -195    614        f
1522     -165    623        f
1523     -136    632        f
1524     -108    640        f
1525     -81    648        f
1526     -56    655        f
1527     -31    663        f
1528     -8    670        f
1529     13    676        f
1530     34    682        f
1531     55    688        f
1532     74    694        f
1533     93    699        f
1534     110    705        f
1535     127    710        f
1536     143    714        f
1537     158    719        f
1538     173    723        f
1539     187    727        f
1540     200    731        f
1541     213    735        f
1542     225    739        f
1543     237    742        f
1544     248    745        f
1545     248    745        r
1546     248    745        r
1547     248    745        r
1548     248    745        r
1549     248    745        f
1550     177    718        f
1551     109    693        f
1552     43    668        f
1553     -18    644        f
1554     -78    622        f
1555     -135    600        f
1556     -189    580        f
1557     -241    560        f
1558     -290    541        f
1559     -337    523        f
1560     -383    505        f
1561     -426    490        f
1562     -467    474        f
1563     -505    459        f
1564     -544    445        f
1565     -579    430        f
1566     -614    418        f
1567     -646    405        f
1568     -678    394        f
1569     -708    383        f
1570     -736    372        f
1571     -763    362        f
1572     -789    352        f
1573     -814    343        f
1574     -838    334        f
1575     -861    325        f
1576     -882    317        f
1577     -902    309        f
1578     -923    302        f
1579     -942    295        f
1580     -960    288        f
1581     -977    281        f
1582     -993    275        f
1583     -1009    269        f
1584     -1024    264        f
1585     -1038    258        f
1586     -1052    252        f
1587     -1065    248        f
1588     -1077    243        f
1589     -1089    239        f
1590     -1101    235        f
1591     -1112    231        f
1592     -1122    227        f
1593     -1132    223        f
1594     -1141    219        f
1595     -1150    216        f
1596     -1159    213        f
1597     -1167    210        f
1598     -1175    206        f
1599     -1183    204        f
1600     -1190    200        f
1601     -1190    200        l
1602     -1190    200        f
1603     -1115    185        f
1604     -1043    170        f
1605     -975    155        f
1606     -910    142        f
1607     -848    128        f
1608     -788    115        f
1609     -732    104        f
1610     -677    92        f
1611     -626    81        f
1612     -576    71        f
1613     -529    61        f
1614     -484    51        f
1615     -441    42        f
1616     -400    33        f
1617     -361    25        f
1618     -323    17        f
1619     -288    9        f
1620     -254    2        f
1621     -221    -4        f
1622     -190    -11        f
1623     -160    -17        f
1624     -132    -23        f
1625     -105    -28        f
1626     -79    -34        f
1627     -54    -40        f
1628     -30    -45        f
1629     -8    -50        f
1630     13    -54        f
1631     33    -59        f
1632     53    -63        f
1633     72    -67        f
1634     89    -71        f
1635     107    -74        f
1636     123    -78        f
1637     139    -81        f
1638     153    -84        f
1639     168    -87        f
1640     181    -90        f
1641     194    -93        f
1642     206    -96        f
1643     218    -98        f
1644     218    -98        l
1645     218    -98        l
1646     218    -98        l
1647     218    -98        f
1648     294    -85        f
1649     366    -72        f
1650     434    -59        f
1651     500    -48        f
1652     562    -37        f
1653     622    -26        f
1654     679    -16        f
1655     734    -6        f
1656     786    2        f
1657     835    11        f
1658     883    20        f
1659     927    28        f
1660     971    36        f
1661     1013    43        f
1662     1052    50        f
1663     1090    56        f
1664     1126    63        f
1665     1160    69        f
1666     1193    75        f
1667     1224    81        f
1668     1254    86        f
1669     1283    91        f
1670     1310    96        f
1671     1336    101        f
1672     1361    105        f
1673     1385    109        f
1674     1408    113        f
1675     1430    117        f
1676     1450    121        f
1677     1470    125        f
1678     1489    128        f
1679     1507    131        f
1680     1524    134        f
1681     1541    137        f
1682     1557    140        f
1683     1572    143        f
1684     1586    145        f
1685     1600    148        f
1686     1613    150        f
1687     1625    152        f
1688     1637    154        f
1689     1648    157        f
1690     1660    158        f
1691     1670    160        f
1692     1680    162        f
1693     1689    164        f
1694     1698    165        f
1695     1698    165        r
1696     1698    165        r
1697     1698    165        r
1698     1698    165        f
1699     1570    234        f
1700     1448    300        f
1701     1331    362        f
1702     1219    422        f
1703     1112    480        f
1704     1010    534        f
1705     913    586        f
1706     819    636        f
1707     732    684        f
1708     647    729        f
1709     566    772        f
1710     488    814        f
1711     415    852        f
1712     345    891        f
1713     278    927        f
1714     213    961        f
1715     152    994        f
1716     94    1026        f
1717     38    1056        f
1718     -15    1084        f
1719     -66    1111        f
1720     -113    1138        f
1721     -161    1163        f
1722     -204    1186        f
1723     -247    1209        f
1724     -288    1231        f
1725     -288    1231        l
1726     -288    1231        l
1727     -288    1231        f
1728     -211    1232        f
1729     -138    1233        f
1730     -69    1235        f
1731     -2    1236        f
1732     61    1237        f
1733     121    1238        f
1734     179    1239        f
1735     235    1240        f
1736     288    1240        f
1737     338    1241        f
1738     387    1242        f
1739     433    1243        f
1740     476    1244        f
1741     519    1244        f
1742     559    1245        f
1743     598    1246        f
1744     634    1246        f
1745     669    1247        f
1746     703    1247        f
1747     735    1248        f
1748     765    1248        f
1749     794    1249        f
1750     822    1249        f
1751     849    1250        f
1752     874    1250        f
1753     898    1250        f
1754     922    1251        f
1755     944    1251        f
1756     965    1252        f
1757     985    1252        f
1758     1003    1252        f
1759     1023    1253        f
1760     1040    1253        f
1761     1057    1253        f
1762     1073    1253        f
1763     1088    1254        f
1764     1103    1254        f
1765     1117    1254        f
1766     1130    1254        f
1767     1143    1255        f
1768     1155    1255        f
1769     1167    1255        f
1770     1178    1255        f
1771     1189    1255        f
1772     1199    1255        f
1773     1209    1256        f
1774     1218    1256        f
1775     1218    1256        l
1776     1218    1256        l
1777     1218    1256        l
1778     1218    1256        f
1779     1293    1243        f
1780     1365    1231        f
1781     1434    1219        f
1782     1500    1208        f
1783     1563    1197        f
1784     1623    1187        f
1785     1680    1177        f
1786     1734    1168        f
1787     1786    1159        f
1788     1836    1150        f
1789     1884    1142        f
1790     1929    1134        f
1791     1972    1127        f
1792     2014    1120        f
1793     2054    1113        f
1794     2091    1106        f
1795     2127    1100        f
1796     2162    1094        f
1797     2195    1089        f
1798     2226    1083        f
1799     2256    1078        f
1800     2285    1073        f
1801     2312    1069        f
1802     2338    1064        f
1803     2363    1060        f
1804     2387    1056        f
1805     2409    1052        f
1806     2431    1048        f
1807     2452    1045        f
1808     2472    1041        f
1809     2491    1038        f
1810     2509    1035        f
1811     2526    1032        f
1812     2542    1029        f
1813     2558    1026        f
1814     2573    1024        f
1815     2587    1021        f
1816     2601    1019        f
1817     2614    1017        f
1818     2627    1015        f
1819     2639    1013        f
1820     2650    1011        f
1821     2661    1009        f
1822     2671    1007        f
1823     2681    1005        f
1824     2691    1003        f
1825     2700    1002        f
1826     2709    1001        f
1827     2717    999        f
1828     2725    998        f
1829     2732    997        f
1830     2740    994        f
1831     2746    994        f
1832     2753    993        f
1833     2759    992        f
1834     2765    991        f
1835     2771    990        f
1836     2776    989        f
1837     2776    989        r
1838     2776    989        r
1839     2776    989        f
1840     2700    989        f
1841     2627    989        f
1842     2627    989        l
1843     2627    989        l
1844     2627    989        f
1845     2764    927        f
1846     2895    869        f
1847     3020    814        f
1848     3139    761        f
1849     3253    710        f
1850     3361    661        f
1851     3465    615        f
1852     3565    571        f
1853     3660    528        f
1854     3751    488        f
1855     3836    449        f
1856     3920    412        f
1857     3997    377        f
1858     4074    344        f
1859     4145    312        f
1860     4214    281        f
1861     4214    281        r
1862     4214    281        r
1863     4214    281        f
1864     4064    280        f
1865     3921    278        f
1866     3784    277        f
1867     3654    276        f
1868     3529    275        f
1869     3410    273        f
1870     3297    272        f
1871     3188    271        f
1872     3084    270        f
1873     2985    269        f
1874     2891    269        f
1875     2801    268        f
1876     2714    267        f
1877     2632    266        f
1878     2553    265        f
1879     2553    265        r
1880     2553    265        r
1881     2478    265        f
1882     2478    265        r
1883     2478    265        r
1884     2478    265        r
1885     2406    264        f
1886     2406    264        r
1887     2406    264        r
1888     2406    264        r
1889     2406    264        r
1890     2337    263        f
1891     2337    263        r
1892     2337    263        r
1893     2337    263        r
1894     2337    263        r
1895     2337    263        r
1896     2337    263        r
1897     2337    263        r
1898     2337    263        r
1899     2272    263        f
1900     2272    263        r
1901     2272    263        r
1902     2272    263        r
1903     2272    263        r
1904     2272    263        r
1905     2272    263        r
1906     2272    263        r
1907     2272    263        r
1908     2272    263        r
1909     2272    263        r
1910     2272    263        r
1911     2272    263        r
1912     2272    263        r
1913     2272    263        r
1914     2272    263        r
1915     2272    263        l
1916     2272    263        l
1917     2272    263        r
1918     2272    263        r
1919     2272    263        r
1920     2272    263        l
1921     2272    263        l
1922     2272    263        l
1923     2272    263        r
1924     2272    263        r
1925     2272    263        l
1926     2272    263        r
1927     2272    263        r
1928     2272    263        r
1929     2272    263        l
1930     2272    263        r
1931     2272    263        l
1932     2272    263        l
1933     2272    263        l
1934     2272    263        l
1935     2272    263        l
1936     2272    263        l
1937     2272    263        l
1938     2272    263        l
1939     2272    263        l
1940     2272    263        l
1941     2272    263        l
1942     2272    263        l
1943     2272    263        l
1944     2272    263        l
1945     2272    263        l
1946     2272    263        l
1947     2272    263        l
1948     2272    263        l
1949     2272    263        l
1950     2272    263        l
1951     2272    263        l
1952     2272    263        l
1953     2272    263        l
1954     2272    263        l
1955     2272    263        l
1956     2272    263        l
1957     2272    263        l
1958     2272    263        l
1959     2272    263        l
1960     2272    263        l
1961     2272    263        l
1962     2272    263        l
1963     2272    263        l
1964     2272    263        l
1965     2272    263        f
1966     2420    245        f
1967     2563    227        f
1968     2698    211        f
1969     2828    195        f
1970     2952    180        f
1971     3070    165        f
1972     3183    151        f
1973     3290    138        f
1974     3394    126        f
1975     3492    113        f
1976     3586    102        f
1977     3676    91        f
1978     3761    81        f
1979     3843    71        f
1980     3921    61        f
1981     3996    52        f
1982     4067    43        f
1983     4135    35        f
1984     4200    27        f
1985     4262    19        f
1986     4321    12        f
1987     4321    12        r
1988     4321    12        r
1989     4321    12        f
1990     4171    13        f
1991     4028    13        f
1992     3890    14        f
1993     3760    14        f
1994     3635    14        f
1995     3515    15        f
1996     3402    15        f
1997     3294    15        f
1998     3190    16        f
1999     3091    16        f
2000     2996    16        f
2001     2906    17        f
2002     2820    17        f
2003     2737    17        f
2004     2659    17        f
2005     2583    18        f
2006     2512    18        f
2007     2443    18        f
2008     2378    18        f
2009     2315    18        f
2010     2255    19        f
2011     2199    19        f
2012     2144    19        f
2013     2092    19        f
2014     2092    19        r
2015     2092    19        f
2016     2021    45        f
2017     1952    71        f
2018     1887    95        f
2019     1823    118        f
2020     1764    140        f
2021     1707    161        f
2022     1653    181        f
2023     1601    200        f
2024     1552    218        f
2025     1504    236        f
2026     1459    252        f
2027     1416    268        f
2028     1375    283        f
2029     1335    298        f
2030     1298    312        f
2031     1262    325        f
2032     1227    338        f
2033     1195    350        f
2034     1163    361        f
2035     1134    372        f
2036     1105    383        f
2037     1078    393        f
2038     1052    403        f
2039     1027    412        f
2040     1002    421        f
2041     980    429        f
2042     959    437        f
2043     938    445        f
2044     918    451        f
2045     899    459        f
2046     881    466        f
2047     864    472        f
2048     848    478        f
2049     832    484        f
2050     817    488        f
2051     802    495        f
2052     789    500        f
2053     776    504        f
2054     764    509        f
2055     752    513        f
2056     740    518        f
2057     730    522        f
2058     719    525        f
2059     709    529        f
2060     700    533        f
2061     691    536        f
2062     682    539        f
2063     682    539        l
2064     682    539        l
2065     682    539        r
2066     682    539        l
2067     682    539        l
2068     682    539        r
2069     682    539        r
2070     682    539        l
2071     682    539        r
2072     682    539        r
2073     682    539        r
2074     682    539        r
2075     682    539        r
2076     682    539        r
2077     682    539        r
2078     682    539        r
2079     682    539        r
2080     682    539        r
2081     682    539        r
2082     682    539        r
2083     682    539        r
2084     682    539        r
2085     682    539        r
2086     682    539        r
2087     682    539        r
2088     682    539        r
2089     682    539        r
2090     682    539        r
2091     682    539        r
2092     682    539        r
2093     682    539        r
2094     682    539        r
2095     682    539        r
2096     682    539        r
2097     682    539        r
2098     682    539        r
2099     682    539        r
2100     682    539        l
2101     682    539        r
2102     682    539        l
2103     682    539        r
2104     682    539        r
2105     682    539        l
2106     682    539        l
2107     682    539        l
2108     682    539        r
2109     682    539        l
2110     682    539        r
2111     682    539        l
2112     682    539        l
2113     682    539        r
2114     682    539        l
2115     682    539        r
2116     682    539        l
2117     682    539        l
2118     682    539        l
2119     682    539        l
2120     682    539        l
2121     682    539        l
2122     682    539        l
2123     682    539        r
2124     682    539        r
2125     682    539        r
2126     682    539        l
2127     682    539        r
2128     682    539        r
2129     682    539        l
2130     682    539        r
2131     682    539        l
2132     682    539        l
2133     682    539        l
2134     682    539        r
2135     682    539        l
2136     682    539        l
2137     682    539        l
2138     682    539        l
2139     682    539        l
2140     682    539        l
2141     682    539        l
2142     682    539        l
2143     682    539        l
2144     682    539        l
2145     682    539        l
2146     682    539        l
2147     682    539        r
2148     682    539        r
2149     682    539        r
2150     682    539        r
2151     682    539        r
2152     682    539        r
2153     682    539        r
2154     682    539        r
2155     682    539        l
2156     682    539        l
2157     682    539        l
2158     682    539        r
2159     682    539        l
2160     682    539        r
2161     682    539        r
2162     682    539        l
2163     682    539        l
2164     682    539        r
2165     682    539        r
2166     682    539        l
2167     682    539        r
2168     682    539        r
2169     682    539        l
2170     682    539        l
2171     682    539        l
2172     682    539        l
2173     682    539        l
2174     682    539        l
2175     682    539        l
2176     682    539        l
2177     682    539        l
2178     682    539        l
2179     682    539        l
2180     682    539        l
2181     682    539        l
2182     682    539        l
2183     682    539        l
2184     682    539        l
2185     682    539        l
2186     682    539        l
2187     682    539        l
2188     682    539        l
2189     682    539        l
2190     682    539        l
2191     682    539        l
2192     682    539        l
2193     682    539        l
2194     682    539        l
2195     682    539        l
2196     682    539        l
2197     682    539        l
2198     682    539        l
2199     682    539        l
2200     682    539        l
2201     682    539        l
2202     682    539        l
2203     682    539        l
2204     682    539        f
2205     759    537        f
2206     832    535        f
2207     902    533        f
2208     968    531        f
2209     1032    529        f
2210     1093    527        f
2211     1151    526        f
2212     1206    524        f
2213     1259    522        f
2214     1310    521        f
2215     1358    520        f
2216     1404    518        f
2217     1448    517        f
2218     1491    516        f
2219     1531    515        f
2220     1569    514        f
2221     1605    513        f
2222     1641    512        f
2223     1673    511        f
2224     1705    509        f
2225     1737    509        f
2226     1766    508        f
2227     1794    507        f
2228     1820    505        f
2229     1846    505        f
2230     1870    505        f
2231     1893    504        f
2232     1914    504        f
2233     1936    503        f
2234     1957    501        f
2235     1976    501        f
2236     1994    501        f
2237     2012    501        f
2238     2028    500        f
2239     2044    500        f
2240     2060    500        f
2241     2074    499        f
2242     2088    499        f
2243     2102    498        f
2244     2114    498        f
2245     2126    498        f
2246     2138    497        f
2247     2149    497        f
2248     2160    497        f
2249     2170    496        f
2250     2179    496        f
2251     2189    496        f
2252     2197    496        f
2253     2206    495        f
2254     2206    495        r
2255     2206    495        r
2256     2206    495        r
2257     2206    495        f
2258     2131    479        f
2259     2060    463        f
2260     1991    448        f
2261     1926    434        f
2262     1864    420        f
2263     1805    407        f
2264     1748    394        f
2265     1694    382        f
2266     1642    371        f
2267     1642    371        l
2268     1642    371        l
2269     1642    371        l
2270     1642    371        f
2271     1718    361        f
2272     1789    351        f
2273     1860    342        f
2274     1926    334        f
2275     1989    325        f
2276     2049    317        f
2277     2107    310        f
2278     2162    303        f
2279     2214    296        f
2280     2264    289        f
2281     2312    283        f
2282     2358    277        f
2283     2402    271        f
2284     2444    266        f
2285     2483    261        f
2286     2521    256        f
2287     2558    250        f
2288     2592    246        f
2289     2625    242        f
2290     2657    238        f
2291     2687    234        f
2292     2716    229        f
2293     2744    225        f
2294     2770    223        f
2295     2795    220        f
2296     2819    217        f
2297     2842    214        f
2298     2864    211        f
2299     2885    208        f
2300     2905    204        f
2301     2924    202        f
2302     2942    200        f
2303     2960    198        f
2304     2976    196        f
2305     2992    194        f
2306     3007    192        f
2307     3022    190        f
2308     3035    188        f
2309     3049    187        f
2310     3061    185        f
2311     3073    183        f
2312     3085    182        f
2313     3096    180        f
2314     3106    179        f
2315     3116    178        f
2316     3126    176        f
2317     3135    175        f
2318     3143    174        f
2319     3152    173        f
2320     3160    172        f
2321     3167    171        f
2322     3174    170        f
2323     3181    169        f
2324     3188    168        f
2325     3194    167        f
2326     3200    167        f
2327     3206    166        f
2328     3211    165        f
2329     3217    164        f
2330     3222    164        f
2331     3227    163        f
2332     3231    163        f
2333     3235    162        f
2334     3240    161        f
2335     3244    161        f
2336     3247    160        f
2337     3247    160        r
2338     3247    160        r
2339     3247    160        f
2340     3173    178        f
2341     3102    194        f
2342     3102    194        l
2343     3102    194        f
2344     3251    179        f
2345     3251    179        r
2346     3251    179        r
2347     3251    179        f
2348     3101    183        f
2349     2958    188        f
2350     2821    192        f
2351     2691    196        f
2352     2566    200        f
2353     2447    204        f
2354     2333    206        f
2355     2225    211        f
2356     2121    214        f
2357     2022    217        f
2358     1928    220        f
2359     1838    223        f
2360     1752    225        f
2361     1670    227        f
2362     1591    229        f
2363     1516    233        f
2364     1445    235        f
2365     1377    237        f
2366     1311    239        f
2367     1249    241        f
2368     1190    243        f
2369     1133    245        f
2370     1078    246        f
2371     1027    248        f
2372     977    249        f
2373     930    250        f
2374     884    252        f
2375     841    254        f
2376     800    254        f
2377     761    256        f
2378     723    257        f
2379     687    258        f
2380     653    260        f
2381     620    261        f
2382     589    262        f
2383     559    262        f
2384     531    263        f
2385     503    264        f
2386     476    265        f
2387     453    266        f
2388     429    267        f
2389     405    267        f
2390     385    268        f
2391     364    269        f
2392     344    269        f
2393     325    270        f
2394     307    270        f
2395     307    270        l
2396     307    270        f
2397     377    239        f
2398     444    210        f
2399     508    182        f
