step   ball_X    ball_Y    side
53     0    0        f
54     0    0        f
55     0    0        f
56     0    0        f
57     0    0        f
58     0    0        f
59     0    0        f
60     0    0        f
61     0    0        f
62     0    0        f
63     0    0        f
64     0    0        f
65     0    0        f
66     0    0        f
67     0    0        f
68     0    0        f
69     0    0        f
70     0    0        f
71     0    0        f
72     0    0        f
73     0    0        f
74     0    0        f
75     0    0        f
76     0    0        f
77     0    0        f
78     0    0        f
79     0    0        f
80     0    0        f
81     0    0        f
82     0    0        f
83     0    0        f
84     0    0        f
85     0    0        f
86     0    0        f
87     0    0        f
88     0    0        f
89     0    0        f
90     0    0        f
91     0    0        f
92     0    0        f
93     0    0        f
94     0    0        f
95     0    0        f
96     0    0        f
97     0    0        f
98     0    0        f
99     0    0        f
100     0    0        f
101     0    0        f
102     0    0        f
103     0    0        f
104     0    0        f
105     0    0        f
106     0    0        f
107     0    0        l
108     0    0        l
109     0    0        l
110     0    0        l
111     0    0        l
112     0    0        l
113     0    0        l
114     0    0        l
115     0    0        l
116     0    0        l
117     0    0        l
118     0    0        l
119     0    0        l
120     0    0        l
121     0    0        l
122     0    0        l
123     0    0        l
124     0    0        l
125     0    0        l
126     0    0        l
127     0    0        l
128     0    0        l
129     0    0        l
130     0    0        l
131     0    0        l
132     0    0        l
133     0    0        l
134     0    0        l
135     0    0        l
136     0    0        l
137     0    0        l
138     0    0        l
139     0    0        l
140     0    0        l
141     0    0        l
142     0    0        l
143     0    0        l
144     0    0        l
145     0    0        l
146     0    0        l
147     0    0        l
148     0    0        l
149     0    0        r
150     0    0        r
151     0    0        r
152     0    0        l
153     0    0        r
154     0    0        r
155     0    0        r
156     0    0        l
157     0    0        l
158     0    0        r
159     0    0        r
160     0    0        r
161     0    0        l
162     0    0        l
163     0    0        l
164     0    0        l
165     0    0        l
166     0    0        l
167     0    0        l
168     0    0        l
169     0    0        l
170     0    0        l
171     0    0        l
172     0    0        l
173     0    0        l
174     0    0        l
175     0    0        l
176     0    0        l
177     0    0        l
178     0    0        r
179     0    0        r
180     0    0        r
181     0    0        r
182     0    0        l
183     0    0        l
184     0    0        l
185     0    0        l
186     0    0        l
187     0    0        l
188     0    0        l
189     0    0        l
190     0    0        l
191     0    0        l
192     0    0        l
193     0    0        l
194     0    0        l
195     0    0        l
196     0    0        l
197     0    0        l
198     0    0        l
199     0    0        l
200     0    0        l
201     0    0        l
202     0    0        l
203     0    0        l
204     0    0        l
205     0    0        l
206     0    0        l
207     0    0        l
208     0    0        l
209     0    0        l
210     0    0        l
211     0    0        l
212     0    0        l
213     0    0        l
214     0    0        l
215     0    0        l
216     0    0        l
217     0    0        l
218     0    0        l
219     0    0        l
220     0    0        l
221     0    0        l
222     0    0        l
223     0    0        l
224     0    0        l
225     0    0        l
226     0    0        l
227     0    0        l
228     0    0        l
229     0    0        l
230     0    0        l
231     0    0        l
232     0    0        l
233     0    0        l
234     0    0        l
235     0    0        l
236     0    0        l
237     0    0        l
238     0    0        l
239     0    0        l
240     0    0        l
241     0    0        l
242     0    0        l
243     0    0        l
244     0    0        l
245     0    0        l
246     0    0        l
247     0    0        l
248     0    0        l
249     0    0        l
250     0    0        l
251     0    0        l
252     0    0        l
253     0    0        l
254     0    0        l
255     0    0        l
256     0    0        l
257     0    0        l
258     0    0        l
259     0    0        l
260     0    0        l
261     0    0        l
262     0    0        l
263     0    0        l
264     0    0        l
265     0    0        l
266     0    0        l
267     0    0        l
268     0    0        l
269     0    0        l
270     0    0        f
271     69    31        f
272     136    61        f
273     199    90        f
274     260    117        f
275     318    143        f
276     374    168        f
277     426    192        f
278     476    215        f
279     526    236        f
280     572    257        f
281     616    277        f
282     658    296        f
283     698    314        f
284     736    331        f
285     773    348        f
286     808    364        f
287     841    379        f
288     873    393        f
289     902    407        f
290     932    420        f
291     960    433        f
292     986    445        f
293     1011    455        f
294     1036    467        f
295     1059    478        f
296     1081    487        f
297     1102    497        f
298     1122    505        f
299     1142    515        f
300     1160    523        f
301     1177    531        f
302     1194    539        f
303     1210    546        f
304     1225    553        f
305     1240    559        f
306     1254    565        f
307     1267    571        f
308     1280    577        f
309     1292    583        f
310     1303    588        f
311     1315    593        f
312     1325    598        f
313     1335    602        f
314     1345    607        f
315     1354    611        f
316     1363    615        f
317     1371    618        f
318     1379    622        f
319     1387    626        f
320     1394    629        f
321     1401    632        f
322     1408    635        f
323     1414    638        f
324     1420    641        f
325     1426    643        f
326     1432    646        f
327     1437    648        f
328     1442    650        f
329     1447    653        f
330     1451    655        f
331     1456    657        f
332     1460    659        f
333     1464    660        f
334     1468    662        f
335     1471    664        f
336     1475    665        f
337     1478    667        f
338     1481    668        f
339     1484    670        f
340     1487    671        f
341     1490    672        f
342     1493    673        f
343     1495    675        f
344     1498    676        f
345     1500    677        f
346     1502    678        f
347     1504    679        f
348     1506    680        f
349     1508    680        f
350     1510    681        f
351     1512    682        f
352     1513    683        f
353     1515    684        f
354     1517    684        f
355     1518    685        f
356     1519    686        f
357     1521    686        f
358     1522    687        f
359     1523    687        f
360     1524    688        f
361     1525    688        f
362     1526    689        f
363     1528    689        f
364     1528    690        f
365     1529    690        f
366     1530    691        f
367     1531    691        f
368     1532    691        f
369     1533    692        f
370     1533    692        f
371     1534    692        f
372     1535    693        f
373     1535    693        f
374     1536    693        f
375     1537    693        f
376     1537    694        f
377     1538    694        f
378     1538    694        f
379     1539    694        f
380     1539    695        f
381     1540    695        f
382     1540    695        f
383     1540    695        f
384     1541    695        f
385     1541    695        f
386     1541    696        f
387     1542    696        f
388     1542    696        f
389     1542    696        f
390     1543    696        f
391     1543    696        f
392     1543    696        f
393     1543    697        f
394     1544    697        f
395     1544    697        f
396     1544    697        f
397     1544    697        f
398     1545    697        f
399     1545    697        f
400     1545    697        f
401     1545    697        f
402     1545    697        f
403     1545    697        f
404     1546    698        f
405     1546    698        f
406     1546    698        f
407     1546    698        f
408     1546    698        f
409     1546    698        f
410     1546    698        f
411     1547    698        f
412     1547    698        f
413     1547    698        f
414     1547    698        f
415     1547    698        f
416     1547    698        f
417     1547    698        f
418     1547    698        f
419     1547    698        f
420     1547    698        f
421     1547    698        f
422     1547    698        f
423     1548    698        f
424     1548    698        f
425     1548    698        f
426     1548    698        f
427     1548    698        f
428     1548    699        f
429     1548    699        f
430     1548    699        f
431     1548    699        f
432     1548    699        f
433     1548    699        f
434     1548    699        f
435     1548    699        f
436     1548    699        f
437     1548    699        f
438     1548    699        f
439     1548    699        f
440     1548    699        f
441     1548    699        f
442     1548    699        f
443     1548    699        f
444     1548    699        f
445     1548    699        f
446     1548    699        f
447     1548    699        f
448     1548    699        l
449     1548    699        l
450     1548    699        l
451     1548    699        l
452     1548    699        l
453     1548    699        l
454     1548    699        l
455     1548    699        l
456     1548    699        l
457     1548    699        l
458     1548    699        l
459     1548    699        l
460     1548    699        l
461     1548    699        l
462     1548    699        l
463     1548    699        l
464     1548    699        l
465     1548    699        f
466     1548    699        f
467     1548    699        f
468     1548    699        f
469     1549    699        f
470     1549    699        f
471     1549    699        f
472     1549    699        f
473     1549    699        f
474     1549    699        f
475     1549    699        f
476     1549    699        f
477     1549    699        f
478     1549    699        f
479     1549    699        f
480     1549    699        f
481     1549    699        f
482     1549    699        f
483     1549    699        f
484     1549    699        f
485     1549    699        f
486     1549    699        f
487     1549    699        f
488     1549    699        f
489     1549    699        f
490     1549    699        f
491     1549    699        f
492     1549    699        f
493     1549    699        f
494     1549    699        f
495     1549    699        f
496     1549    699        f
497     1549    699        f
498     1549    699        f
499     1549    699        f
500     1549    699        f
501     1549    699        f
502     1549    699        f
503     1549    699        f
504     1549    699        f
505     1549    699        f
506     1549    699        f
507     1549    699        f
508     1549    699        f
509     1549    699        f
510     1549    699        f
511     1549    699        f
512     1549    699        f
513     1549    699        f
514     1549    699        f
515     1549    699        f
516     1549    699        f
517     1549    699        f
518     1549    699        f
519     1549    699        f
520     1549    699        f
521     1549    699        f
522     1549    699        f
523     1549    699        f
524     1549    699        f
525     1549    699        f
526     1549    699        f
527     1549    699        f
528     1549    699        f
529     1549    699        f
530     1549    699        f
531     1549    699        f
532     1549    699        f
533     1549    699        f
534     1549    699        f
535     1549    699        f
536     1549    699        f
537     1549    699        f
538     1549    699        f
539     1549    699        f
540     1549    699        f
541     1549    699        f
542     1549    699        f
543     1549    699        f
544     1549    699        f
545     1549    699        f
546     1549    699        f
547     1549    699        f
548     1549    699        f
549     1549    699        f
550     1549    699        f
551     1549    699        f
552     1549    699        f
553     1549    699        f
554     1549    699        f
555     1549    699        f
556     1549    699        f
557     1549    699        f
558     1549    699        f
559     1549    699        f
560     1549    699        f
561     1549    699        f
562     1549    699        f
563     1549    699        f
564     1549    699        f
565     1549    699        f
566     1549    699        f
567     1549    699        f
568     1549    699        f
569     1549    699        f
570     1549    699        f
571     1549    699        f
572     1549    699        f
573     1549    699        f
574     1549    699        f
575     1549    699        f
576     1549    699        f
577     1549    699        f
578     1549    699        f
579     1549    699        f
580     1549    699        f
581     1549    699        f
582     1549    699        f
583     1549    699        f
584     1549    699        f
585     1549    699        f
586     1549    699        f
587     1549    699        f
588     1549    699        f
589     1549    699        f
590     1549    699        f
591     1549    699        f
592     1549    699        f
593     1549    699        f
594     1549    699        f
595     1549    699        f
596     1549    699        f
597     1549    699        f
598     1549    699        f
599     1549    699        f
600     1549    699        f
601     1549    699        f
602     1549    699        f
603     1549    699        f
604     1549    699        f
605     1549    699        f
606     1549    699        f
607     1549    699        f
608     1549    699        f
609     1549    699        f
610     1549    699        f
611     1549    699        f
612     1549    699        f
613     1549    699        f
614     1549    699        f
615     1549    699        f
616     1549    699        f
617     1549    699        f
618     1549    699        f
619     1549    699        f
620     1549    699        f
621     1549    699        f
622     1549    699        f
623     1549    699        f
624     1549    699        f
625     1549    699        f
626     1549    699        f
627     1549    699        f
628     1549    699        f
629     1549    699        f
630     1549    699        f
631     1549    699        f
632     1549    699        f
633     1549    699        f
634     1549    699        f
635     1549    699        f
636     1549    699        f
637     1549    699        f
638     1549    699        f
639     1549    699        f
640     1549    699        f
641     1549    699        f
642     1549    699        f
643     1549    699        f
644     1549    699        f
645     1549    699        f
646     1549    699        f
647     1549    699        f
648     1549    699        f
649     1549    699        f
650     1549    699        f
651     1549    699        f
652     1549    699        f
653     1549    699        f
654     1549    699        f
655     1549    699        f
656     1549    699        f
657     1549    699        f
658     1549    699        f
659     1549    699        f
660     1549    699        f
661     1549    699        f
662     1549    699        f
663     1549    699        f
664     1549    699        f
665     1549    699        f
666     1549    699        f
667     1549    699        l
668     1549    699        l
669     1549    699        l
670     1549    699        l
671     1549    699        l
672     1549    699        l
673     1549    699        l
674     1549    699        f
675     1549    699        f
676     1549    699        f
677     1549    699        f
678     1549    699        f
679     1549    699        f
680     1549    699        f
681     1549    699        f
682     1549    699        f
683     1549    699        f
684     1549    699        f
685     1549    699        f
686     1549    699        f
687     1549    699        f
688     1549    699        f
689     1549    699        f
690     1549    699        f
691     1549    699        f
692     1549    699        f
693     1549    699        f
694     1549    699        f
695     1549    699        f
696     1549    699        f
697     1549    699        f
698     1549    699        f
699     1549    699        f
700     1549    699        f
701     1549    699        f
702     1549    699        f
703     1549    699        f
704     1549    699        f
705     1549    699        f
706     1549    699        f
707     1549    699        f
708     1549    699        f
709     1549    699        f
710     1549    699        f
711     1549    699        f
712     1549    699        f
713     1549    699        f
714     1549    699        f
715     1549    699        f
716     1549    699        f
717     1549    699        f
718     1549    699        f
719     1549    699        f
720     1549    699        f
721     1549    699        f
722     1549    699        f
723     1549    699        f
724     1549    699        f
725     1549    699        f
726     1549    699        f
727     1549    699        f
728     1549    699        f
729     1549    699        f
730     1549    699        f
731     1549    699        f
732     1549    699        f
733     1549    699        f
734     1549    699        f
735     1549    699        f
736     1549    699        f
737     1549    699        f
738     1549    699        f
739     1549    699        f
740     1549    699        f
741     1549    699        f
742     1549    699        f
743     1549    699        f
744     1549    699        f
745     1549    699        f
746     1549    699        f
747     1549    699        f
748     1549    699        f
749     1549    699        f
750     1549    699        f
751     1549    699        f
752     1549    699        f
753     1549    699        f
754     1549    699        f
755     1549    699        f
756     1549    699        f
757     1549    699        f
758     1549    699        f
759     1549    699        f
760     1549    699        f
761     1549    699        f
762     1549    699        f
763     1549    699        f
764     1549    699        f
765     1549    699        f
766     1549    699        f
767     1549    699        f
768     1549    699        f
769     1549    699        f
770     1549    699        f
771     1549    699        f
772     1549    699        f
773     1549    699        f
774     1549    699        f
775     1549    699        f
776     1549    699        f
777     1549    699        f
778     1549    699        f
779     1549    699        f
780     1549    699        f
781     1549    699        f
782     1549    699        f
783     1549    699        f
784     1549    699        f
785     1549    699        f
786     1549    699        f
787     1549    699        f
788     1549    699        f
789     1549    699        f
790     1549    699        r
791     1549    699        r
792     1549    699        r
793     1549    699        r
794     1549    699        r
795     1549    699        r
796     1549    699        r
797     1549    699        r
798     1549    699        r
799     1549    699        r
800     1549    699        r
801     1549    699        f
802     1549    699        l
803     1549    699        l
804     1549    699        l
805     1549    699        l
806     1549    699        l
807     1549    699        l
808     1549    699        l
809     1549    699        l
810     1549    699        l
811     1549    699        l
812     1549    699        l
813     1549    699        l
814     1549    699        f
815     1625    700        f
816     1698    701        f
817     1768    701        f
818     1835    702        f
819     1898    703        f
820     1959    703        f
821     2017    704        f
822     2072    704        f
823     2125    705        f
824     2175    706        f
825     2223    706        f
826     2269    707        f
827     2313    707        f
828     2355    707        f
829     2395    708        f
830     2433    708        f
831     2470    709        f
832     2505    709        f
833     2538    709        f
834     2570    710        f
835     2600    710        f
836     2629    710        f
837     2657    711        f
838     2683    711        f
839     2709    711        f
840     2733    711        f
841     2756    712        f
842     2778    712        f
843     2799    712        f
844     2819    712        f
845     2838    713        f
846     2856    713        f
847     2874    713        f
848     2891    713        f
849     2907    713        f
850     2922    713        f
851     2936    714        f
852     2950    714        f
853     2963    714        f
854     2976    714        f
855     2988    714        f
856     3000    714        f
857     3011    714        f
858     3021    714        f
859     3031    715        f
860     3041    715        f
861     3050    715        f
862     3059    715        f
863     3059    715        r
864     3059    715        r
865     3059    715        r
866     3059    715        f
867     2935    630        f
868     2817    549        f
869     2704    472        f
870     2596    398        f
871     2493    328        f
872     2395    261        f
873     2301    197        f
874     2211    135        f
875     2125    77        f
876     2043    21        f
877     1964    -31        f
878     1891    -82        f
879     1819    -131        f
880     1751    -177        f
881     1686    -222        f
882     1623    -264        f
883     1565    -304        f
884     1508    -343        f
885     1454    -380        f
886     1403    -415        f
887     1353    -449        f
888     1306    -480        f
889     1262    -512        f
890     1219    -541        f
891     1178    -569        f
892     1139    -596        f
893     1139    -596        r
894     1101    -622        f
895     1101    -622        r
896     1101    -622        r
897     1101    -622        r
898     1101    -622        f
899     1011    -565        f
900     925    -512        f
901     842    -459        f
902     763    -411        f
903     688    -365        f
904     616    -320        f
905     547    -277        f
906     480    -236        f
907     419    -197        f
908     359    -160        f
909     301    -125        f
910     247    -91        f
911     194    -57        f
912     145    -27        f
913     97    1        f
914     51    28        f
915     8    56        f
916     -33    82        f
917     -33    82        r
918     -33    82        r
919     -33    82        r
920     -33    82        r
921     -33    82        r
922     -33    82        l
923     -33    82        l
924     -33    82        f
925     94    97        f
926     217    111        f
927     334    125        f
928     445    138        f
929     552    150        f
930     654    162        f
931     751    173        f
932     843    184        f
933     932    195        f
934     1017    204        f
935     1097    214        f
936     1174    223        f
937     1248    231        f
938     1318    240        f
939     1385    247        f
940     1449    254        f
941     1510    262        f
942     1569    269        f
943     1625    275        f
944     1678    281        f
945     1678    281        l
946     1678    281        f
947     1752    264        f
948     1823    247        f
949     1892    231        f
950     1955    216        f
951     2018    202        f
952     2077    188        f
953     2134    175        f
954     2188    162        f
955     2239    150        f
956     2289    139        f
957     2336    128        f
958     2381    118        f
959     2423    108        f
960     2464    98        f
961     2503    89        f
962     2541    80        f
963     2576    72        f
964     2610    64        f
965     2643    56        f
966     2674    49        f
967     2703    42        f
968     2731    35        f
969     2758    28        f
970     2758    28        r
971     2758    28        r
972     2758    28        f
973     2642    124        f
974     2532    215        f
975     2426    302        f
976     2325    385        f
977     2229    465        f
978     2137    540        f
979     2049    613        f
980     1964    682        f
981     1885    747        f
982     1807    810        f
983     1735    869        f
984     1664    927        f
985     1599    983        f
986     1535    1035        f
987     1474    1085        f
988     1416    1133        f
989     1361    1178        f
990     1308    1222        f
991     1257    1263        f
992     1209    1303        f
993     1162    1341        f
994     1118    1377        f
995     1076    1412        f
996     1036    1445        f
997     998    1476        f
998     961    1507        f
999     926    1535        f
1000     893    1563        f
1001     861    1589        f
1002     830    1614        f
1003     801    1638        f
1004     773    1661        f
1005     747    1682        f
1006     721    1704        f
1007     697    1723        f
1008     674    1743        f
1009     652    1761        f
1010     630    1778        f
1011     610    1795        f
1012     591    1811        f
1013     572    1826        f
1014     555    1839        f
1015     538    1854        f
1016     522    1867        f
1017     522    1867        r
1018     522    1867        r
1019     522    1867        f
1020     446    1860        f
1021     373    1853        f
1022     304    1846        f
1023     237    1839        f
1024     174    1834        f
1025     112    1828        f
1026     56    1822        f
1027     0    1817        f
1028     -51    1812        f
1029     -102    1807        f
1030     -150    1802        f
1031     -196    1798        f
1032     -239    1793        f
1033     -281    1789        f
1034     -321    1785        f
1035     -359    1782        f
1036     -395    1778        f
1037     -430    1775        f
1038     -463    1772        f
1039     -495    1769        f
1040     -525    1766        f
1041     -554    1763        f
1042     -582    1760        f
1043     -608    1757        f
1044     -634    1755        f
1045     -658    1753        f
1046     -681    1750        f
1047     -703    1748        f
1048     -724    1746        f
1049     -744    1744        f
1050     -763    1743        f
1051     -781    1741        f
1052     -799    1739        f
1053     -816    1737        f
1054     -832    1736        f
1055     -847    1734        f
1056     -861    1732        f
1057     -875    1732        f
1058     -889    1730        f
1059     -901    1729        f
1060     -913    1728        f
1061     -925    1727        f
1062     -936    1726        f
1063     -946    1725        f
1064     -957    1723        f
1065     -966    1723        f
1066     -975    1722        f
1067     -984    1721        f
1068     -992    1720        f
1069     -1000    1719        f
1070     -1008    1719        f
1071     -1015    1718        f
1072     -1022    1717        f
1073     -1029    1717        f
1074     -1035    1716        f
1075     -1041    1714        f
1076     -1047    1714        f
1077     -1053    1714        f
1078     -1058    1714        f
1079     -1063    1713        f
1080     -1068    1713        f
1081     -1072    1712        f
1082     -1077    1712        f
1083     -1081    1712        f
1084     -1085    1711        f
1085     -1089    1711        f
1086     -1092    1710        f
1087     -1096    1710        f
1088     -1099    1710        f
1089     -1102    1710        f
1090     -1105    1709        f
1091     -1108    1709        f
1092     -1111    1709        f
1093     -1114    1707        f
1094     -1116    1707        f
1095     -1119    1707        f
1096     -1121    1707        f
1097     -1123    1707        f
1098     -1125    1707        f
1099     -1127    1707        f
1100     -1129    1707        f
1101     -1131    1707        f
1102     -1133    1707        f
1103     -1134    1705        f
1104     -1136    1705        f
1105     -1137    1705        f
1106     -1139    1705        f
1107     -1140    1705        f
1108     -1142    1705        f
1109     -1143    1705        f
1110     -1144    1705        f
1111     -1145    1705        f
1112     -1146    1705        f
1113     -1147    1705        f
1114     -1147    1705        l
1115     -1147    1705        l
1116     -1147    1705        l
1117     -1147    1705        l
1118     -1147    1705        l
1119     -1147    1705        l
1120     -1147    1705        l
1121     -1147    1705        f
1122     -1075    1680        f
1123     -1075    1680        r
1124     -1075    1680        f
1125     -1151    1686        f
1126     -1224    1689        f
1127     -1293    1694        f
1128     -1360    1698        f
1129     -1423    1701        f
1130     -1484    1705        f
1131     -1542    1707        f
1132     -1597    1711        f
1133     -1650    1714        f
1134     -1700    1717        f
1135     -1748    1720        f
1136     -1794    1723        f
1137     -1838    1725        f
1138     -1880    1728        f
1139     -1920    1730        f
1140     -1957    1732        f
1141     -1995    1734        f
1142     -2030    1736        f
1143     -2063    1738        f
1144     -2095    1739        f
1145     -2125    1742        f
1146     -2154    1743        f
1147     -2182    1745        f
1148     -2208    1747        f
1149     -2234    1748        f
1150     -2258    1748        f
1151     -2281    1751        f
1152     -2303    1752        f
1153     -2324    1753        f
1154     -2344    1754        f
1155     -2363    1755        f
1156     -2382    1757        f
1157     -2399    1757        f
1158     -2416    1759        f
1159     -2432    1759        f
1160     -2447    1760        f
1161     -2462    1761        f
1162     -2476    1762        f
1163     -2489    1763        f
1164     -2502    1763        f
1165     -2514    1764        f
1166     -2526    1764        f
1167     -2537    1764        f
1168     -2547    1766        f
1169     -2557    1767        f
1170     -2567    1767        f
1171     -2576    1768        f
1172     -2585    1768        f
1173     -2593    1769        f
1174     -2601    1769        f
1175     -2609    1770        f
1176     -2616    1770        f
1177     -2623    1770        f
1178     -2630    1771        f
1179     -2636    1771        f
1180     -2642    1772        f
1181     -2648    1772        f
1182     -2654    1772        f
1183     -2659    1773        f
1184     -2664    1773        f
1185     -2669    1773        f
1186     -2673    1773        f
1187     -2678    1773        f
1188     -2682    1773        f
1189     -2686    1773        f
1190     -2690    1773        f
1191     -2694    1775        f
1192     -2697    1775        f
1193     -2700    1775        f
1194     -2704    1775        f
1195     -2707    1775        f
1196     -2709    1775        f
1197     -2712    1776        f
1198     -2715    1776        f
1199     -2717    1776        f
1200     0    0        f
1200     0    0        f
1200     0    0        f
1200     0    0        f
1200     0    0        f
1200     0    0        f
1200     0    0        f
1200     0    0        f
1200     0    0        f
1200     0    0        f
1200     0    0        f
1200     0    0        f
1200     0    0        f
1200     0    0        f
1200     0    0        f
1200     0    0        f
1200     0    0        f
1200     0    0        f
1200     0    0        f
1200     0    0        f
1200     0    0        f
1200     0    0        f
1200     0    0        f
1200     0    0        f
1200     0    0        f
1200     0    0        f
1200     0    0        f
1200     0    0        f
1200     0    0        f
1200     0    0        f
1200     0    0        f
1200     0    0        f
1200     0    0        f
1200     0    0        f
1200     0    0        f
1200     0    0        f
1200     0    0        f
1200     0    0        f
1200     0    0        f
1200     0    0        f
1200     0    0        f
1200     0    0        f
1200     0    0        f
1200     0    0        f
1200     0    0        f
1200     0    0        f
1200     0    0        f
1200     0    0        f
1200     0    0        f
1200     0    0        f
1200     0    0        f
1200     0    0        f
1200     0    0        f
1200     0    0        f
1200     0    0        f
1200     0    0        f
1200     0    0        f
1200     0    0        f
1200     0    0        f
1200     0    0        f
1200     0    0        f
1200     0    0        f
1200     0    0        f
1200     0    0        f
1200     0    0        f
1200     0    0        f
1200     0    0        f
1200     0    0        f
1200     0    0        f
1200     0    0        f
1200     0    0        f
1200     0    0        f
1200     0    0        f
1200     0    0        f
1200     0    0        f
1200     0    0        f
1200     0    0        f
1200     0    0        f
1200     0    0        f
1200     0    0        f
1200     0    0        f
1200     0    0        f
1200     0    0        f
1200     0    0        f
1200     0    0        f
1200     0    0        f
1200     0    0        f
1200     0    0        f
1200     0    0        f
1200     0    0        f
1200     0    0        f
1200     0    0        f
1200     0    0        f
1200     0    0        f
1200     0    0        f
1200     0    0        f
1200     0    0        f
1200     0    0        f
1200     0    0        f
1200     0    0        f
1200     0    0        f
1200     0    0        f
1201     0    0        f
1202     0    0        f
1203     0    0        f
1204     0    0        f
1205     0    0        f
1206     0    0        f
1207     0    0        f
1208     0    0        f
1209     0    0        f
1210     0    0        f
1211     0    0        f
1212     0    0        f
1213     0    0        f
1214     0    0        f
1215     0    0        f
1216     0    0        f
1217     0    0        f
1218     0    0        f
1219     0    0        f
1220     0    0        f
1221     0    0        f
1222     0    0        f
1223     0    0        f
1224     0    0        f
1225     0    0        f
1226     0    0        f
1227     0    0        f
1228     0    0        f
1229     0    0        f
1230     0    0        f
1231     0    0        f
1232     0    0        f
1233     0    0        f
1234     0    0        f
1235     0    0        f
1236     0    0        f
1237     0    0        f
1238     0    0        f
1239     0    0        f
1240     0    0        f
1241     0    0        f
1242     0    0        f
1243     0    0        f
1244     0    0        f
1245     0    0        f
1246     0    0        f
1247     0    0        f
1248     0    0        f
1249     0    0        f
1250     0    0        f
1251     0    0        f
1252     0    0        f
1253     0    0        f
1254     0    0        f
1255     0    0        f
1256     0    0        f
1257     0    0        f
1258     0    0        f
1259     0    0        f
1260     0    0        f
1261     0    0        f
1262     0    0        f
1263     0    0        f
1264     0    0        f
1265     0    0        f
1266     0    0        f
1267     0    0        f
1268     0    0        f
1269     0    0        f
1270     0    0        f
1271     0    0        f
1272     0    0        f
1273     0    0        f
1274     0    0        f
1275     0    0        f
1276     0    0        f
1277     0    0        f
1278     0    0        f
1279     0    0        f
1280     0    0        f
1281     0    0        f
1282     0    0        f
1283     0    0        f
1284     0    0        f
1285     0    0        f
1286     0    0        f
1287     0    0        f
1288     0    0        f
1289     0    0        f
1290     0    0        f
1291     0    0        f
1292     0    0        f
1293     0    0        f
1294     0    0        f
1295     0    0        f
1296     0    0        f
1297     0    0        f
1298     0    0        f
1299     0    0        f
1300     0    0        f
1301     0    0        f
1302     0    0        f
1303     0    0        f
1304     0    0        f
1305     0    0        r
1306     0    0        r
1307     0    0        r
1308     0    0        f
1309     -71    -28        f
1310     -139    -54        f
1311     -204    -80        f
1312     -266    -105        f
1313     -325    -128        f
1314     -381    -150        f
1315     -434    -172        f
1316     -434    -172        l
1317     -434    -172        l
1318     -434    -172        l
1319     -434    -172        f
1320     -360    -160        f
1321     -288    -148        f
1322     -219    -137        f
1323     -153    -127        f
1324     -90    -117        f
1325     -30    -108        f
1326     26    -99        f
1327     80    -90        f
1328     133    -82        f
1329     182    -74        f
1330     229    -67        f
1331     275    -60        f
1332     319    -53        f
1333     360    -46        f
1334     400    -40        f
1335     438    -34        f
1336     474    -28        f
1337     508    -23        f
1338     541    -18        f
1339     573    -13        f
1340     603    -8        f
1341     631    -3        f
1342     659    0        f
1343     685    4        f
1344     710    8        f
1345     734    12        f
1346     756    15        f
1347     778    19        f
1348     799    22        f
1349     819    25        f
1350     838    28        f
1351     856    31        f
1352     873    34        f
1353     890    36        f
1354     906    39        f
1355     921    41        f
1356     935    43        f
1357     949    46        f
1358     961    48        f
1359     974    50        f
1360     986    52        f
1361     998    53        f
1362     1009    55        f
1363     1019    56        f
1364     1029    57        f
1365     1039    60        f
1366     1048    61        f
1367     1056    63        f
1368     1064    64        f
1369     1072    65        f
1370     1080    66        f
1371     1087    67        f
1372     1094    69        f
1373     1100    70        f
1374     1107    71        f
1375     1113    72        f
1376     1118    72        f
1377     1124    73        f
1378     1129    74        f
1379     1134    75        f
1380     1139    76        f
1381     1143    76        f
1382     1148    77        f
1383     1152    78        f
1384     1156    78        f
1385     1159    79        f
1386     1163    80        f
1387     1167    80        f
1388     1170    81        f
1389     1170    81        r
1390     1170    81        r
1391     1170    81        f
1392     1069    -27        f
1393     1069    -27        l
1394     1069    -27        f
1395     1144    -11        f
1396     1215    3        f
1397     1284    18        f
1398     1349    32        f
1399     1411    45        f
1400     1471    57        f
1401     1528    70        f
1402     1528    70        r
1403     1528    70        r
1404     1528    70        r
1405     1528    70        f
1406     1454    50        f
1407     1383    32        f
1408     1316    14        f
1409     1251    -2        f
1410     1189    -18        f
1411     1130    -33        f
1412     1074    -48        f
1413     1019    -62        f
1414     969    -75        f
1415     919    -88        f
1416     873    -100        f
1417     827    -112        f
1418     786    -123        f
1419     745    -134        f
1420     706    -144        f
1421     669    -154        f
1422     633    -163        f
1423     599    -172        f
1424     567    -180        f
1425     536    -188        f
1426     505    -196        f
1427     478    -202        f
1428     451    -210        f
1429     425    -217        f
1430     401    -224        f
1431     377    -229        f
1432     355    -235        f
1433     333    -241        f
1434     313    -246        f
1435     293    -252        f
1436     275    -256        f
1437     257    -261        f
1438     240    -265        f
1439     224    -270        f
1440     208    -274        f
1441     193    -278        f
1442     179    -281        f
1443     166    -285        f
1444     153    -288        f
1445     140    -291        f
1446     129    -295        f
1447     117    -297        f
1448     107    -300        f
1449     96    -303        f
1450     87    -306        f
1451     77    -308        f
1452     68    -310        f
1453     60    -313        f
1454     52    -315        f
1455     44    -317        f
1456     36    -319        f
1457     28    -320        f
1458     23    -322        f
1459     16    -324        f
1460     10    -326        f
1461     10    -326        r
1462     10    -326        r
1463     10    -326        r
1464     10    -326        r
1465     10    -326        l
1466     10    -326        l
1467     10    -326        l
1468     10    -326        f
1469     86    -318        f
1470     159    -311        f
1471     227    -304        f
1472     295    -297        f
1473     358    -291        f
1474     419    -284        f
1475     476    -279        f
1476     531    -273        f
1477     584    -268        f
1478     634    -263        f
1479     634    -263        r
1480     634    -263        r
1481     634    -263        f
1482     560    -244        f
1483     488    -227        f
1484     422    -210        f
1485     357    -194        f
1486     295    -179        f
1487     236    -165        f
1488     180    -151        f
1489     126    -138        f
1490     75    -125        f
1491     26    -112        f
1492     -20    -101        f
1493     -64    -90        f
1494     -107    -80        f
1495     -148    -70        f
1496     -187    -60        f
1497     -224    -51        f
1498     -259    -42        f
1499     -293    -34        f
1500     -326    -26        f
1501     -357    -18        f
1502     -386    -11        f
1503     -413    -4        f
1504     -441    1        f
1505     -467    8        f
1506     -492    14        f
1507     -515    19        f
1508     -538    25        f
1509     -559    30        f
1510     -580    35        f
1511     -599    40        f
1512     -618    45        f
1513     -636    49        f
1514     -653    53        f
1515     -669    56        f
1516     -684    61        f
1517     -699    65        f
1518     -713    68        f
1519     -727    72        f
1520     -740    75        f
1521     -752    78        f
1522     -764    81        f
1523     -775    83        f
1524     -786    86        f
1525     -796    89        f
1526     -806    91        f
1527     -815    93        f
1528     -824    95        f
1529     -833    98        f
1530     -841    100        f
1531     -848    101        f
1532     -856    103        f
1533     -863    105        f
1534     -869    107        f
1535     -876    108        f
1536     -882    110        f
1537     -888    111        f
1538     -888    111        r
1539     -888    111        r
1540     -888    111        f
1541     -961    91        f
1542     -1032    72        f
1543     -1100    53        f
1544     -1164    35        f
1545     -1226    19        f
1546     -1284    3        f
1547     -1340    -12        f
1548     -1394    -27        f
1549     -1445    -41        f
1550     -1494    -54        f
1551     -1541    -67        f
1552     -1585    -79        f
1553     -1628    -91        f
1554     -1669    -102        f
1555     -1707    -112        f
1556     -1744    -123        f
1557     -1780    -132        f
1558     -1814    -142        f
1559     -1846    -151        f
1560     -1877    -159        f
1561     -1905    -167        f
1562     -1934    -175        f
1563     -1961    -182        f
1564     -1987    -189        f
1565     -2011    -196        f
1566     -2035    -202        f
1567     -2057    -208        f
1568     -2078    -214        f
1569     -2099    -220        f
1570     -2118    -225        f
1571     -2137    -229        f
1572     -2154    -235        f
1573     -2171    -240        f
1574     -2188    -244        f
1575     -2203    -249        f
1576     -2218    -252        f
1577     -2232    -256        f
1578     -2245    -260        f
1579     -2258    -264        f
1580     -2270    -267        f
1581     -2270    -267        l
1582     -2270    -267        l
1583     -2270    -267        l
1584     -2270    -267        l
1585     -2270    -267        f
1586     -2183    -145        f
1587     -2099    -28        f
1588     -2019    81        f
1589     -1942    187        f
1590     -1869    288        f
1591     -1800    384        f
1592     -1732    476        f
1593     -1669    565        f
1594     -1609    649        f
1595     -1609    649        l
1596     -1609    649        l
1597     -1551    729        f
1598     -1551    729        l
1599     -1551    729        l
1600     -1551    729        l
1601     -1551    729        l
1602     -1551    729        l
1603     -1551    729        l
1604     -1551    729        l
1605     -1495    806        f
1606     -1495    806        l
1607     -1495    806        f
1608     -1398    744        f
1609     -1305    685        f
1610     -1216    628        f
1611     -1131    574        f
1612     -1050    522        f
1613     -973    473        f
1614     -899    426        f
1615     -827    381        f
1616     -761    338        f
1617     -696    297        f
1618     -635    257        f
1619     -576    220        f
1620     -520    184        f
1621     -467    150        f
1622     -416    117        f
1623     -367    86        f
1624     -321    56        f
1625     -321    56        r
1626     -321    56        f
1627     -419    92        f
1628     -514    126        f
1629     -604    158        f
1630     -690    190        f
1631     -772    219        f
1632     -850    248        f
1633     -925    275        f
1634     -996    301        f
1635     -1065    325        f
1636     -1130    349        f
1637     -1192    371        f
1638     -1251    393        f
1639     -1308    413        f
1640     -1362    433        f
1641     -1414    451        f
1642     -1464    470        f
1643     -1511    487        f
1644     -1556    503        f
1645     -1599    519        f
1646     -1641    533        f
1647     -1680    548        f
1648     -1717    561        f
1649     -1753    574        f
1650     -1788    587        f
1651     -1820    598        f
1652     -1852    610        f
1653     -1880    621        f
1654     -1910    631        f
1655     -1937    641        f
1656     -1963    650        f
1657     -1988    659        f
1658     -2012    668        f
1659     -2034    676        f
1660     -2056    684        f
1661     -2077    691        f
1662     -2096    698        f
1663     -2115    705        f
1664     -2133    712        f
1665     -2150    718        f
1666     -2167    724        f
1667     -2183    730        f
1668     -2198    735        f
1669     -2212    740        f
1670     -2226    745        f
1671     -2239    750        f
1672     -2251    754        f
1673     -2263    759        f
1674     -2274    763        f
1675     -2285    767        f
1676     -2296    770        f
1677     -2306    774        f
1678     -2315    777        f
1679     -2324    781        f
1680     -2333    784        f
1681     -2341    787        f
1682     -2349    790        f
1683     -2356    792        f
1684     -2364    795        f
1685     -2364    795        l
1686     -2364    795        l
1687     -2364    795        l
1688     -2364    795        f
1689     -2264    875        f
1690     -2169    951        f
1691     -2079    1024        f
1692     -1992    1094        f
1693     -1910    1160        f
1694     -1910    1160        l
1695     -1910    1160        l
1696     -1910    1160        l
1697     -1910    1160        l
1698     -1910    1160        f
1699     -1817    1042        f
1700     -1729    928        f
1701     -1645    821        f
1702     -1565    718        f
1703     -1488    619        f
1704     -1414    525        f
1705     -1344    434        f
1706     -1277    349        f
1707     -1213    267        f
1708     -1152    189        f
1709     -1094    113        f
1710     -1038    42        f
1711     -984    -25        f
1712     -934    -90        f
1713     -885    -153        f
1714     -839    -212        f
1715     -794    -269        f
1716     -752    -323        f
1717     -712    -375        f
1718     -673    -425        f
1719     -636    -472        f
1720     -636    -472        l
1721     -636    -472        l
1722     -636    -472        l
1723     -601    -517        f
1724     -601    -517        l
1725     -601    -517        l
1726     -601    -517        l
1727     -568    -560        f
1728     -568    -560        l
1729     -568    -560        l
1730     -568    -560        l
1731     -568    -560        l
1732     -568    -560        f
1733     -521    -417        f
1734     -476    -281        f
1735     -433    -151        f
1736     -392    -27        f
1737     -353    90        f
1738     -316    202        f
1739     -281    312        f
1740     -247    415        f
1741     -214    513        f
1742     -183    607        f
1743     -153    697        f
1744     -125    783        f
1745     -98    865        f
1746     -72    943        f
1747     -48    1018        f
1748     -24    1089        f
1749     -2    1157        f
1750     19    1222        f
1751     39    1285        f
1752     59    1344        f
1753     77    1401        f
1754     95    1455        f
1755     95    1455        l
1756     95    1455        l
1757     95    1455        f
1758     196    1344        f
1759     292    1237        f
1760     383    1136        f
1761     471    1039        f
1762     554    946        f
1763     634    858        f
1764     710    773        f
1765     783    692        f
1766     852    615        f
1767     919    542        f
1768     982    471        f
1769     1043    404        f
1770     1101    340        f
1771     1156    279        f
1772     1209    220        f
1773     1259    164        f
1774     1307    111        f
1775     1353    60        f
1776     1397    11        f
1777     1439    -34        f
1778     1479    -79        f
1779     1517    -121        f
1780     1553    -162        f
1781     1588    -200        f
1782     1621    -237        f
1783     1653    -273        f
1784     1682    -306        f
1785     1712    -338        f
1786     1739    -369        f
1787     1766    -399        f
1788     1791    -426        f
1789     1816    -453        f
1790     1839    -479        f
1791     1861    -503        f
1792     1882    -527        f
1793     1902    -549        f
1794     1921    -570        f
1795     1939    -591        f
1796     1957    -610        f
1797     1973    -629        f
1798     1989    -646        f
1799     2004    -663        f
1800     2019    -679        f
1801     2032    -695        f
1802     2046    -710        f
1803     2059    -724        f
1804     2071    -737        f
1805     2082    -750        f
1806     2093    -762        f
1807     2104    -774        f
1808     2114    -785        f
1809     2123    -796        f
1810     2133    -806        f
1811     2141    -816        f
1812     2150    -825        f
1813     2158    -834        f
1814     2165    -842        f
1815     2173    -851        f
1816     2180    -858        f
1817     2186    -866        f
1818     2193    -873        f
1819     2199    -880        f
1820     2204    -886        f
1821     2210    -892        f
1822     2210    -892        r
1823     2215    -898        f
1824     2220    -903        f
1825     2225    -909        f
1826     2230    -914        f
1827     2234    -919        f
1828     2234    -919        l
1829     2234    -919        l
1830     2234    -919        l
1831     2234    -919        l
1832     2234    -919        f
1833     2377    -873        f
1834     2377    -873        r
1835     2513    -827        f
1836     2643    -786        f
1837     2767    -745        f
1838     2885    -707        f
1839     2999    -670        f
1840     3107    -635        f
1841     3210    -601        f
1842     3309    -569        f
1843     3403    -538        f
1844     3493    -509        f
1845     3579    -480        f
1846     3661    -454        f
1847     3739    -428        f
1848     3814    -404        f
1849     3885    -380        f
1850     3953    -358        f
1851     4019    -337        f
1852     4081    -316        f
1853     4140    -297        f
1854     4197    -278        f
1855     4251    -260        f
1856     4303    -243        f
1857     4352    -227        f
1858     4400    -212        f
1859     4445    -197        f
1860     4488    -183        f
1861     4529    -169        f
1862     4568    -157        f
1863     4605    -144        f
1864     4641    -133        f
1865     4675    -121        f
1866     4708    -111        f
1867     4739    -101        f
1868     4769    -91        f
1869     4798    -81        f
1870     4825    -73        f
1871     4851    -64        f
1872     4876    -56        f
1873     4899    -48        f
1874     4922    -41        f
1875     4944    -34        f
1876     4964    -27        f
1877     4984    -21        f
1878     5003    -15        f
1879     0    0        f
1880     0    0        f
1881     0    0        f
1882     0    0        f
1883     0    0        f
1884     0    0        f
1885     0    0        f
1886     0    0        f
1887     0    0        f
1888     0    0        f
1889     0    0        f
1890     0    0        f
1891     0    0        f
1892     0    0        f
1893     0    0        f
1894     0    0        f
1895     0    0        f
1896     0    0        f
1897     0    0        f
1898     0    0        f
1899     0    0        f
1900     0    0        f
1901     0    0        f
1902     0    0        f
1903     0    0        f
1904     0    0        f
1905     0    0        f
1906     0    0        f
1907     0    0        f
1908     0    0        f
1909     0    0        f
1910     0    0        f
1911     0    0        f
1912     0    0        f
1913     0    0        f
1914     0    0        f
1915     0    0        f
1916     0    0        f
1917     0    0        f
1918     0    0        f
1919     0    0        f
1920     0    0        f
1921     0    0        f
1922     0    0        f
1923     0    0        f
1924     0    0        f
1925     0    0        f
1926     0    0        f
1927     0    0        f
1928     0    0        f
1929     0    0        f
1930     0    0        f
1931     0    0        f
1932     0    0        f
1933     0    0        f
1934     0    0        f
1935     0    0        f
1936     0    0        f
1937     0    0        f
1938     0    0        f
1939     0    0        f
1940     0    0        f
1941     0    0        f
1942     0    0        f
1943     0    0        f
1944     0    0        f
1945     0    0        f
1946     0    0        f
1947     0    0        f
1948     0    0        f
1949     0    0        f
1950     0    0        f
1951     0    0        f
1952     0    0        f
1953     0    0        f
1954     0    0        f
1955     0    0        f
1956     0    0        f
1957     0    0        f
1958     0    0        f
1959     0    0        f
1960     0    0        f
1961     0    0        f
1962     0    0        f
1963     0    0        f
1964     0    0        f
1965     0    0        f
1966     0    0        f
1967     0    0        f
1968     0    0        f
1969     0    0        f
1970     0    0        f
1971     0    0        f
1972     0    0        f
1973     0    0        f
1974     0    0        f
1975     0    0        f
1976     0    0        f
1977     0    0        f
1978     0    0        f
1979     0    0        f
1980     0    0        f
1981     0    0        f
1982     0    0        f
1983     0    0        f
1984     0    0        f
1985     0    0        f
1986     0    0        l
1987     0    0        l
1988     0    0        l
1989     0    0        f
1990     76    0        f
1991     149    1        f
1992     219    1        f
1993     286    2        f
1994     349    2        f
1995     409    3        f
1996     468    3        f
1997     524    4        f
1998     576    4        f
1999     627    4        f
2000     675    5        f
2001     721    5        f
2002     765    5        f
2003     807    6        f
2004     847    6        f
2005     886    6        f
2006     922    7        f
2007     957    7        f
2008     991    7        f
2009     1023    7        f
2010     1053    8        f
2011     1082    8        f
2012     1110    8        f
2013     1136    8        f
2014     1162    8        f
2015     1186    9        f
2016     1209    9        f
2017     1231    9        f
2018     1252    9        f
2019     1272    9        f
2020     1292    9        f
2021     1310    10        f
2022     1327    10        f
2023     1344    10        f
2024     1360    10        f
2025     1375    10        f
2026     1390    10        f
2027     1404    10        f
2028     1417    10        f
2029     1430    10        f
2030     1442    11        f
2031     1454    11        f
2032     1465    11        f
2033     1475    11        f
2034     1485    11        f
2035     1495    11        f
2036     1504    11        f
2037     1513    11        f
2038     1521    11        f
2039     1529    11        f
2040     1537    11        f
2041     1544    11        f
2042     1551    11        f
2043     1558    11        f
2044     1564    11        f
2045     1570    12        f
2046     1576    12        f
2047     1582    12        f
2048     1587    12        f
2049     1592    12        f
2050     1597    12        f
2051     1602    12        f
2052     1605    12        f
2053     1610    12        f
2054     1614    12        f
2055     1618    12        f
2056     1622    12        f
2057     1625    12        f
2058     1629    12        f
2059     1632    12        f
2060     1635    12        f
2061     1638    12        f
2062     1639    12        f
2063     1643    12        f
2064     1646    12        f
2065     1648    12        f
2066     1650    12        f
2067     1653    12        f
2068     1655    12        f
2069     1657    12        f
2070     1659    12        f
2071     1660    12        f
2072     1662    12        f
2073     1664    12        f
2074     1664    12        f
2075     1667    12        f
2076     1668    12        f
2077     1668    12        r
2078     1668    12        r
2079     1668    12        r
2080     1668    12        r
2081     1668    12        f
2082     1622    -77        f
2083     1577    -164        f
2084     1535    -247        f
2085     1494    -326        f
2086     1455    -401        f
2087     1418    -473        f
2088     1383    -542        f
2089     1349    -607        f
2090     1316    -670        f
2091     1286    -730        f
2092     1256    -787        f
2093     1228    -842        f
2094     1201    -894        f
2095     1201    -894        r
2096     1201    -894        r
2097     1201    -894        r
2098     1201    -894        r
2099     1201    -894        f
2100     1126    -911        f
2101     1055    -927        f
2102     986    -943        f
2103     922    -958        f
2104     860    -972        f
2105     801    -986        f
2106     745    -999        f
2107     691    -1011        f
2108     639    -1023        f
2109     590    -1034        f
2110     543    -1045        f
2111     498    -1055        f
2112     455    -1065        f
2113     413    -1074        f
2114     375    -1083        f
2115     337    -1092        f
2116     301    -1100        f
2117     267    -1108        f
2118     235    -1115        f
2119     204    -1123        f
2120     174    -1129        f
2121     146    -1136        f
2122     119    -1142        f
2123     93    -1148        f
2124     68    -1154        f
2125     44    -1159        f
2126     22    -1164        f
2127     1    -1169        f
2128     -19    -1174        f
2129     -39    -1178        f
2130     -56    -1183        f
2131     -75    -1187        f
2132     -92    -1191        f
2133     -108    -1194        f
2134     -124    -1198        f
2135     -124    -1198        r
2136     -124    -1198        r
2137     -124    -1198        r
2138     -124    -1198        f
2139     -254    -1132        f
2140     -377    -1069        f
2141     -495    -1009        f
2142     -608    -951        f
2143     -716    -896        f
2144     -819    -844        f
2145     -917    -794        f
2146     -1011    -746        f
2147     -1100    -700        f
2148     -1186    -657        f
2149     -1267    -615        f
2150     -1345    -575        f
2151     -1419    -537        f
2152     -1490    -501        f
2153     -1558    -466        f
2154     -1623    -433        f
2155     -1684    -401        f
2156     -1743    -372        f
2157     -1743    -372        r
2158     -1743    -372        r
2159     -1743    -372        r
2160     -1743    -372        f
2161     -1892    -351        f
2162     -2034    -331        f
2163     -2169    -312        f
2164     -2298    -294        f
2165     -2422    -277        f
2166     -2539    -261        f
2167     -2652    -245        f
2168     -2759    -229        f
2169     -2862    -216        f
2170     -2960    -202        f
2171     -3053    -189        f
2172     -3142    -176        f
2173     -3227    -165        f
2174     -3308    -153        f
2175     -3386    -142        f
2176     -3460    -132        f
2177     -3529    -122        f
2178     -3597    -112        f
2179     -3663    -104        f
2180     -3724    -95        f
2181     -3783    -87        f
2182     -3839    -79        f
2183     -3893    -72        f
2184     -3944    -64        f
2185     -3993    -57        f
2186     -4039    -51        f
2187     -4084    -45        f
2188     -4084    -45        l
2189     -4084    -45        l
2190     -4084    -45        f
2191     -3936    -74        f
2192     -3936    -74        l
2193     -3936    -74        l
2194     -3936    -74        l
2195     -3936    -74        l
2196     -3936    -74        l
2197     -3936    -74        l
2198     -3936    -74        l
2199     -3936    -74        l
2200     -3936    -74        l
2201     -3936    -74        l
2202     -3796    -102        f
2203     -3661    -129        f
2204     -3534    -155        f
2205     -3411    -179        f
2206     -3295    -202        f
2207     -3183    -225        f
2208     -3076    -246        f
2209     -2974    -266        f
2210     -2877    -285        f
2211     -2784    -304        f
2212     -2696    -322        f
2213     -2611    -339        f
2214     -2611    -339        r
2215     -2611    -339        r
2216     -2611    -339        r
2217     -2611    -339        r
2218     -2611    -339        r
2219     -2611    -339        r
2220     -2611    -339        f
2221     -2759    -312        f
2222     -2899    -286        f
2223     -3034    -262        f
2224     -3162    -239        f
2225     -3285    -216        f
2226     -3402    -195        f
2227     -3514    -175        f
2228     -3621    -156        f
2229     -3722    -137        f
2230     -3722    -137        l
2231     -3722    -137        l
2232     -3722    -137        l
2233     -3722    -137        l
2234     -3722    -137        f
2235     -3603    -47        f
2236     -3488    38        f
2237     -3379    120        f
2238     -3275    198        f
2239     -3175    273        f
2240     -3080    344        f
2241     -2989    412        f
2242     -2903    478        f
2243     -2820    540        f
2244     -2741    599        f
2245     -2665    656        f
2246     -2593    710        f
2247     -2524    762        f
2248     -2459    811        f
2249     -2396    859        f
2250     -2336    903        f
2251     -2279    947        f
2252     -2224    988        f
2253     -2172    1027        f
2254     -2122    1065        f
2255     -2074    1100        f
2256     -2029    1135        f
2257     -1985    1167        f
2258     -1944    1198        f
2259     -1904    1228        f
2260     -1866    1256        f
2261     -1830    1284        f
2262     -1830    1284        l
2263     -1830    1284        l
2264     -1830    1284        f
2265     -1754    1154        f
2266     -1680    1031        f
2267     -1611    913        f
2268     -1545    801        f
2269     -1482    693        f
2270     -1421    591        f
2271     -1363    492        f
2272     -1308    399        f
2273     -1255    309        f
2274     -1205    224        f
2275     -1157    142        f
2276     -1111    64        f
2277     -1067    -9        f
2278     -1025    -80        f
2279     -985    -148        f
2280     -947    -213        f
2281     -910    -274        f
2282     -876    -334        f
2283     -842    -390        f
2284     -811    -444        f
2285     -780    -495        f
2286     -752    -544        f
2287     -724    -591        f
2288     -698    -636        f
2289     -698    -636        l
2290     -672    -679        f
2291     -648    -720        f
2292     -625    -759        f
2293     -603    -796        f
2294     -582    -832        f
2295     -562    -865        f
2296     -543    -898        f
2297     -525    -928        f
2298     -508    -958        f
2299     -491    -986        f
2300     -475    -1014        f
2301     -459    -1039        f
2302     -446    -1064        f
2303     -432    -1087        f
2304     -418    -1110        f
2305     -405    -1131        f
2306     -394    -1152        f
2307     -382    -1171        f
2308     -371    -1190        f
2309     -361    -1208        f
2310     -351    -1224        f
2311     -341    -1241        f
2312     -332    -1256        f
2313     -323    -1271        f
2314     -315    -1285        f
2315     -307    -1299        f
2316     -299    -1311        f
2317     -292    -1324        f
2318     -292    -1324        l
2319     -292    -1324        l
2320     -292    -1324        l
2321     -292    -1324        l
2322     -292    -1324        f
2323     -259    -1178        f
2324     -227    -1038        f
2325     -196    -905        f
2326     -167    -778        f
2327     -139    -656        f
2328     -112    -540        f
2329     -88    -430        f
2330     -63    -324        f
2331     -40    -223        f
2332     -18    -127        f
2333     2    -35        f
2334     22    52        f
2335     41    136        f
2336     60    216        f
2337     77    292        f
2338     94    365        f
2339     110    434        f
2340     125    501        f
2341     139    565        f
2342     153    626        f
2343     167    684        f
2344     179    739        f
2345     191    792        f
2346     202    842        f
2347     214    891        f
2348     225    936        f
2349     235    981        f
2350     244    1023        f
2351     252    1063        f
2352     262    1101        f
2353     271    1138        f
2354     279    1173        f
2355     286    1206        f
2356     294    1238        f
2357     294    1238        l
2358     294    1238        f
2359     419    1155        f
2360     538    1077        f
2361     653    1002        f
2362     762    930        f
2363     866    861        f
2364     966    796        f
2365     966    796        l
2366     966    796        f
2367     1055    735        f
2368     1140    677        f
2369     1222    622        f
2370     1299    569        f
2371     1374    518        f
2372     1445    470        f
2373     1512    423        f
2374     1577    379        f
2375     1639    337        f
2376     1698    297        f
2377     1754    259        f
2378     1807    222        f
2379     1859    187        f
2380     1907    153        f
2381     1955    121        f
2382     1955    121        l
2383     1955    121        l
2384     1955    121        l
2385     1955    121        f
2386     2105    122        f
2387     2248    122        f
2388     2385    123        f
2389     2516    123        f
2390     2641    124        f
2391     2760    124        f
2392     2874    124        f
2393     2982    125        f
2394     3086    125        f
2395     3185    125        f
2396     3279    126        f
2397     3370    126        f
2398     3457    126        f
2399     3539    126        f
