step   ball_X    ball_Y    side
39     0    0        f
40     0    0        f
41     0    0        f
42     0    0        f
43     0    0        f
44     0    0        f
45     0    0        f
46     0    0        f
47     0    0        f
48     0    0        f
49     0    0        f
50     0    0        f
51     0    0        f
52     0    0        f
53     0    0        f
54     0    0        f
55     0    0        f
56     0    0        f
57     0    0        f
58     0    0        f
59     0    0        f
60     0    0        f
61     0    0        f
62     0    0        f
63     0    0        f
64     0    0        f
65     0    0        f
66     0    0        f
67     0    0        f
68     0    0        f
69     0    0        f
70     0    0        f
71     0    0        f
72     0    0        f
73     0    0        f
74     0    0        f
75     0    0        f
76     0    0        f
77     0    0        f
78     0    0        f
79     0    0        f
80     0    0        f
81     0    0        f
82     0    0        f
83     0    0        f
84     0    0        f
85     0    0        f
86     0    0        f
87     0    0        f
88     0    0        f
89     0    0        f
90     0    0        f
91     0    0        f
92     0    0        f
93     0    0        f
94     0    0        f
95     0    0        f
96     0    0        f
97     0    0        f
98     0    0        f
99     0    0        f
100     0    0        f
101     0    0        f
102     0    0        f
103     0    0        f
104     0    0        f
105     0    0        l
106     0    0        l
107     0    0        l
108     0    0        l
109     0    0        l
110     0    0        l
111     0    0        l
112     0    0        l
113     0    0        l
114     0    0        l
115     0    0        l
116     0    0        l
117     0    0        l
118     0    0        f
119     69    -31        f
120     69    -31        r
121     69    -31        r
122     69    -31        f
123     2    4        f
124     -62    38        f
125     -124    70        f
126     -183    101        f
127     -239    131        f
128     -293    159        f
129     -345    186        f
130     -394    211        f
131     -440    236        f
132     -484    259        f
133     -528    282        f
134     -569    303        f
135     -608    323        f
136     -645    343        f
137     -680    362        f
138     -714    379        f
139     -747    396        f
140     -778    413        f
141     -807    428        f
142     -835    443        f
143     -861    457        f
144     -888    470        f
145     -913    483        f
146     -936    496        f
147     -959    507        f
148     -980    519        f
149     -1001    529        f
150     -1019    540        f
151     -1039    549        f
152     -1057    559        f
153     -1074    568        f
154     -1090    576        f
155     -1105    584        f
156     -1120    592        f
157     -1134    599        f
158     -1148    607        f
159     -1161    613        f
160     -1173    620        f
161     -1185    626        f
162     -1196    632        f
163     -1207    637        f
164     -1217    643        f
165     -1227    648        f
166     -1236    653        f
167     -1245    657        f
168     -1254    662        f
169     -1262    666        f
170     -1270    670        f
171     -1277    674        f
172     -1284    678        f
173     -1291    681        f
174     -1298    685        f
175     -1304    688        f
176     -1310    691        f
177     -1315    694        f
178     -1321    697        f
179     -1326    699        f
180     -1331    702        f
181     -1336    704        f
182     -1340    707        f
183     -1344    709        f
184     -1348    711        f
185     -1352    713        f
186     -1356    715        f
187     -1360    717        f
188     -1363    719        f
189     -1366    720        f
190     -1369    722        f
191     -1372    724        f
192     -1375    725        f
193     -1378    726        f
194     -1381    728        f
195     -1383    729        f
196     -1385    730        f
197     -1388    731        f
198     -1390    733        f
199     -1392    734        f
200     -1394    735        f
201     -1396    736        f
202     -1397    736        f
203     -1399    737        f
204     -1401    738        f
205     -1402    739        f
206     -1404    740        f
207     -1405    741        f
208     -1407    741        f
209     -1408    742        f
210     -1409    743        f
211     -1410    743        f
212     -1411    744        f
213     -1412    744        f
214     -1414    745        f
215     -1415    745        f
216     -1415    746        f
217     -1416    746        f
218     -1417    747        f
219     -1418    747        f
220     -1419    748        f
221     -1420    748        f
222     -1420    748        f
223     -1421    749        f
224     -1422    749        f
225     -1422    749        f
226     -1423    750        f
227     -1423    750        f
228     -1424    750        f
229     -1424    750        f
230     -1425    751        f
231     -1425    751        f
232     -1426    751        f
233     -1426    751        l
234     -1426    751        l
235     -1426    751        r
236     -1426    751        f
237     -1494    716        f
238     -1559    683        f
239     -1621    652        f
240     -1680    621        f
241     -1737    592        f
242     -1791    565        f
243     -1843    538        f
244     -1892    513        f
245     -1939    488        f
246     -1984    466        f
247     -2027    444        f
248     -2068    423        f
249     -2107    403        f
250     -2144    384        f
251     -2180    365        f
252     -2214    348        f
253     -2246    331        f
254     -2277    315        f
255     -2307    300        f
256     -2335    286        f
257     -2363    272        f
258     -2388    259        f
259     -2413    246        f
260     -2437    234        f
261     -2459    222        f
262     -2481    211        f
263     -2501    200        f
264     -2521    191        f
265     -2539    181        f
266     -2557    172        f
267     -2574    163        f
268     -2591    155        f
269     -2606    147        f
270     -2621    139        f
271     -2635    132        f
272     -2649    125        f
273     -2662    118        f
274     -2674    112        f
275     -2686    106        f
276     -2697    100        f
277     -2708    95        f
278     -2718    89        f
279     -2728    84        f
280     -2738    79        f
281     -2747    75        f
282     -2755    70        f
283     -2763    66        f
284     -2771    62        f
285     -2779    57        f
286     -2786    55        f
287     -2793    51        f
288     -2799    48        f
289     -2805    45        f
290     -2811    42        f
291     -2811    42        l
292     -2811    42        l
293     -2811    42        f
294     -2731    119        f
295     -2655    193        f
296     -2583    263        f
297     -2513    331        f
298     -2447    395        f
299     -2384    457        f
300     0    0        f
300     0    0        f
300     0    0        f
300     0    0        f
300     0    0        f
300     0    0        f
300     0    0        f
300     0    0        f
300     0    0        f
300     0    0        f
300     0    0        f
300     0    0        f
300     0    0        f
300     0    0        f
300     0    0        f
300     0    0        f
300     0    0        f
300     0    0        f
300     0    0        f
300     0    0        f
300     0    0        f
300     0    0        f
300     0    0        f
300     0    0        f
300     0    0        f
300     0    0        f
300     0    0        f
300     0    0        f
300     0    0        f
300     0    0        f
300     0    0        f
300     0    0        f
300     0    0        f
300     0    0        f
300     0    0        f
300     0    0        f
300     0    0        f
300     0    0        f
300     0    0        f
300     0    0        f
300     0    0        f
300     0    0        f
300     0    0        f
300     0    0        f
300     0    0        f
300     0    0        f
300     0    0        f
300     0    0        f
300     0    0        f
300     0    0        f
300     0    0        f
300     0    0        f
300     0    0        f
300     0    0        f
300     0    0        f
300     0    0        f
300     0    0        f
300     0    0        f
300     0    0        f
300     0    0        f
300     0    0        f
300     0    0        f
300     0    0        f
300     0    0        f
300     0    0        f
300     0    0        f
300     0    0        f
300     0    0        f
300     0    0        f
300     0    0        f
300     0    0        f
300     0    0        f
300     0    0        f
300     0    0        f
300     0    0        f
300     0    0        f
300     0    0        f
300     0    0        f
300     0    0        f
300     0    0        f
300     0    0        f
300     0    0        f
300     0    0        f
300     0    0        f
300     0    0        f
300     0    0        f
300     0    0        f
300     0    0        f
300     0    0        f
300     0    0        f
300     0    0        f
300     0    0        f
300     0    0        f
300     0    0        f
300     0    0        f
300     0    0        f
300     0    0        f
300     0    0        f
300     0    0        f
300     0    0        f
300     0    0        f
300     0    0        f
301     0    0        f
302     0    0        f
303     0    0        f
304     0    0        f
305     0    0        f
306     0    0        f
307     0    0        f
308     0    0        f
309     0    0        f
310     0    0        f
311     0    0        f
312     0    0        f
313     0    0        f
314     0    0        f
315     0    0        f
316     0    0        f
317     0    0        f
318     0    0        f
319     0    0        f
320     0    0        f
321     0    0        f
322     0    0        f
323     0    0        f
324     0    0        f
325     0    0        f
326     0    0        f
327     0    0        f
328     0    0        f
329     0    0        f
330     0    0        f
331     0    0        f
332     0    0        f
333     0    0        f
334     0    0        f
335     0    0        f
336     0    0        f
337     0    0        f
338     0    0        f
339     0    0        f
340     0    0        f
341     0    0        f
342     0    0        f
343     0    0        f
344     0    0        f
345     0    0        f
346     0    0        f
347     0    0        f
348     0    0        f
349     0    0        f
350     0    0        f
351     0    0        f
352     0    0        f
353     0    0        f
354     0    0        f
355     0    0        f
356     0    0        f
357     0    0        f
358     0    0        f
359     0    0        f
360     0    0        f
361     0    0        f
362     0    0        f
363     0    0        f
364     0    0        f
365     0    0        f
366     0    0        f
367     0    0        f
368     0    0        f
369     0    0        f
370     0    0        f
371     0    0        f
372     0    0        f
373     0    0        f
374     0    0        f
375     0    0        f
376     0    0        f
377     0    0        f
378     0    0        f
379     0    0        f
380     0    0        f
381     0    0        f
382     0    0        f
383     0    0        f
384     0    0        f
385     0    0        f
386     0    0        f
387     0    0        f
388     0    0        f
389     0    0        f
390     0    0        f
391     0    0        f
392     0    0        f
393     0    0        f
394     0    0        f
395     0    0        f
396     0    0        f
397     0    0        f
398     0    0        f
399     0    0        f
400     0    0        f
401     0    0        f
402     0    0        f
403     0    0        f
404     0    0        f
405     0    0        r
406     0    0        r
407     0    0        f
408     -68    -34        f
409     -133    -66        f
410     -196    -98        f
411     -254    -127        f
412     -313    -156        f
413     -367    -183        f
414     -419    -209        f
415     -469    -233        f
416     -516    -257        f
417     -561    -280        f
418     -605    -301        f
419     -646    -322        f
420     -685    -342        f
421     -723    -360        f
422     -759    -378        f
423     -793    -396        f
424     -826    -412        f
425     -858    -428        f
426     -888    -442        f
427     -916    -457        f
428     -944    -470        f
429     -969    -483        f
430     -994    -496        f
431     -1019    -508        f
432     -1041    -519        f
433     -1063    -530        f
434     -1084    -540        f
435     -1104    -550        f
436     -1122    -559        f
437     -1141    -568        f
438     -1158    -577        f
439     -1174    -585        f
440     -1190    -593        f
441     -1205    -600        f
442     -1205    -600        l
443     -1205    -600        l
444     -1205    -600        f
445     -1115    -561        f
446     -1030    -524        f
447     -948    -488        f
448     -869    -455        f
449     -796    -423        f
450     -725    -392        f
451     -657    -363        f
452     -592    -335        f
453     -530    -308        f
454     -471    -283        f
455     -415    -258        f
456     -361    -235        f
457     -309    -213        f
458     -260    -191        f
459     -213    -171        f
460     -168    -152        f
461     -168    -152        r
462     -168    -152        f
463     -262    -269        f
464     -351    -381        f
465     -437    -488        f
466     -518    -590        f
467     -596    -688        f
468     -671    -781        f
469     -742    -869        f
470     -810    -955        f
471     -875    -1036        f
472     -936    -1113        f
473     -996    -1187        f
474     -1052    -1257        f
475     -1106    -1325        f
476     -1158    -1389        f
477     -1207    -1450        f
478     -1254    -1509        f
479     -1299    -1565        f
480     -1342    -1618        f
481     -1383    -1670        f
482     -1422    -1718        f
483     -1459    -1764        f
484     -1495    -1809        f
485     -1529    -1852        f
486     -1562    -1893        f
487     -1593    -1930        f
488     -1622    -1968        f
489     -1650    -2004        f
490     -1677    -2038        f
491     -1703    -2070        f
492     -1728    -2101        f
493     -1752    -2130        f
494     -1773    -2158        f
495     -1796    -2185        f
496     -1816    -2211        f
497     -1836    -2236        f
498     -1854    -2259        f
499     -1872    -2282        f
500     -1889    -2303        f
501     -1905    -2323        f
502     -1921    -2343        f
503     -1936    -2362        f
504     -1951    -2379        f
505     -1964    -2396        f
506     -1977    -2413        f
507     -1989    -2428        f
508     -2001    -2443        f
509     -2013    -2457        f
510     -2023    -2471        f
511     -2034    -2483        f
512     -2044    -2496        f
513     -2053    -2508        f
514     -2062    -2519        f
515     -2070    -2529        f
516     -2079    -2540        f
517     -2086    -2550        f
518     -2094    -2559        f
519     -2101    -2568        f
520     -2108    -2576        f
521     -2114    -2584        f
522     -2121    -2592        f
523     -2126    -2600        f
524     -2126    -2600        r
525     -2126    -2600        r
526     -2126    -2600        f
527     -2110    -2455        f
528     -2094    -2317        f
529     -2078    -2185        f
530     -2064    -2059        f
531     -2050    -1939        f
532     -2036    -1823        f
533     -2023    -1714        f
534     -2011    -1610        f
535     -2000    -1510        f
536     -1989    -1414        f
537     -1989    -1414        l
538     -1989    -1414        f
539     -1938    -1344        f
540     -1889    -1276        f
541     -1843    -1212        f
542     -1798    -1151        f
543     -1755    -1092        f
544     -1714    -1036        f
545     -1677    -983        f
546     -1639    -932        f
547     -1605    -883        f
548     -1571    -836        f
549     -1539    -792        f
550     -1508    -750        f
551     -1479    -709        f
552     -1451    -670        f
553     -1424    -633        f
554     -1399    -598        f
555     -1399    -598        l
556     -1399    -598        f
557     -1322    -592        f
558     -1250    -586        f
559     -1180    -580        f
560     -1113    -575        f
561     -1050    -570        f
562     -989    -565        f
563     -931    -561        f
564     -876    -556        f
565     -823    -552        f
566     -773    -548        f
567     -725    -544        f
568     -679    -540        f
569     -635    -537        f
570     -593    -533        f
571     -553    -530        f
572     -514    -527        f
573     -478    -524        f
574     -443    -521        f
575     -409    -519        f
576     -378    -516        f
577     -347    -514        f
578     -318    -511        f
579     -291    -509        f
580     -264    -507        f
581     -239    -505        f
582     -215    -503        f
583     -192    -501        f
584     -170    -500        f
585     -149    -498        f
586     -129    -496        f
587     -110    -495        f
588     -91    -493        f
589     -74    -492        f
590     -56    -490        f
591     -41    -488        f
592     -26    -488        f
593     -11    -487        f
594     2    -486        f
595     15    -484        f
596     28    -484        f
597     40    -483        f
598     51    -482        f
599     62    -480        f
