step   ball_X    ball_Y    side
0     0    0        f
0     0    0        f
0     0    0        f
0     0    0        f
0     0    0        f
0     0    0        f
0     0    0        f
0     0    0        f
0     0    0        f
0     0    0        f
0     0    0        f
0     0    0        f
0     0    0        f
0     0    0        f
0     0    0        f
0     0    0        f
0     0    0        f
0     0    0        f
0     0    0        f
0     0    0        f
0     0    0        f
0     0    0        f
0     0    0        f
0     0    0        f
0     0    0        f
0     0    0        f
0     0    0        f
0     0    0        f
0     0    0        f
0     0    0        f
0     0    0        f
0     0    0        f
0     0    0        f
0     0    0        f
0     0    0        f
0     0    0        f
0     0    0        f
0     0    0        f
0     0    0        f
0     0    0        f
0     0    0        f
0     0    0        f
0     0    0        f
0     0    0        f
0     0    0        f
0     0    0        f
0     0    0        f
0     0    0        f
0     0    0        f
0     0    0        f
0     0    0        f
0     0    0        f
0     0    0        f
0     0    0        f
0     0    0        f
0     0    0        f
0     0    0        f
0     0    0        f
0     0    0        f
0     0    0        f
0     0    0        f
0     0    0        f
0     0    0        f
0     0    0        f
0     0    0        f
0     0    0        f
0     0    0        f
0     0    0        f
0     0    0        f
0     0    0        f
0     0    0        f
0     0    0        f
0     0    0        f
0     0    0        f
0     0    0        f
0     0    0        f
0     0    0        f
0     0    0        f
0     0    0        f
0     0    0        f
0     0    0        f
0     0    0        f
0     0    0        f
0     0    0        f
0     0    0        f
0     0    0        f
0     0    0        f
0     0    0        f
0     0    0        f
0     0    0        f
0     0    0        f
0     0    0        f
0     0    0        f
0     0    0        f
0     0    0        f
0     0    0        f
0     0    0        f
0     0    0        f
0     0    0        f
0     0    0        f
0     0    0        f
1     0    0        f
2     0    0        f
3     0    0        f
4     0    0        f
5     0    0        f
6     0    0        f
7     0    0        f
8     0    0        f
9     0    0        f
10     0    0        f
11     0    0        f
12     0    0        f
13     0    0        f
14     0    0        f
15     0    0        f
16     0    0        f
17     0    0        f
18     0    0        f
19     0    0        f
20     0    0        f
21     0    0        f
22     0    0        f
23     0    0        f
24     0    0        f
25     0    0        f
26     0    0        f
27     0    0        f
28     0    0        f
29     0    0        f
30     0    0        f
31     0    0        f
32     0    0        f
33     0    0        f
34     0    0        f
35     0    0        f
36     0    0        f
37     0    0        f
38     0    0        f
39     0    0        f
40     0    0        f
41     0    0        f
42     0    0        f
43     0    0        f
44     0    0        f
45     0    0        f
46     0    0        f
47     0    0        f
48     0    0        f
49     0    0        f
50     0    0        f
51     0    0        f
52     0    0        f
53     0    0        f
54     0    0        f
55     0    0        f
56     0    0        f
57     0    0        f
58     0    0        f
59     0    0        f
60     0    0        f
61     0    0        f
62     0    0        f
63     0    0        f
64     0    0        f
65     0    0        f
66     0    0        f
67     0    0        f
68     0    0        f
69     0    0        f
70     0    0        f
71     0    0        f
72     0    0        f
73     0    0        f
74     0    0        f
75     0    0        f
76     0    0        f
77     0    0        f
78     0    0        f
79     0    0        f
80     0    0        f
81     0    0        f
82     0    0        f
83     0    0        f
84     0    0        f
85     0    0        f
86     0    0        f
87     0    0        f
88     0    0        f
89     0    0        f
90     0    0        f
91     0    0        f
92     0    0        f
93     0    0        f
94     0    0        f
95     0    0        f
96     0    0        f
97     0    0        f
98     0    0        f
99     0    0        f
100     0    0        f
101     0    0        f
102     0    0        f
103     0    0        f
104     0    0        f
105     0    0        l
106     0    0        l
107     0    0        l
108     0    0        l
109     0    0        l
110     0    0        l
111     0    0        l
112     0    0        l
113     0    0        l
114     0    0        l
115     0    0        f
116     75    14        f
117     147    27        f
118     215    40        f
119     215    40        r
120     215    40        r
121     215    40        r
122     215    40        f
123     147    5        f
124     83    -28        f
125     21    -61        f
126     -37    -92        f
127     -93    -121        f
128     -147    -149        f
129     -199    -176        f
130     -248    -202        f
131     -295    -227        f
132     -339    -250        f
133     -382    -272        f
134     -423    -294        f
135     -462    -314        f
136     -499    -334        f
137     -535    -352        f
138     -569    -370        f
139     -602    -387        f
140     -633    -403        f
141     -662    -419        f
142     -690    -434        f
143     -717    -448        f
144     -743    -462        f
145     -768    -474        f
146     -792    -487        f
147     -814    -499        f
148     -836    -509        f
149     -856    -521        f
150     -876    -531        f
151     -894    -541        f
152     -911    -550        f
153     -928    -559        f
154     -946    -567        f
155     -961    -575        f
156     -976    -583        f
157     -990    -591        f
158     -1003    -598        f
159     -1017    -604        f
160     -1030    -611        f
161     -1041    -617        f
162     -1053    -623        f
163     -1064    -628        f
164     -1074    -634        f
165     -1084    -639        f
166     -1093    -644        f
167     -1102    -648        f
168     -1111    -653        f
169     -1119    -657        f
170     -1127    -661        f
171     -1134    -665        f
172     -1141    -669        f
173     -1148    -672        f
174     -1155    -676        f
175     -1161    -679        f
176     -1167    -682        f
177     -1172    -685        f
178     -1178    -688        f
179     -1183    -690        f
180     -1188    -693        f
181     -1193    -695        f
182     -1197    -698        f
183     -1201    -700        f
184     -1206    -702        f
185     -1209    -704        f
186     -1213    -706        f
187     -1217    -708        f
188     -1220    -710        f
189     -1223    -711        f
190     -1227    -713        f
191     -1227    -713        r
192     -1227    -713        r
193     -1227    -713        f
194     -1287    -666        f
195     -1345    -622        f
196     -1401    -580        f
197     -1453    -539        f
198     -1504    -500        f
199     -1552    -463        f
200     -1598    -428        f
201     -1642    -394        f
202     -1684    -362        f
203     -1723    -332        f
204     -1762    -302        f
205     -1798    -274        f
206     -1832    -248        f
207     -1866    -222        f
208     -1898    -198        f
209     -1928    -174        f
210     -1957    -152        f
211     -1985    -131        f
212     -2011    -111        f
213     -2036    -91        f
214     -2060    -73        f
215     -2083    -55        f
216     -2105    -38        f
217     -2126    -22        f
218     -2146    -7        f
219     -2165    7        f
220     -2183    21        f
221     -2201    34        f
222     -2217    47        f
223     -2233    59        f
224     -2249    71        f
225     -2263    82        f
226     -2277    93        f
227     -2290    103        f
228     -2303    112        f
229     -2315    122        f
230     -2326    131        f
231     -2337    139        f
232     -2348    147        f
233     -2358    155        f
234     -2367    162        f
235     -2376    169        f
236     -2385    176        f
237     -2393    183        f
238     -2401    189        f
239     -2409    195        f
240     -2416    200        f
241     -2423    206        f
242     -2430    211        f
243     -2436    215        f
244     -2442    220        f
245     -2448    225        f
246     -2453    229        f
247     -2458    233        f
248     -2458    233        r
249     -2458    233        r
250     -2458    233        r
251     -2458    233        f
252     -2608    222        f
253     -2751    211        f
254     -2887    200        f
255     -3017    191        f
256     -3142    182        f
257     -3261    173        f
258     -3374    165        f
259     -3482    157        f
260     -3585    149        f
261     -3684    142        f
262     -3778    135        f
263     -3868    128        f
264     -3954    122        f
265     -4036    115        f
266     -4115    110        f
267     -4189    104        f
268     -4261    99        f
269     -4261    99        l
270     -4261    99        l
271     -4261    99        l
272     -4261    99        f
273     -4111    97        f
274     -3968    96        f
275     -3831    94        f
276     -3700    93        f
277     -3576    92        f
278     -3457    90        f
279     -3343    89        f
280     -3234    88        f
281     -3131    87        f
282     -3032    86        f
283     -2937    85        f
284     -2847    84        f
285     -2760    83        f
286     -2678    82        f
287     -2678    82        r
288     -2678    82        r
289     -2678    82        r
290     -2678    82        f
291     -2678    82        f
292     -2678    82        f
293     -2678    82        f
294     -2678    82        f
295     -2678    82        f
296     -2678    82        f
297     -2678    82        f
298     -2678    82        f
299     -2678    82        f
300     -2678    82        f
301     -2678    82        f
302     -2678    82        l
303     -2678    82        l
304     -2678    82        f
305     -2602    85        f
306     -2529    88        f
307     -2459    91        f
308     -2392    94        f
309     -2329    96        f
310     -2268    99        f
311     -2210    101        f
312     -2154    103        f
313     -2102    106        f
314     -2051    108        f
315     -2003    110        f
316     -1957    112        f
317     -1912    112        f
318     -1870    114        f
319     -1830    117        f
320     -1792    118        f
321     -1755    120        f
322     -1720    121        f
323     -1687    123        f
324     -1655    124        f
325     -1623    125        f
326     -1595    126        f
327     -1567    128        f
328     -1540    129        f
329     -1515    130        f
330     -1491    131        f
331     -1468    132        f
332     -1445    133        f
333     -1424    133        f
334     -1404    134        f
335     -1385    135        f
336     -1366    136        f
337     -1349    136        f
338     -1332    137        f
339     -1316    138        f
340     -1301    138        f
341     -1286    139        f
342     -1272    140        f
343     -1259    140        f
344     -1246    141        f
345     -1234    141        f
346     -1222    142        f
347     -1211    142        f
348     -1200    143        f
349     -1190    143        f
350     -1181    143        f
351     -1171    144        f
352     -1163    144        f
353     -1154    144        f
354     -1146    145        f
355     -1138    145        f
356     -1131    145        f
357     -1124    146        f
358     -1124    146        r
359     -1124    146        r
360     -1124    146        r
361     -1124    146        f
362     -1124    146        f
363     -1124    146        f
364     -1124    146        f
365     -1124    146        f
366     -1124    146        f
367     -1124    146        f
368     -1124    146        f
369     -1124    146        f
370     -1124    146        f
371     -1124    146        f
372     -1124    146        f
373     -1124    146        f
374     -1124    146        f
375     -1124    146        f
376     -1124    146        f
377     -1124    146        f
378     -1124    146        f
379     -1124    146        f
380     -1124    146        f
381     -1124    146        l
382     -1124    146        l
383     -1124    146        f
384     -1055    112        f
385     -990    80        f
386     -927    49        f
387     -868    19        f
388     -811    -8        f
389     -756    -35        f
390     -704    -60        f
391     -655    -85        f
392     -607    -108        f
393     -562    -130        f
394     -519    -152        f
395     -478    -172        f
396     -438    -191        f
397     -401    -210        f
398     -365    -227        f
399     -331    -244        f
400     -298    -261        f
401     -267    -276        f
402     -237    -291        f
403     -208    -305        f
404     -181    -318        f
405     -155    -331        f
406     -130    -343        f
407     -106    -355        f
408     -83    -366        f
409     -61    -377        f
410     -41    -387        f
411     -21    -397        f
412     -2    -405        f
413     15    -415        f
414     33    -423        f
415     49    -430        f
416     65    -438        f
417     80    -447        f
418     94    -454        f
419     108    -459        f
420     121    -467        f
421     134    -473        f
422     145    -479        f
423     157    -484        f
424     168    -490        f
425     178    -495        f
426     188    -500        f
427     198    -504        f
428     206    -509        f
429     215    -513        f
430     224    -517        f
431     231    -521        f
432     239    -525        f
433     246    -528        f
434     246    -528        l
435     246    -528        l
436     246    -528        l
437     246    -528        f
438     319    -553        f
439     388    -576        f
440     454    -599        f
441     517    -620        f
442     577    -641        f
443     635    -661        f
444     690    -679        f
445     742    -697        f
446     792    -714        f
447     840    -730        f
448     886    -746        f
449     928    -761        f
450     971    -775        f
451     1011    -788        f
452     1049    -801        f
453     1085    -814        f
454     1120    -825        f
455     1153    -836        f
456     1184    -847        f
457     1214    -857        f
458     1243    -867        f
459     1271    -877        f
460     1297    -886        f
461     1322    -894        f
462     1346    -902        f
463     1369    -910        f
464     1391    -917        f
465     1412    -924        f
466     1432    -931        f
467     1451    -938        f
468     1469    -944        f
469     1486    -950        f
470     1503    -955        f
471     1519    -961        f
472     1534    -966        f
473     1548    -971        f
474     1562    -976        f
475     1576    -980        f
476     1588    -984        f
477     1600    -988        f
478     1612    -992        f
479     1623    -996        f
480     1632    -1000        f
481     1643    -1002        f
482     1653    -1006        f
483     1662    -1009        f
484     1671    -1011        f
485     1679    -1015        f
486     1687    -1018        f
487     1695    -1019        f
488     1702    -1023        f
489     1709    -1025        f
490     1709    -1025        r
491     1709    -1025        f
492     1585    -1110        f
493     1467    -1191        f
494     1354    -1269        f
495     1247    -1343        f
496     1144    -1414        f
497     1046    -1481        f
498     952    -1546        f
499     863    -1607        f
500     778    -1666        f
501     696    -1722        f
502     619    -1776        f
503     545    -1828        f
504     474    -1877        f
505     405    -1923        f
506     341    -1968        f
507     280    -2011        f
508     221    -2052        f
509     165    -2091        f
510     111    -2128        f
511     60    -2163        f
512     11    -2197        f
513     -35    -2230        f
514     -79    -2261        f
515     -122    -2290        f
516     -163    -2318        f
517     -202    -2345        f
518     -239    -2371        f
519     -274    -2396        f
520     -308    -2419        f
521     -340    -2442        f
522     -371    -2463        f
523     -401    -2484        f
524     -429    -2503        f
525     -455    -2522        f
526     -482    -2540        f
527     -505    -2557        f
528     -529    -2573        f
529     -552    -2589        f
530     -573    -2604        f
531     -594    -2618        f
532     -613    -2632        f
533     -632    -2644        f
534     -649    -2657        f
535     -666    -2669        f
536     -683    -2680        f
537     -698    -2691        f
538     -713    -2701        f
539     -727    -2711        f
540     -740    -2720        f
541     -753    -2729        f
542     -766    -2738        f
543     -777    -2746        f
544     -789    -2754        f
545     -799    -2761        f
546     -810    -2768        f
547     -819    -2775        f
548     -828    -2782        f
549     -836    -2788        f
550     -846    -2794        f
551     -853    -2799        f
552     -861    -2805        f
553     -869    -2810        f
554     -876    -2815        f
555     -883    -2820        f
556     -889    -2824        f
557     -896    -2828        f
558     -901    -2832        f
559     -907    -2836        f
560     -911    -2840        f
561     -911    -2840        r
562     -911    -2840        r
563     -911    -2840        r
564     -911    -2840        r
565     -911    -2840        r
566     -911    -2840        r
567     -911    -2840        r
568     -911    -2840        r
569     -911    -2840        r
570     -911    -2840        l
571     -911    -2840        l
572     -911    -2840        r
573     -911    -2840        r
574     -911    -2840        r
575     -911    -2840        r
576     -911    -2840        r
577     -911    -2840        r
578     -911    -2840        r
579     -911    -2840        r
580     -911    -2840        r
581     -911    -2840        r
582     -911    -2840        r
583     -911    -2840        r
584     -911    -2840        r
585     -911    -2840        r
586     -911    -2840        r
587     -911    -2840        r
588     -911    -2840        r
589     -911    -2840        r
590     -911    -2840        r
591     -911    -2840        r
592     -911    -2840        r
593     -911    -2840        r
594     -911    -2840        r
595     -911    -2840        r
596     -911    -2840        r
597     -911    -2840        r
598     -911    -2840        r
599     -911    -2840        r
600     -911    -2840        r
601     -911    -2840        r
602     -911    -2840        r
603     -911    -2840        r
604     -911    -2840        r
605     -911    -2840        r
606     -911    -2840        r
607     -911    -2840        r
608     -911    -2840        r
609     -911    -2840        r
610     -911    -2840        r
611     -911    -2840        r
612     -911    -2840        r
613     -911    -2840        r
614     -911    -2840        f
615     -961    -2782        f
616     -1009    -2726        f
617     -1055    -2673        f
618     -1098    -2622        f
619     -1139    -2574        f
620     -1179    -2528        f
621     -1216    -2484        f
622     -1252    -2441        f
623     -1286    -2401        f
624     -1319    -2363        f
625     -1350    -2326        f
626     -1380    -2291        f
627     -1409    -2257        f
628     -1436    -2225        f
629     -1462    -2195        f
630     -1487    -2165        f
631     -1511    -2137        f
632     -1533    -2111        f
633     -1555    -2085        f
634     -1576    -2061        f
635     -1596    -2038        f
636     -1614    -2014        f
637     -1632    -1994        f
638     -1650    -1973        f
639     -1666    -1955        f
640     -1682    -1936        f
641     -1697    -1918        f
642     -1711    -1902        f
643     -1725    -1886        f
644     -1738    -1870        f
645     -1750    -1855        f
646     -1762    -1842        f
647     -1773    -1828        f
648     -1784    -1816        f
649     -1795    -1803        f
650     -1805    -1792        f
651     -1814    -1780        f
652     -1823    -1770        f
653     -1832    -1760        f
654     -1839    -1750        f
655     -1848    -1741        f
656     -1855    -1732        f
657     -1863    -1723        f
658     -1870    -1716        f
659     -1876    -1707        f
660     -1882    -1701        f
661     -1882    -1701        l
662     -1882    -1701        l
663     -1882    -1701        l
664     -1882    -1701        l
665     -1882    -1701        f
666     -1809    -1675        f
667     -1738    -1651        f
668     -1671    -1628        f
669     -1607    -1605        f
670     -1545    -1584        f
671     -1486    -1564        f
672     -1430    -1545        f
673     -1377    -1526        f
674     -1326    -1509        f
675     -1277    -1492        f
676     -1231    -1476        f
677     -1186    -1460        f
678     -1144    -1446        f
679     -1103    -1432        f
680     -1064    -1418        f
681     -1027    -1406        f
682     -992    -1393        f
683     -958    -1382        f
684     -926    -1371        f
685     -894    -1360        f
686     -866    -1350        f
687     -836    -1340        f
688     -811    -1331        f
689     -785    -1322        f
690     -760    -1314        f
691     -737    -1305        f
692     -715    -1298        f
693     -693    -1290        f
694     -673    -1283        f
695     -654    -1277        f
696     -635    -1270        f
697     -617    -1264        f
698     -601    -1258        f
699     -584    -1253        f
700     -569    -1247        f
701     -554    -1242        f
702     -540    -1238        f
703     -527    -1233        f
704     -514    -1228        f
705     -501    -1224        f
706     -490    -1220        f
707     -479    -1216        f
708     -468    -1213        f
709     -458    -1209        f
710     -448    -1206        f
711     -438    -1203        f
712     -430    -1199        f
713     -421    -1197        f
714     -413    -1194        f
715     -413    -1194        l
716     -413    -1194        l
717     -413    -1194        l
718     -413    -1194        l
719     -413    -1194        f
720     -340    -1215        f
721     -270    -1236        f
722     -202    -1256        f
723     -139    -1275        f
724     -78    -1293        f
725     -20    -1310        f
726     35    -1326        f
727     88    -1342        f
728     138    -1357        f
729     187    -1371        f
730     233    -1385        f
731     277    -1398        f
732     319    -1411        f
733     360    -1422        f
734     398    -1434        f
735     434    -1445        f
736     470    -1455        f
737     503    -1465        f
738     535    -1474        f
739     566    -1483        f
740     595    -1492        f
741     623    -1500        f
742     649    -1508        f
743     674    -1516        f
744     699    -1523        f
745     722    -1530        f
746     744    -1536        f
747     765    -1542        f
748     785    -1548        f
749     803    -1554        f
750     823    -1560        f
751     840    -1565        f
752     857    -1570        f
753     873    -1575        f
754     888    -1579        f
755     902    -1583        f
756     917    -1588        f
757     930    -1591        f
758     943    -1595        f
759     955    -1599        f
760     967    -1602        f
761     977    -1605        f
762     988    -1609        f
763     999    -1612        f
764     1008    -1614        f
765     1017    -1617        f
766     1026    -1620        f
767     1035    -1622        f
768     1043    -1625        f
769     1050    -1627        f
770     1058    -1629        f
771     1065    -1630        f
772     1071    -1632        f
773     1078    -1635        f
774     1084    -1637        f
775     1084    -1637        l
776     1084    -1637        l
777     1084    -1637        l
778     1084    -1637        f
779     1160    -1630        f
780     1233    -1623        f
781     1303    -1617        f
782     1369    -1611        f
783     1432    -1605        f
784     1493    -1600        f
785     1551    -1595        f
786     1605    -1590        f
787     1659    -1585        f
788     1709    -1581        f
789     1757    -1576        f
790     1803    -1572        f
791     1847    -1568        f
792     1889    -1565        f
793     1929    -1561        f
794     1968    -1558        f
795     2004    -1554        f
796     2039    -1551        f
797     2073    -1548        f
798     2105    -1545        f
799     2135    -1543        f
800     2164    -1540        f
801     2192    -1538        f
802     2218    -1535        f
803     2244    -1533        f
804     2268    -1531        f
805     2291    -1529        f
806     2313    -1527        f
807     2334    -1525        f
808     2354    -1523        f
809     2374    -1521        f
810     2392    -1520        f
811     2409    -1518        f
812     2426    -1517        f
813     2442    -1515        f
814     2457    -1514        f
815     2472    -1513        f
816     2486    -1511        f
817     2499    -1510        f
818     2512    -1509        f
819     2524    -1508        f
820     2536    -1507        f
821     2547    -1506        f
822     2557    -1505        f
823     2567    -1504        f
824     2577    -1503        f
825     2586    -1503        f
826     2595    -1502        f
827     2604    -1501        f
828     2612    -1500        f
829     2619    -1500        f
830     2627    -1499        f
831     2627    -1499        r
832     2627    -1499        r
833     2627    -1499        r
834     2627    -1499        r
835     2627    -1499        r
836     2627    -1499        r
837     2627    -1499        f
838     2566    -1452        f
839     2508    -1408        f
840     2453    -1366        f
841     2400    -1325        f
842     2349    -1286        f
843     2301    -1249        f
844     2255    -1214        f
845     2211    -1180        f
846     2169    -1148        f
847     2129    -1117        f
848     2091    -1088        f
849     2055    -1060        f
850     2020    -1033        f
851     1986    -1007        f
852     1955    -983        f
853     1923    -960        f
854     1895    -936        f
855     1868    -916        f
856     1841    -896        f
857     1816    -876        f
858     1792    -858        f
859     1769    -840        f
860     1747    -823        f
861     1726    -807        f
862     1705    -792        f
863     1687    -777        f
864     1668    -763        f
865     1651    -749        f
866     1634    -737        f
867     1618    -724        f
868     1603    -713        f
869     1588    -701        f
870     1574    -691        f
871     1561    -681        f
872     1549    -671        f
873     1536    -661        f
874     1525    -653        f
875     1514    -644        f
876     1503    -636        f
877     1493    -628        f
878     1484    -621        f
879     1484    -621        r
880     1484    -621        r
881     1484    -621        f
882     1411    -599        f
883     1341    -577        f
884     1274    -557        f
885     1210    -538        f
886     1150    -519        f
887     1091    -501        f
888     1036    -484        f
889     983    -469        f
890     933    -453        f
891     884    -438        f
892     838    -425        f
893     794    -411        f
894     752    -398        f
895     712    -386        f
896     673    -375        f
897     637    -363        f
898     602    -353        f
899     569    -343        f
900     537    -333        f
901     505    -324        f
902     476    -315        f
903     449    -306        f
904     423    -298        f
905     398    -291        f
906     373    -283        f
907     350    -276        f
908     328    -269        f
909     307    -263        f
910     287    -257        f
911     268    -250        f
912     249    -245        f
913     231    -240        f
914     215    -235        f
915     199    -229        f
916     184    -225        f
917     169    -221        f
918     156    -217        f
919     142    -213        f
920     130    -209        f
921     117    -204        f
922     106    -202        f
923     95    -198        f
924     84    -195        f
925     74    -192        f
926     65    -189        f
927     55    -186        f
928     47    -183        f
929     38    -181        f
930     30    -178        f
931     23    -176        f
932     15    -174        f
933     8    -172        f
934     2    -170        f
935     2    -170        l
936     2    -170        l
937     2    -170        l
938     2    -170        f
939     71    -136        f
940     136    -105        f
941     199    -74        f
942     259    -45        f
943     316    -18        f
944     371    8        f
945     423    33        f
946     473    56        f
947     521    80        f
948     566    102        f
949     610    123        f
950     651    143        f
951     691    162        f
952     729    180        f
953     765    198        f
954     799    214        f
955     832    229        f
956     864    246        f
957     894    260        f
958     923    274        f
959     950    287        f
960     977    300        f
961     1002    312        f
962     1026    323        f
963     1048    334        f
964     1070    345        f
965     1091    355        f
966     1111    364        f
967     1130    374        f
968     1148    382        f
969     1165    391        f
970     1182    399        f
971     1198    405        f
972     1213    413        f
973     1227    420        f
974     1241    426        f
975     1254    433        f
976     1266    438        f
977     1278    445        f
978     1290    451        f
979     1301    455        f
980     1311    461        f
981     1321    466        f
982     1331    470        f
983     1340    474        f
984     1349    479        f
985     1357    483        f
986     1365    486        f
987     1372    490        f
988     1380    494        f
989     1387    497        f
990     1393    500        f
991     1400    503        f
992     1406    505        f
993     1411    509        f
994     1417    511        f
995     1422    514        f
996     1427    516        f
997     1432    518        f
998     1436    521        f
999     1441    523        f
1000     1445    525        f
1001     1449    527        f
1002     1453    528        f
1003     1456    530        f
1004     1460    532        f
1005     1463    533        f
1006     1466    535        f
1007     1469    536        f
1008     1472    538        f
1009     1475    539        f
1010     1478    540        f
1011     1478    540        l
1012     1478    540        l
1013     1478    540        f
1014     1540    496        f
1015     1600    455        f
1016     1657    415        f
1017     1712    376        f
1018     1764    340        f
1019     1813    305        f
1020     1861    272        f
1021     1905    240        f
1022     1948    209        f
1023     1991    180        f
1024     2030    153        f
1025     2068    126        f
1026     2104    101        f
1027     2138    77        f
1028     2171    54        f
1029     2202    32        f
1030     2232    11        f
1031     2261    -8        f
1032     2288    -28        f
1033     2314    -46        f
1034     2339    -63        f
1035     2363    -80        f
1036     2385    -96        f
1037     2407    -111        f
1038     2428    -126        f
1039     2448    -140        f
1040     2466    -153        f
1041     2484    -166        f
1042     2502    -178        f
1043     2518    -189        f
1044     2534    -200        f
1045     2549    -211        f
1046     2563    -221        f
1047     2577    -231        f
1048     2590    -240        f
1049     2602    -249        f
1050     2614    -257        f
1051     2625    -265        f
1052     2636    -273        f
1053     2647    -280        f
1054     2656    -287        f
1055     2666    -294        f
1056     2675    -300        f
1057     2684    -306        f
1058     2692    -312        f
1059     2700    -317        f
1060     2707    -323        f
1061     2714    -328        f
1062     2721    -333        f
1063     2728    -337        f
1064     2734    -342        f
1065     2740    -346        f
1066     2746    -350        f
1067     2751    -354        f
1068     2756    -357        f
1069     2761    -361        f
1070     2766    -364        f
1071     2770    -367        f
1072     2775    -370        f
1073     2779    -373        f
1074     2779    -373        r
1075     2779    -373        r
1076     2779    -373        r
1077     2779    -373        r
1078     2779    -373        f
1079     2704    -389        f
1080     2632    -404        f
1081     2564    -418        f
1082     2499    -432        f
1083     2437    -444        f
1084     2377    -457        f
1085     2320    -469        f
1086     2266    -480        f
1087     2214    -491        f
1088     2164    -501        f
1089     2117    -511        f
1090     2072    -520        f
1091     2029    -529        f
1092     1987    -538        f
1093     1948    -546        f
1094     1910    -554        f
1095     1873    -561        f
1096     1839    -568        f
1097     1807    -575        f
1098     1776    -582        f
1099     1746    -588        f
1100     1718    -594        f
1101     1689    -600        f
1102     1664    -605        f
1103     1639    -610        f
1104     1614    -615        f
1105     1593    -620        f
1106     1571    -624        f
1107     1550    -629        f
1108     1531    -633        f
1109     1512    -637        f
1110     1494    -640        f
1111     1476    -644        f
1112     1460    -647        f
1113     1444    -651        f
1114     1429    -654        f
1115     1415    -657        f
1116     1401    -659        f
1117     1388    -662        f
1118     1376    -665        f
1119     1364    -667        f
1120     1353    -670        f
1121     1342    -672        f
1122     1331    -674        f
1123     1322    -676        f
1124     1312    -678        f
1125     1303    -680        f
1126     1295    -682        f
1127     1286    -683        f
1128     1278    -685        f
1129     1271    -687        f
1130     1271    -687        r
1131     1271    -687        r
1132     1271    -687        f
1133     1201    -655        f
1134     1135    -625        f
1135     1071    -596        f
1136     1011    -569        f
1137     952    -542        f
1138     898    -517        f
1139     844    -493        f
1140     794    -470        f
1141     746    -448        f
1142     700    -426        f
1143     656    -407        f
1144     614    -388        f
1145     574    -370        f
1146     536    -352        f
1147     499    -336        f
1148     463    -320        f
1149     430    -305        f
1150     399    -290        f
1151     369    -276        f
1152     340    -263        f
1153     312    -250        f
1154     286    -238        f
1155     260    -227        f
1156     236    -216        f
1157     213    -204        f
1158     191    -195        f
1159     170    -186        f
1160     150    -177        f
1161     130    -168        f
1162     112    -160        f
1163     95    -152        f
1164     78    -144        f
1165     62    -137        f
1166     47    -130        f
1167     32    -123        f
1168     18    -117        f
1169     5    -111        f
1170     -7    -105        f
1171     -19    -100        f
1172     -30    -95        f
1173     -41    -90        f
1174     -52    -85        f
1175     -62    -80        f
1176     -72    -76        f
1177     -81    -72        f
1178     -90    -68        f
1179     -98    -64        f
1180     -106    -60        f
1181     -113    -56        f
1182     -121    -53        f
1183     -128    -50        f
1184     -134    -47        f
1185     -141    -44        f
1186     -147    -42        f
1187     -153    -39        f
1188     -158    -37        f
1189     -163    -34        f
1190     -168    -32        f
1191     -173    -30        f
1192     -178    -28        f
1193     -182    -26        f
1194     -186    -24        f
1195     -190    -22        f
1196     -194    -20        f
1197     -194    -20        r
1198     -194    -20        r
1199     -194    -20        f
1200     0    0        f
1200     0    0        f
1200     0    0        f
1200     0    0        f
1200     0    0        f
1200     0    0        f
1200     0    0        f
1200     0    0        f
1200     0    0        f
1200     0    0        f
1200     0    0        f
1200     0    0        f
1200     0    0        f
1200     0    0        f
1200     0    0        f
1200     0    0        f
1200     0    0        f
1200     0    0        f
1200     0    0        f
1200     0    0        f
1200     0    0        f
1200     0    0        f
1200     0    0        f
1200     0    0        f
1200     0    0        f
1200     0    0        f
1200     0    0        f
1200     0    0        f
1200     0    0        f
1200     0    0        f
1200     0    0        f
1200     0    0        f
1200     0    0        f
1200     0    0        f
1200     0    0        f
1200     0    0        f
1200     0    0        f
1200     0    0        f
1200     0    0        f
1200     0    0        f
1200     0    0        f
1200     0    0        f
1200     0    0        f
1200     0    0        f
1200     0    0        f
1200     0    0        f
1200     0    0        f
1200     0    0        f
1200     0    0        f
1200     0    0        f
1200     0    0        f
1200     0    0        f
1200     0    0        f
1200     0    0        f
1200     0    0        f
1200     0    0        f
1200     0    0        f
1200     0    0        f
1200     0    0        f
1200     0    0        f
1200     0    0        f
1200     0    0        f
1200     0    0        f
1200     0    0        f
1200     0    0        f
1200     0    0        f
1200     0    0        f
1200     0    0        f
1200     0    0        f
1200     0    0        f
1200     0    0        f
1200     0    0        f
1200     0    0        f
1200     0    0        f
1200     0    0        f
1200     0    0        f
1200     0    0        f
1200     0    0        f
1200     0    0        f
1200     0    0        f
1200     0    0        f
1200     0    0        f
1200     0    0        f
1200     0    0        f
1200     0    0        f
1200     0    0        f
1200     0    0        f
1200     0    0        f
1200     0    0        f
1200     0    0        f
1200     0    0        f
1200     0    0        f
1200     0    0        f
1200     0    0        f
1200     0    0        f
1200     0    0        f
1200     0    0        f
1200     0    0        f
1200     0    0        f
1200     0    0        f
1200     0    0        f
1200     0    0        f
1201     0    0        f
1202     0    0        f
1203     0    0        f
1204     0    0        f
1205     0    0        f
1206     0    0        f
1207     0    0        f
1208     0    0        f
1209     0    0        f
1210     0    0        f
1211     0    0        f
1212     0    0        f
1213     0    0        f
1214     0    0        f
1215     0    0        f
1216     0    0        f
1217     0    0        f
1218     0    0        f
1219     0    0        f
1220     0    0        f
1221     0    0        f
1222     0    0        f
1223     0    0        f
1224     0    0        f
1225     0    0        f
1226     0    0        f
1227     0    0        f
1228     0    0        f
1229     0    0        f
1230     0    0        f
1231     0    0        f
1232     0    0        f
1233     0    0        f
1234     0    0        f
1235     0    0        f
1236     0    0        f
1237     0    0        f
1238     0    0        f
1239     0    0        f
1240     0    0        f
1241     0    0        f
1242     0    0        f
1243     0    0        f
1244     0    0        f
1245     0    0        f
1246     0    0        f
1247     0    0        f
1248     0    0        f
1249     0    0        f
1250     0    0        f
1251     0    0        f
1252     0    0        f
1253     0    0        f
1254     0    0        f
1255     0    0        f
1256     0    0        f
1257     0    0        f
1258     0    0        f
1259     0    0        f
1260     0    0        f
1261     0    0        f
1262     0    0        f
1263     0    0        f
1264     0    0        f
1265     0    0        f
1266     0    0        f
1267     0    0        f
1268     0    0        f
1269     0    0        f
1270     0    0        f
1271     0    0        f
1272     0    0        f
1273     0    0        f
1274     0    0        f
1275     0    0        f
1276     0    0        f
1277     0    0        f
1278     0    0        f
1279     0    0        f
1280     0    0        f
1281     0    0        f
1282     0    0        f
1283     0    0        f
1284     0    0        f
1285     0    0        f
1286     0    0        f
1287     0    0        f
1288     0    0        f
1289     0    0        f
1290     0    0        f
1291     0    0        f
1292     0    0        f
1293     0    0        f
1294     0    0        f
1295     0    0        f
1296     0    0        f
1297     0    0        f
1298     0    0        f
1299     0    0        f
1300     0    0        f
1301     0    0        f
1302     0    0        f
1303     0    0        f
1304     0    0        f
1305     0    0        r
1306     0    0        r
1307     0    0        r
1308     0    0        f
1309     -68    34        f
1310     -133    68        f
1311     -195    100        f
1312     -254    130        f
1313     -311    159        f
1314     -365    187        f
1315     -365    187        l
1316     -365    187        l
1317     -365    187        f
1318     -296    220        f
1319     -229    252        f
1320     -168    283        f
1321     -108    313        f
1322     -51    341        f
1323     2    368        f
1324     54    393        f
1325     104    418        f
1326     151    441        f
1327     197    463        f
1328     240    484        f
1329     281    505        f
1330     320    524        f
1331     358    543        f
1332     394    560        f
1333     428    577        f
1334     461    593        f
1335     493    609        f
1336     522    623        f
1337     551    637        f
1338     578    651        f
1339     604    663        f
1340     629    676        f
1341     653    687        f
1342     676    698        f
1343     697    709        f
1344     718    719        f
1345     738    729        f
1346     756    738        f
1347     774    747        f
1348     792    755        f
1349     808    763        f
1350     824    771        f
1351     839    778        f
1352     852    785        f
1353     867    792        f
1354     880    799        f
1355     892    805        f
1356     903    811        f
1357     916    816        f
1358     926    821        f
1359     936    827        f
1360     947    831        f
1361     956    836        f
1362     965    841        f
1363     974    844        f
1364     982    849        f
1365     990    852        f
1366     997    856        f
1367     1005    860        f
1368     1011    863        f
1369     1018    866        f
1370     1024    869        f
1371     1030    873        f
1372     1036    875        f
1373     1041    877        f
1374     1046    881        f
1375     1051    883        f
1376     1056    885        f
1377     1061    888        f
1378     1065    890        f
1379     1069    892        f
1380     1073    894        f
1381     1077    894        f
1382     1077    894        r
1383     1077    894        r
1384     1077    894        r
1385     1077    894        f
1386     1003    871        f
1387     935    847        f
1388     869    825        f
1389     806    803        f
1390     746    783        f
1391     688    764        f
1392     633    745        f
1393     581    727        f
1394     531    710        f
1395     483    694        f
1396     483    694        l
1397     483    694        f
1398     553    664        f
1399     621    636        f
1400     685    608        f
1401     746    582        f
1402     805    557        f
1403     861    534        f
1404     914    511        f
1405     965    488        f
1406     1014    469        f
1407     1061    449        f
1408     1105    430        f
1409     1147    412        f
1410     1147    412        r
1411     1147    412        f
1412     1071    407        f
1413     998    401        f
1414     928    396        f
1415     861    392        f
1416     799    387        f
1417     738    383        f
1418     681    379        f
1419     625    375        f
1420     573    371        f
1421     522    368        f
1422     474    364        f
1423     429    361        f
1424     385    358        f
1425     343    355        f
1426     303    352        f
1427     265    349        f
1428     227    347        f
1429     193    344        f
1430     160    342        f
1431     129    339        f
1432     98    337        f
1433     69    335        f
1434     42    333        f
1435     15    331        f
1436     -9    330        f
1437     -33    328        f
1438     -56    326        f
1439     -78    325        f
1440     -99    323        f
1441     -119    322        f
1442     -138    320        f
1443     -156    319        f
1444     -174    318        f
1445     -190    317        f
1446     -206    316        f
1447     -222    314        f
1448     -236    313        f
1449     -250    312        f
1450     -263    311        f
1451     -276    311        f
1452     -288    310        f
1453     -299    309        f
1454     -310    308        f
1455     -321    307        f
1456     -331    307        f
1457     -340    306        f
1458     -350    305        f
1459     -358    305        f
1460     -367    304        f
1461     -375    304        f
1462     -382    303        f
1463     -382    303        l
1464     -382    303        l
1465     -382    303        l
1466     -382    303        f
1467     -270    344        f
1468     -162    383        f
1469     -59    421        f
1470     38    457        f
1471     132    491        f
1472     221    524        f
1473     307    555        f
1474     388    585        f
1475     466    613        f
1476     541    640        f
1477     612    666        f
1478     680    691        f
1479     745    715        f
1480     807    737        f
1481     866    759        f
1482     922    780        f
1483     976    799        f
1484     1028    818        f
1485     1077    836        f
1486     1124    852        f
1487     1169    869        f
1488     1211    885        f
1489     1252    900        f
1490     1291    914        f
1491     1328    927        f
1492     1364    941        f
1493     1398    952        f
1494     1431    965        f
1495     1462    976        f
1496     1491    986        f
1497     1520    997        f
1498     1547    1007        f
1499     1572    1016        f
1500     1597    1025        f
1501     1621    1034        f
1502     1643    1042        f
1503     1664    1050        f
1504     1685    1057        f
1505     1705    1064        f
1506     1723    1071        f
1507     1741    1077        f
1508     1757    1084        f
1509     1775    1090        f
1510     1789    1095        f
1511     1805    1101        f
1512     1819    1106        f
1513     1832    1111        f
1514     1846    1115        f
1515     1857    1120        f
1516     1870    1124        f
1517     1880    1128        f
1518     1892    1132        f
1519     1902    1136        f
1520     1912    1139        f
1521     1921    1143        f
1522     1930    1146        f
1523     1939    1149        f
1524     1947    1152        f
1525     1947    1152        l
1526     1947    1152        l
1527     1947    1152        l
1528     1947    1152        f
1529     2007    1104        f
1530     2064    1059        f
1531     2119    1016        f
1532     2171    974        f
1533     2221    935        f
1534     2268    897        f
1535     2314    861        f
1536     2357    826        f
1537     2399    793        f
1538     2439    762        f
1539     2476    732        f
1540     2513    703        f
1541     2547    675        f
1542     2580    649        f
1543     2612    624        f
1544     2642    600        f
1545     2670    578        f
1546     2698    556        f
1547     2724    535        f
1548     2749    515        f
1549     2773    496        f
1550     2796    478        f
1551     2817    461        f
1552     2838    444        f
1553     2858    428        f
1554     2877    413        f
1555     2895    399        f
1556     2912    385        f
1557     2929    372        f
1558     2945    359        f
1559     2960    347        f
1560     2974    336        f
1561     2988    325        f
1562     3001    314        f
1563     3014    304        f
1564     3025    295        f
1565     3037    286        f
1566     3048    277        f
1567     3058    269        f
1568     3068    261        f
1569     3078    252        f
1570     3087    246        f
1571     3096    239        f
1572     3104    231        f
1573     3112    225        f
1574     3119    220        f
1575     3127    214        f
1576     3134    209        f
1577     3140    204        f
1578     3146    199        f
1579     3152    194        f
1580     3158    189        f
1581     3164    185        f
1582     3169    181        f
1583     3174    177        f
1584     3179    173        f
1585     3183    169        f
1586     3188    166        f
1587     3192    162        f
1588     3196    159        f
1589     3196    159        r
1590     3196    159        r
1591     3196    159        r
1592     3196    159        f
1593     3120    165        f
1594     3047    171        f
1595     2977    177        f
1596     2910    182        f
1597     2847    187        f
1598     2786    192        f
1599     2728    196        f
1600     2673    200        f
1601     2620    204        f
1602     2570    209        f
1603     2521    213        f
1604     2475    216        f
1605     2431    220        f
1606     2389    223        f
1607     2349    225        f
1608     2311    229        f
1609     2274    231        f
1610     2239    235        f
1611     2206    238        f
1612     2174    240        f
1613     2144    243        f
1614     2115    245        f
1615     2087    247        f
1616     2060    249        f
1617     2035    250        f
1618     2011    252        f
1619     1988    254        f
1620     1966    257        f
1621     1945    258        f
1622     1925    260        f
1623     1905    261        f
1624     1887    263        f
1625     1870    264        f
1626     1853    266        f
1627     1837    267        f
1628     1837    267        r
1629     1837    267        f
1630     1771    306        f
1631     1707    343        f
1632     1648    378        f
1633     1591    412        f
1634     1536    445        f
1635     1484    476        f
1636     1434    505        f
1637     1386    533        f
1638     1341    560        f
1639     1297    586        f
1640     1255    611        f
1641     1216    634        f
1642     1178    656        f
1643     1142    678        f
1644     1107    698        f
1645     1074    718        f
1646     1043    736        f
1647     1011    754        f
1648     984    771        f
1649     956    788        f
1650     930    802        f
1651     905    818        f
1652     881    832        f
1653     858    844        f
1654     836    858        f
1655     816    871        f
1656     796    882        f
1657     777    894        f
1658     759    903        f
1659     741    914        f
1660     725    924        f
1661     709    933        f
1662     694    942        f
1663     680    951        f
1664     666    959        f
1665     653    967        f
1666     640    974        f
1667     628    981        f
1668     617    988        f
1669     606    994        f
1670     595    1000        f
1671     585    1006        f
1672     576    1011        f
1673     567    1017        f
1674     558    1022        f
1675     550    1027        f
1676     542    1032        f
1677     535    1036        f
1678     527    1041        f
1679     520    1045        f
1680     514    1049        f
1681     508    1052        f
1682     501    1056        f
1683     496    1059        f
1684     490    1063        f
1685     484    1066        f
1686     480    1069        f
1687     480    1069        r
1688     480    1069        r
1689     480    1069        f
1690     408    1042        f
1691     340    1016        f
1692     275    991        f
1693     213    968        f
1694     153    946        f
1695     96    924        f
1696     42    903        f
1697     -9    884        f
1698     -57    866        f
1699     -106    848        f
1700     -151    831        f
1701     -194    815        f
1702     -235    799        f
1703     -274    785        f
1704     -312    770        f
1705     -348    757        f
1706     -382    744        f
1707     -415    732        f
1708     -446    720        f
1709     -476    709        f
1710     -504    698        f
1711     -531    688        f
1712     -557    678        f
1713     -582    669        f
1714     -606    660        f
1715     -629    651        f
1716     -650    643        f
1717     -671    636        f
1718     -691    628        f
1719     -710    621        f
1720     -728    614        f
1721     -745    608        f
1722     -761    602        f
1723     -777    596        f
1724     -792    590        f
1725     -806    585        f
1726     -819    580        f
1727     -833    575        f
1728     -846    570        f
1729     -857    566        f
1730     -869    561        f
1731     -869    561        l
1732     -869    561        l
1733     -869    561        l
1734     -869    561        f
1735     -792    560        f
1736     -719    558        f
1737     -650    557        f
1738     -583    555        f
1739     -520    554        f
1740     -459    552        f
1741     -401    551        f
1742     -346    550        f
1743     -293    549        f
1744     -242    548        f
1745     -194    547        f
1746     -148    546        f
1747     -104    545        f
1748     -62    544        f
1749     -22    543        f
1750     16    542        f
1751     52    541        f
1752     87    540        f
1753     121    540        f
1754     153    539        f
1755     183    538        f
1756     213    538        f
1757     240    537        f
1758     267    537        f
1759     292    536        f
1760     317    535        f
1761     340    535        f
1762     362    534        f
1763     383    534        f
1764     403    534        f
1765     422    533        f
1766     441    533        f
1767     441    533        l
1768     441    533        f
1769     509    498        f
1770     574    466        f
1771     637    434        f
1772     696    405        f
1773     753    376        f
1774     808    349        f
1775     860    323        f
1776     909    298        f
1777     956    274        f
1778     1001    252        f
1779     1045    229        f
1780     1086    209        f
1781     1125    190        f
1782     1163    171        f
1783     1198    153        f
1784     1233    136        f
1785     1265    119        f
1786     1296    104        f
1787     1326    89        f
1788     1355    74        f
1789     1382    61        f
1790     1408    48        f
1791     1432    35        f
1792     1456    23        f
1793     1479    12        f
1794     1500    1        f
1795     1521    -8        f
1796     1540    -18        f
1797     1559    -28        f
1798     1577    -37        f
1799     1594    -46        f
1800     1611    -54        f
1801     1626    -62        f
1802     1641    -69        f
1803     1655    -76        f
1804     1669    -83        f
1805     1682    -90        f
1806     1694    -96        f
1807     1705    -102        f
1808     1717    -108        f
1809     1728    -112        f
1810     1738    -119        f
1811     1748    -124        f
1812     1757    -128        f
1813     1766    -133        f
1814     1775    -137        f
1815     1782    -141        f
1816     1791    -145        f
1817     1798    -149        f
1818     1805    -153        f
1819     1812    -156        f
1820     1819    -159        f
1821     1825    -163        f
1822     1830    -166        f
1823     1837    -168        f
1824     1842    -171        f
1825     1847    -174        f
1826     1852    -176        f
1827     1857    -179        f
1828     1857    -179        r
1829     1857    -179        r
1830     1857    -179        r
1831     1857    -179        f
1832     1789    -144        f
1833     1723    -111        f
1834     1661    -80        f
1835     1661    -80        l
1836     1661    -80        f
1837     1736    -68        f
1838     1809    -56        f
1839     1878    -47        f
1840     1944    -37        f
1841     2007    -27        f
1842     2067    -18        f
1843     2124    -9        f
1844     2179    -1        f
1845     2231    6        f
1846     2281    14        f
1847     2329    21        f
1848     2329    21        r
1849     2329    21        r
1850     2329    21        f
1851     2239    -98        f
1852     2153    -212        f
1853     2071    -322        f
1854     1993    -426        f
1855     1918    -526        f
1856     1847    -621        f
1857     1779    -712        f
1858     1714    -799        f
1859     1651    -882        f
1860     1592    -961        f
1861     1535    -1036        f
1862     1481    -1109        f
1863     1429    -1178        f
1864     1380    -1243        f
1865     1333    -1306        f
1866     1288    -1366        f
1867     1245    -1424        f
1868     1204    -1478        f
1869     1164    -1531        f
1870     1127    -1581        f
1871     1091    -1629        f
1872     1057    -1673        f
1873     1024    -1718        f
1874     993    -1759        f
1875     963    -1798        f
1876     935    -1837        f
1877     908    -1873        f
1878     882    -1907        f
1879     857    -1941        f
1880     834    -1973        f
1881     811    -2003        f
1882     789    -2032        f
1883     769    -2059        f
1884     749    -2085        f
1885     730    -2110        f
1886     713    -2134        f
1887     695    -2157        f
1888     679    -2179        f
1889     663    -2200        f
1890     648    -2220        f
1891     634    -2239        f
1892     621    -2257        f
1893     607    -2274        f
1894     595    -2291        f
1895     583    -2307        f
1896     572    -2322        f
1897     561    -2336        f
1898     551    -2350        f
1899     541    -2363        f
1900     531    -2376        f
1901     522    -2388        f
1902     514    -2399        f
1903     505    -2410        f
1904     497    -2421        f
1905     490    -2431        f
1906     483    -2441        f
1907     476    -2450        f
1908     469    -2458        f
1909     463    -2467        f
1910     457    -2475        f
1911     451    -2482        f
1912     446    -2490        f
1913     441    -2497        f
1914     441    -2497        r
1915     441    -2497        r
1916     441    -2497        r
1917     441    -2497        r
1918     441    -2497        r
1919     441    -2497        f
1920     367    -2478        f
1921     296    -2460        f
1922     227    -2444        f
1923     163    -2428        f
1924     102    -2412        f
1925     43    -2397        f
1926     43    -2397        l
1927     43    -2397        l
1928     43    -2397        f
1929     93    -2340        f
1930     140    -2284        f
1931     186    -2232        f
1932     229    -2181        f
1933     271    -2133        f
1934     310    -2087        f
1935     348    -2043        f
1936     384    -2001        f
1937     419    -1961        f
1938     451    -1923        f
1939     483    -1886        f
1940     514    -1852        f
1941     542    -1818        f
1942     570    -1787        f
1943     596    -1755        f
1944     621    -1727        f
1945     645    -1698        f
1946     668    -1673        f
1947     689    -1648        f
1948     710    -1623        f
1949     730    -1601        f
1950     749    -1579        f
1951     767    -1557        f
1952     784    -1537        f
1953     801    -1518        f
1954     817    -1500        f
1955     832    -1482        f
1956     846    -1466        f
1957     860    -1450        f
1958     873    -1434        f
1959     885    -1420        f
1960     897    -1406        f
1961     909    -1393        f
1962     919    -1380        f
1963     930    -1368        f
1964     940    -1356        f
1965     950    -1345        f
1966     959    -1335        f
1967     967    -1325        f
1968     976    -1315        f
1969     983    -1306        f
1970     991    -1297        f
1971     998    -1289        f
1972     1005    -1281        f
1973     1011    -1273        f
1974     1018    -1266        f
1975     1018    -1266        r
1976     1018    -1266        r
1977     1018    -1266        f
1978     996    -1149        f
1979     976    -1038        f
1980     956    -932        f
1981     936    -830        f
1982     919    -733        f
1983     902    -641        f
1984     886    -552        f
1985     869    -468        f
1986     855    -387        f
1987     841    -310        f
1988     827    -237        f
1989     814    -167        f
1990     802    -100        f
1991     790    -35        f
1992     778    25        f
1993     768    83        f
1994     757    139        f
1995     747    193        f
1996     738    243        f
1997     729    292        f
1998     720    339        f
1999     712    383        f
2000     704    425        f
2001     697    466        f
2002     690    505        f
2003     683    542        f
2004     676    577        f
2005     670    611        f
2006     664    643        f
2007     659    674        f
2008     653    703        f
2009     648    731        f
2010     643    758        f
2011     638    783        f
2012     634    808        f
2013     630    831        f
2014     626    852        f
2015     622    875        f
2016     618    894        f
2017     614    915        f
2018     611    933        f
2019     608    951        f
2020     605    968        f
2021     602    984        f
2022     599    999        f
2023     596    1014        f
2024     593    1028        f
2025     591    1042        f
2026     589    1055        f
2027     586    1067        f
2028     584    1079        f
2029     582    1090        f
2030     580    1100        f
2031     578    1111        f
2032     577    1120        f
2033     575    1130        f
2034     573    1139        f
2035     573    1139        r
2036     573    1139        r
2037     573    1139        r
2038     573    1139        r
2039     573    1139        r
2040     573    1139        r
2041     573    1139        r
2042     573    1139        r
2043     573    1139        r
2044     573    1139        r
2045     573    1139        r
2046     573    1139        l
2047     573    1139        l
2048     573    1139        l
2049     573    1139        r
2050     573    1139        f
2051     649    1125        f
2052     721    1113        f
2053     789    1101        f
2054     855    1090        f
2055     918    1079        f
2056     977    1068        f
2057     1035    1058        f
2058     1089    1049        f
2059     1141    1040        f
2060     1191    1031        f
2061     1239    1023        f
2062     1284    1015        f
2063     1327    1007        f
2064     1369    1000        f
2065     1408    993        f
2066     1446    986        f
2067     1482    980        f
2068     1517    974        f
2069     1550    969        f
2070     1581    963        f
2071     1611    958        f
2072     1639    952        f
2073     1667    948        f
2074     1693    944        f
2075     1718    939        f
2076     1742    935        f
2077     1764    931        f
2078     1786    927        f
2079     1807    924        f
2080     1827    919        f
2081     1846    917        f
2082     1864    914        f
2083     1880    911        f
2084     1898    908        f
2085     1913    905        f
2086     1928    902        f
2087     1943    900        f
2088     1957    898        f
2089     1970    894        f
2090     1982    893        f
2091     1994    891        f
2092     2005    889        f
2093     2005    889        r
2094     2005    889        r
2095     2005    889        f
2096     1929    889        f
2097     1855    889        f
2098     1786    889        f
2099     1719    888        f
2100     1655    888        f
2101     1595    888        f
2102     1537    888        f
2103     1481    888        f
2104     1428    886        f
2105     1378    886        f
2106     1378    886        l
2107     1378    886        f
2108     1453    898        f
2109     1526    908        f
2110     1595    917        f
2111     1661    927        f
2112     1723    935        f
2113     1784    944        f
2114     1841    952        f
2115     1896    959        f
2116     1948    967        f
2117     1998    973        f
2118     2046    980        f
2119     2092    986        f
2120     2135    993        f
2121     2177    998        f
2122     2217    1003        f
2123     2255    1009        f
2124     2291    1014        f
2125     2325    1019        f
2126     2358    1023        f
2127     2390    1028        f
2128     2420    1032        f
2129     2449    1036        f
2130     2476    1040        f
2131     2502    1044        f
2132     2527    1047        f
2133     2551    1050        f
2134     2574    1054        f
2135     2596    1057        f
2136     2617    1059        f
2137     2637    1062        f
2138     2656    1065        f
2139     2674    1067        f
2140     2691    1070        f
2141     2708    1072        f
2142     2724    1074        f
2143     2739    1076        f
2144     2753    1078        f
2145     2767    1080        f
2146     2780    1082        f
2147     2793    1084        f
2148     2805    1086        f
2149     2816    1087        f
2150     2827    1089        f
2151     2838    1090        f
2152     2848    1092        f
2153     2857    1093        f
2154     2866    1094        f
2155     2875    1095        f
2156     2883    1097        f
2157     2891    1098        f
2158     2899    1099        f
2159     2906    1100        f
2160     2913    1101        f
2161     2920    1102        f
2162     2926    1102        f
2163     2932    1103        f
2164     2938    1104        f
2165     2943    1105        f
2166     2949    1106        f
2167     2954    1106        f
2168     2958    1107        f
2169     2958    1107        r
2170     2958    1107        r
2171     2958    1107        f
2172     2886    1133        f
2173     2818    1158        f
2174     2752    1181        f
2175     2689    1204        f
2176     2630    1225        f
2177     2572    1246        f
2178     2518    1266        f
2179     2466    1284        f
2180     2416    1302        f
2181     2369    1319        f
2182     2324    1336        f
2183     2280    1351        f
2184     2239    1366        f
2185     2200    1380        f
2186     2162    1394        f
2187     2126    1407        f
2188     2092    1419        f
2189     2059    1431        f
2190     2028    1442        f
2191     1998    1453        f
2192     1970    1463        f
2193     1942    1473        f
2194     1942    1473        r
2195     1942    1473        r
2196     1942    1473        f
2197     1900    1334        f
2198     1860    1201        f
2199     1822    1074        f
2200     1785    952        f
2201     1750    836        f
2202     1716    726        f
2203     1684    621        f
2204     1653    520        f
2205     1623    423        f
2206     1596    331        f
2207     1570    244        f
2208     1544    160        f
2209     1520    80        f
2210     1497    4        f
2211     1475    -68        f
2212     1454    -138        f
2213     1434    -204        f
2214     1414    -268        f
2215     1396    -329        f
2216     1378    -387        f
2217     1362    -442        f
2218     1346    -495        f
2219     1330    -546        f
2220     1316    -594        f
2221     1302    -640        f
2222     1288    -684        f
2223     1276    -726        f
2224     1264    -766        f
2225     1252    -805        f
2226     1241    -841        f
2227     1230    -876        f
2228     1220    -910        f
2229     1210    -942        f
2230     1201    -972        f
2231     1192    -1002        f
2232     1184    -1029        f
2233     1176    -1056        f
2234     1168    -1081        f
2235     1161    -1106        f
2236     1154    -1129        f
2237     1147    -1151        f
2238     1141    -1172        f
2239     1135    -1192        f
2240     1129    -1211        f
2241     1123    -1230        f
2242     1118    -1247        f
2243     1113    -1264        f
2244     1108    -1280        f
2245     1104    -1296        f
2246     1099    -1310        f
2247     1095    -1324        f
2248     1091    -1337        f
2249     1087    -1350        f
2250     1083    -1362        f
2251     1083    -1362        r
2252     1083    -1362        r
2253     1083    -1362        r
2254     1083    -1362        f
2255     1009    -1346        f
2256     936    -1331        f
2257     869    -1316        f
2258     803    -1302        f
2259     742    -1289        f
2260     683    -1276        f
2261     626    -1264        f
2262     572    -1252        f
2263     520    -1241        f
2264     471    -1230        f
2265     423    -1220        f
2266     378    -1211        f
2267     335    -1201        f
2268     294    -1192        f
2269     254    -1184        f
2270     218    -1176        f
2271     182    -1168        f
2272     148    -1161        f
2273     114    -1154        f
2274     84    -1147        f
2275     54    -1141        f
2276     26    -1135        f
2277     0    -1129        f
2278     -26    -1123        f
2279     -51    -1118        f
2280     -75    -1113        f
2281     -97    -1108        f
2282     -119    -1103        f
2283     -139    -1099        f
2284     -159    -1095        f
2285     -178    -1091        f
2286     -195    -1087        f
2287     -213    -1083        f
2288     -229    -1080        f
2289     -245    -1076        f
2290     -259    -1073        f
2291     -274    -1070        f
2292     -287    -1067        f
2293     -300    -1064        f
2294     -313    -1062        f
2295     -325    -1059        f
2296     -336    -1057        f
2297     -336    -1057        l
2298     -336    -1057        l
2299     -336    -1057        l
2300     -336    -1057        f
2301     -271    -1016        f
2302     -209    -977        f
2303     -149    -941        f
2304     -93    -906        f
2305     -39    -872        f
2306     12    -840        f
2307     61    -810        f
2308     108    -780        f
2309     153    -752        f
2310     196    -726        f
2311     237    -700        f
2312     276    -676        f
2313     313    -653        f
2314     349    -630        f
2315     383    -609        f
2316     415    -589        f
2317     446    -570        f
2318     476    -551        f
2319     504    -534        f
2320     531    -517        f
2321     557    -501        f
2322     582    -484        f
2323     605    -471        f
2324     627    -457        f
2325     649    -443        f
2326     669    -430        f
2327     689    -419        f
2328     708    -407        f
2329     725    -396        f
2330     742    -385        f
2331     759    -375        f
2332     774    -365        f
2333     789    -356        f
2334     802    -347        f
2335     817    -339        f
2336     830    -331        f
2337     842    -323        f
2338     853    -316        f
2339     865    -309        f
2340     876    -302        f
2341     876    -302        l
2342     876    -302        l
2343     876    -302        l
2344     876    -302        f
2345     947    -274        f
2346     1014    -247        f
2347     1079    -221        f
2348     1141    -196        f
2349     1200    -172        f
2350     1256    -150        f
2351     1310    -128        f
2352     1362    -107        f
2353     1411    -88        f
2354     1458    -69        f
2355     1503    -51        f
2356     1546    -34        f
2357     1586    -17        f
2358     1625    -2        f
2359     1663    12        f
2360     1698    27        f
2361     1732    40        f
2362     1764    53        f
2363     1796    66        f
2364     1826    77        f
2365     1854    89        f
2366     1880    100        f
2367     1907    110        f
2368     1930    120        f
2369     1955    129        f
2370     1977    138        f
2371     1998    147        f
2372     2019    155        f
2373     2039    163        f
2374     2058    170        f
2375     2076    178        f
2376     2093    184        f
2377     2109    191        f
2378     2125    197        f
2379     2140    202        f
2380     2154    209        f
2381     2167    214        f
2382     2180    219        f
2383     2193    224        f
2384     2205    229        f
2385     2216    233        f
2386     2227    238        f
2387     2227    238        l
2388     2227    238        l
2389     2227    238        l
2390     2227    238        f
2391     2377    231        f
2392     2520    224        f
2393     2656    218        f
2394     2787    212        f
2395     2912    206        f
2396     3031    200        f
2397     3031    200        r
2398     3031    200        r
2399     3031    200        f
