step   ball_X    ball_Y    side
0     0    0        f
0     0    0        f
0     0    0        f
0     0    0        f
0     0    0        f
0     0    0        f
0     0    0        f
0     0    0        f
0     0    0        f
0     0    0        f
0     0    0        f
0     0    0        f
0     0    0        f
0     0    0        f
0     0    0        f
0     0    0        f
0     0    0        f
0     0    0        f
0     0    0        f
0     0    0        f
0     0    0        f
0     0    0        f
0     0    0        f
0     0    0        f
0     0    0        f
0     0    0        f
0     0    0        f
0     0    0        f
0     0    0        f
0     0    0        f
0     0    0        f
0     0    0        f
0     0    0        f
0     0    0        f
0     0    0        f
0     0    0        f
0     0    0        f
0     0    0        f
0     0    0        f
0     0    0        f
0     0    0        f
0     0    0        f
0     0    0        f
0     0    0        f
0     0    0        f
0     0    0        f
0     0    0        f
0     0    0        f
0     0    0        f
0     0    0        f
0     0    0        f
0     0    0        f
0     0    0        f
0     0    0        f
0     0    0        f
0     0    0        f
0     0    0        f
0     0    0        f
0     0    0        f
0     0    0        f
0     0    0        f
0     0    0        f
0     0    0        f
0     0    0        f
0     0    0        f
0     0    0        f
0     0    0        f
0     0    0        f
0     0    0        f
0     0    0        f
0     0    0        f
0     0    0        f
0     0    0        f
0     0    0        f
0     0    0        f
0     0    0        f
0     0    0        f
0     0    0        f
0     0    0        f
0     0    0        f
0     0    0        f
0     0    0        f
0     0    0        f
0     0    0        f
0     0    0        f
0     0    0        f
0     0    0        f
0     0    0        f
0     0    0        f
0     0    0        f
0     0    0        f
0     0    0        f
0     0    0        f
0     0    0        f
0     0    0        f
0     0    0        f
0     0    0        f
0     0    0        f
0     0    0        f
0     0    0        f
0     0    0        f
1     0    0        f
2     0    0        f
3     0    0        f
4     0    0        f
5     0    0        f
6     0    0        f
7     0    0        f
8     0    0        f
9     0    0        f
10     0    0        f
11     0    0        f
12     0    0        f
13     0    0        f
14     0    0        f
15     0    0        f
16     0    0        f
17     0    0        f
18     0    0        f
19     0    0        f
20     0    0        f
21     0    0        f
22     0    0        f
23     0    0        f
24     0    0        f
25     0    0        f
26     0    0        f
27     0    0        f
28     0    0        f
29     0    0        f
30     0    0        f
31     0    0        f
32     0    0        f
33     0    0        f
34     0    0        f
35     0    0        f
36     0    0        f
37     0    0        f
38     0    0        f
39     0    0        f
40     0    0        f
41     0    0        f
42     0    0        f
43     0    0        f
44     0    0        f
45     0    0        f
46     0    0        f
47     0    0        f
48     0    0        f
49     0    0        f
50     0    0        f
51     0    0        f
52     0    0        f
53     0    0        f
54     0    0        f
55     0    0        f
56     0    0        f
57     0    0        f
58     0    0        f
59     0    0        f
60     0    0        f
61     0    0        f
62     0    0        f
63     0    0        f
64     0    0        f
65     0    0        f
66     0    0        f
67     0    0        f
68     0    0        f
69     0    0        f
70     0    0        f
71     0    0        f
72     0    0        f
73     0    0        f
74     0    0        f
75     0    0        f
76     0    0        f
77     0    0        f
78     0    0        f
79     0    0        f
80     0    0        f
81     0    0        f
82     0    0        f
83     0    0        f
84     0    0        f
85     0    0        f
86     0    0        f
87     0    0        f
88     0    0        f
89     0    0        f
90     0    0        f
91     0    0        f
92     0    0        f
93     0    0        f
94     0    0        f
95     0    0        f
96     0    0        f
97     0    0        f
98     0    0        f
99     0    0        f
100     0    0        f
101     0    0        f
102     0    0        f
103     0    0        f
104     0    0        f
105     0    0        l
106     0    0        l
107     0    0        l
108     0    0        l
109     0    0        l
110     0    0        l
111     0    0        l
112     0    0        l
113     0    0        l
114     0    0        l
115     0    0        l
116     0    0        f
117     76    -7        f
118     148    -14        f
119     218    -21        f
120     218    -21        r
121     218    -21        f
122     142    -28        f
123     69    -34        f
124     0    -40        f
125     -66    -46        f
126     -129    -52        f
127     -189    -56        f
128     -247    -63        f
129     -302    -68        f
130     -355    -72        f
131     -405    -77        f
132     -453    -81        f
133     -499    -85        f
134     -542    -89        f
135     -584    -93        f
136     -624    -97        f
137     -662    -100        f
138     -698    -103        f
139     -733    -106        f
140     -766    -109        f
141     -798    -112        f
142     -827    -114        f
143     -857    -118        f
144     -884    -120        f
145     -911    -122        f
146     -936    -125        f
147     -960    -127        f
148     -983    -129        f
149     -1005    -131        f
150     -1026    -133        f
151     -1046    -135        f
152     -1065    -136        f
153     -1083    -138        f
154     -1100    -140        f
155     -1117    -141        f
156     -1132    -143        f
157     -1148    -144        f
158     -1162    -145        f
159     -1176    -146        f
160     -1189    -148        f
161     -1202    -149        f
162     -1214    -150        f
163     -1225    -151        f
164     -1236    -152        f
165     -1247    -153        f
166     -1257    -154        f
167     -1266    -155        f
168     -1275    -155        f
169     -1284    -156        f
170     -1292    -157        f
171     -1300    -158        f
172     -1308    -158        f
173     -1315    -159        f
174     -1322    -160        f
175     -1329    -160        f
176     -1335    -161        f
177     -1341    -161        f
178     -1347    -162        f
179     -1352    -162        f
180     -1357    -163        f
181     -1362    -163        f
182     -1367    -164        f
183     -1372    -164        f
184     -1376    -165        f
185     -1376    -165        l
186     -1376    -165        l
187     -1376    -165        l
188     -1376    -165        f
189     -1376    -165        r
190     -1376    -165        r
191     -1376    -165        f
192     -1445    -198        f
193     -1511    -229        f
194     -1574    -259        f
195     -1634    -288        f
196     -1692    -315        f
197     -1747    -341        f
198     -1798    -366        f
199     -1848    -390        f
200     -1897    -413        f
201     -1943    -434        f
202     -1986    -455        f
203     -2028    -475        f
204     -2068    -494        f
205     -2106    -512        f
206     -2142    -530        f
207     -2177    -546        f
208     -2210    -562        f
209     -2241    -577        f
210     -2271    -591        f
211     -2300    -605        f
212     -2327    -618        f
213     -2354    -631        f
214     -2379    -643        f
215     -2402    -654        f
216     -2425    -665        f
217     -2447    -675        f
218     -2468    -685        f
219     -2488    -695        f
220     -2507    -704        f
221     -2525    -712        f
222     -2542    -721        f
223     -2559    -729        f
224     -2575    -736        f
225     -2590    -743        f
226     -2604    -750        f
227     -2618    -757        f
228     -2631    -763        f
229     -2644    -769        f
230     -2656    -775        f
231     -2667    -780        f
232     -2678    -785        f
233     -2688    -790        f
234     -2698    -795        f
235     -2708    -800        f
236     -2717    -803        f
237     -2726    -808        f
238     -2734    -811        f
239     -2734    -811        r
240     -2734    -811        r
241     -2734    -811        r
242     -2734    -811        f
243     -2877    -768        f
244     -3014    -725        f
245     -3145    -685        f
246     -3270    -646        f
247     -3389    -609        f
248     -3503    -574        f
249     -3611    -540        f
250     -3715    -508        f
251     -3815    -478        f
252     -3909    -448        f
253     -4000    -420        f
254     -4086    -394        f
255     -4169    -368        f
256     -4247    -344        f
257     -4322    -320        f
258     -4394    -298        f
259     -4394    -298        l
260     -4394    -298        f
261     -4244    -300        f
262     -4101    -302        f
263     -3965    -303        f
264     -3834    -305        f
265     -3710    -306        f
266     -3590    -308        f
267     -3477    -309        f
268     -3369    -310        f
269     -3265    -312        f
270     -3167    -313        f
271     -3072    -314        f
272     -2982    -315        f
273     -2896    -316        f
274     -2813    -317        f
275     -2735    -318        f
276     -2735    -318        r
277     -2735    -318        r
278     -2735    -318        r
279     -2735    -318        f
280     -2735    -318        f
281     -2735    -318        f
282     -2735    -318        f
283     -2735    -318        f
284     -2735    -318        f
285     -2735    -318        l
286     -2735    -318        l
287     -2735    -318        f
288     -2660    -303        f
289     -2588    -288        f
290     -2520    -274        f
291     -2455    -261        f
292     -2392    -248        f
293     -2333    -236        f
294     -2276    -225        f
295     -2222    -214        f
296     -2170    -202        f
297     -2120    -193        f
298     -2073    -183        f
299     -2028    -174        f
300     -1985    -166        f
301     -1944    -157        f
302     -1904    -149        f
303     -1867    -142        f
304     -1830    -134        f
305     -1797    -127        f
306     -1764    -121        f
307     -1732    -113        f
308     -1703    -108        f
309     -1673    -103        f
310     -1647    -97        f
311     -1621    -92        f
312     -1596    -87        f
313     -1572    -82        f
314     -1549    -77        f
315     -1528    -73        f
316     -1507    -69        f
317     -1487    -65        f
318     -1468    -61        f
319     -1450    -56        f
320     -1433    -54        f
321     -1417    -51        f
322     -1401    -47        f
323     -1386    -44        f
324     -1372    -41        f
325     -1358    -39        f
326     -1345    -36        f
327     -1332    -33        f
328     -1320    -31        f
329     -1309    -28        f
330     -1298    -27        f
331     -1288    -24        f
332     -1278    -22        f
333     -1269    -20        f
334     -1259    -19        f
335     -1251    -17        f
336     -1243    -15        f
337     -1235    -14        f
338     -1235    -14        r
339     -1235    -14        r
340     -1235    -14        r
341     -1235    -14        f
342     -1235    -14        f
343     -1235    -14        f
344     -1235    -14        f
345     -1235    -14        f
346     -1235    -14        f
347     -1235    -14        f
348     -1235    -14        f
349     -1235    -14        f
350     -1235    -14        f
351     -1235    -14        f
352     -1235    -14        f
353     -1235    -14        f
354     -1235    -14        f
355     -1235    -14        f
356     -1235    -14        f
357     -1235    -14        f
358     -1235    -14        f
359     -1235    -14        f
360     -1235    -14        f
361     -1235    -14        f
362     -1235    -14        f
363     -1235    -14        f
364     -1235    -14        f
365     -1235    -14        l
366     -1235    -14        l
367     -1235    -14        l
368     -1235    -14        f
369     -1160    1        f
370     -1089    17        f
371     -1019    31        f
372     -955    45        f
373     -893    59        f
374     -834    71        f
375     -777    84        f
376     -723    95        f
377     -672    106        f
378     -622    117        f
379     -575    127        f
380     -530    137        f
381     -487    146        f
382     -446    155        f
383     -407    163        f
384     -370    171        f
385     -334    179        f
386     -300    186        f
387     -268    193        f
388     -237    200        f
389     -206    206        f
390     -179    212        f
391     -152    218        f
392     -126    224        f
393     -101    229        f
394     -78    234        f
395     -55    239        f
396     -34    243        f
397     -13    248        f
398     5    252        f
399     24    256        f
400     42    260        f
401     59    264        f
402     75    267        f
403     91    271        f
404     106    274        f
405     120    277        f
406     134    280        f
407     147    282        f
408     159    285        f
409     171    288        f
410     182    290        f
411     193    292        f
412     202    295        f
413     213    297        f
414     222    299        f
415     231    301        f
416     240    303        f
417     248    304        f
418     256    306        f
419     263    308        f
420     271    309        f
421     277    311        f
422     284    312        f
423     290    313        f
424     296    315        f
425     302    316        f
426     307    317        f
427     312    318        f
428     317    319        f
429     322    320        f
430     326    321        f
431     331    322        f
432     335    323        f
433     335    323        l
434     335    323        l
435     335    323        l
436     335    323        f
437     335    323        f
438     335    323        f
439     335    323        f
440     335    323        r
441     335    323        r
442     335    323        r
443     335    323        f
444     190    364        f
445     52    401        f
446     -78    438        f
447     -204    475        f
448     -324    508        f
449     -438    541        f
450     -547    571        f
451     -652    601        f
452     -751    629        f
453     -847    656        f
454     -938    681        f
455     -1025    706        f
456     -1108    729        f
457     -1187    751        f
458     -1263    773        f
459     -1335    793        f
460     -1404    811        f
461     -1470    831        f
462     -1533    849        f
463     -1593    866        f
464     -1650    882        f
465     -1705    897        f
466     -1757    911        f
467     -1807    926        f
468     -1855    940        f
469     -1901    952        f
470     -1944    965        f
471     -1986    977        f
472     -2025    988        f
473     -2063    998        f
474     -2099    1009        f
475     -2134    1018        f
476     -2167    1028        f
477     -2198    1037        f
478     -2228    1045        f
479     -2257    1053        f
480     -2284    1061        f
481     -2311    1068        f
482     -2336    1075        f
483     -2336    1075        l
484     -2336    1075        f
485     -2192    1119        f
486     -2055    1161        f
487     -1925    1201        f
488     -1800    1240        f
489     -1680    1276        f
490     -1566    1311        f
491     -1457    1345        f
492     -1353    1377        f
493     -1254    1407        f
494     -1159    1436        f
495     -1068    1464        f
496     -982    1490        f
497     -899    1516        f
498     -819    1540        f
499     -745    1563        f
500     -673    1585        f
501     -604    1605        f
502     -539    1626        f
503     -476    1646        f
504     -416    1664        f
505     -359    1682        f
506     -305    1698        f
507     -252    1714        f
508     -202    1730        f
509     -156    1744        f
510     -156    1744        l
511     -156    1744        f
512     -98    1694        f
513     -43    1646        f
514     9    1601        f
515     59    1557        f
516     107    1515        f
517     153    1476        f
518     197    1438        f
519     239    1402        f
520     279    1367        f
521     317    1334        f
522     354    1302        f
523     388    1272        f
524     422    1244        f
525     453    1216        f
526     484    1190        f
527     513    1165        f
528     540    1141        f
529     567    1118        f
530     592    1096        f
531     616    1075        f
532     639    1055        f
533     661    1036        f
534     661    1036        r
535     661    1036        r
536     661    1036        f
537     596    996        f
538     534    957        f
539     475    919        f
540     418    885        f
541     364    851        f
542     313    819        f
543     263    788        f
544     216    759        f
545     172    731        f
546     129    704        f
547     88    678        f
548     49    654        f
549     11    631        f
550     -23    609        f
551     -56    587        f
552     -90    567        f
553     -121    548        f
554     -150    529        f
555     -178    511        f
556     -204    495        f
557     -231    479        f
558     -256    463        f
559     -279    448        f
560     -302    434        f
561     -323    421        f
562     -344    408        f
563     -363    396        f
564     -382    384        f
565     -400    373        f
566     -417    363        f
567     -433    352        f
568     -449    343        f
569     -463    333        f
570     -478    324        f
571     -491    316        f
572     -504    308        f
573     -517    300        f
574     -528    293        f
575     -540    286        f
576     -540    286        r
577     -540    286        r
578     -540    286        r
579     -540    286        f
580     -616    294        f
581     -688    303        f
582     -758    311        f
583     -824    318        f
584     -886    326        f
585     -947    333        f
586     -1005    339        f
587     -1060    346        f
588     -1113    352        f
589     -1163    357        f
590     -1211    363        f
591     -1257    368        f
592     -1300    373        f
593     -1342    378        f
594     -1382    383        f
595     -1420    387        f
596     -1457    391        f
597     -1492    395        f
598     -1525    399        f
599     -1556    403        f
600     -1587    405        f
601     -1616    409        f
602     -1643    413        f
603     -1670    416        f
604     -1695    419        f
605     -1719    421        f
606     -1742    424        f
607     -1764    426        f
608     -1785    429        f
609     -1805    430        f
610     -1823    433        f
611     -1842    436        f
612     -1860    438        f
613     -1876    438        f
614     -1892    441        f
615     -1907    443        f
616     -1922    445        f
617     -1935    446        f
618     -1948    448        f
619     -1961    449        f
620     -1973    451        f
621     -1985    451        f
622     -1996    453        f
623     -2005    454        f
624     -2016    455        f
625     -2026    457        f
626     -2035    458        f
627     -2043    459        f
628     -2052    459        f
629     -2060    461        f
630     -2067    461        f
631     -2075    462        f
632     -2081    463        f
633     -2088    463        f
634     -2094    465        f
635     -2100    465        f
636     -2106    466        f
637     -2112    467        f
638     -2117    467        f
639     -2122    468        f
640     -2127    468        f
641     -2131    469        f
642     -2136    469        f
643     -2140    470        f
644     -2144    470        f
645     -2144    470        l
646     -2144    470        l
647     -2144    470        l
648     -2144    470        l
649     -2144    470        l
650     -2144    470        l
651     -2144    470        l
652     -2144    470        l
653     -2144    470        l
654     -2144    470        l
655     -2144    470        l
656     -2144    470        l
657     -2144    470        l
658     -2144    470        l
659     -2144    470        l
660     -2144    470        l
661     -2144    470        l
662     -2148    471        f
663     -2151    471        f
664     -2155    472        f
665     -2158    472        f
666     -2161    472        f
667     -2164    473        f
668     -2167    473        f
669     -2170    473        f
670     -2172    474        f
671     -2175    474        f
672     -2177    474        f
673     -2180    474        f
674     -2182    475        f
675     -2184    475        f
676     -2184    475        r
677     -2184    475        r
678     -2184    475        f
679     -2332    454        f
680     -2474    433        f
681     -2610    413        f
682     -2739    395        f
683     -2863    377        f
684     -2981    360        f
685     -3094    344        f
686     -3201    328        f
687     -3304    313        f
688     -3402    299        f
689     -3496    286        f
690     -3586    273        f
691     -3671    260        f
692     -3753    249        f
693     -3831    237        f
694     -3906    227        f
695     -3977    216        f
696     -4045    206        f
697     -4109    197        f
698     -4171    188        f
699     -4230    180        f
700     -4287    172        f
701     -4341    164        f
702     -4341    164        l
703     -4341    164        l
704     -4341    164        f
705     -4191    171        f
706     -4047    177        f
707     -3911    183        f
708     -3779    189        f
709     -3654    195        f
710     -3535    200        f
711     -3421    206        f
712     -3311    211        f
713     -3208    216        f
714     -3109    220        f
715     -3014    225        f
716     -2923    229        f
717     -2837    233        f
718     -2754    236        f
719     -2675    240        f
720     -2600    243        f
721     -2528    247        f
722     -2459    250        f
723     -2393    252        f
724     -2330    256        f
725     -2270    259        f
726     -2213    261        f
727     -2213    261        r
728     -2213    261        r
729     -2213    261        f
730     -2363    249        f
731     -2506    237        f
732     -2642    225        f
733     -2772    215        f
734     -2896    204        f
735     -3015    195        f
736     -3128    186        f
737     -3236    177        f
738     -3339    169        f
739     -3438    161        f
740     -3532    153        f
741     -3621    145        f
742     -3707    138        f
743     -3789    132        f
744     -3867    125        f
745     -3942    119        f
746     -4013    112        f
747     -4081    107        f
748     -4146    102        f
749     -4208    97        f
750     -4268    92        f
751     -4325    87        f
752     -4379    83        f
753     -4430    79        f
754     -4480    75        f
755     -4527    71        f
756     -4572    67        f
757     -4615    64        f
758     -4656    60        f
759     -4695    56        f
760     -4733    54        f
761     -4768    51        f
762     -4803    48        f
763     -4835    45        f
764     -4867    43        f
765     -4896    40        f
766     -4925    38        f
767     -4952    36        f
768     -4978    34        f
769     -5003    32        f
770     0    0        f
771     0    0        f
772     0    0        f
773     0    0        f
774     0    0        f
775     0    0        f
776     0    0        f
777     0    0        f
778     0    0        f
779     0    0        f
780     0    0        f
781     0    0        f
782     0    0        f
783     0    0        f
784     0    0        f
785     0    0        f
786     0    0        f
787     0    0        f
788     0    0        f
789     0    0        f
790     0    0        f
791     0    0        f
792     0    0        f
793     0    0        f
794     0    0        f
795     0    0        f
796     0    0        f
797     0    0        f
798     0    0        f
799     0    0        f
800     0    0        f
801     0    0        f
802     0    0        f
803     0    0        f
804     0    0        f
805     0    0        f
806     0    0        f
807     0    0        f
808     0    0        f
809     0    0        f
810     0    0        f
811     0    0        f
812     0    0        f
813     0    0        f
814     0    0        f
815     0    0        f
816     0    0        f
817     0    0        f
818     0    0        f
819     0    0        f
820     0    0        f
821     0    0        f
822     0    0        f
823     0    0        f
824     0    0        f
825     0    0        f
826     0    0        f
827     0    0        f
828     0    0        f
829     0    0        f
830     0    0        f
831     0    0        f
832     0    0        f
833     0    0        f
834     0    0        f
835     0    0        f
836     0    0        f
837     0    0        f
838     0    0        f
839     0    0        f
840     0    0        f
841     0    0        f
842     0    0        f
843     0    0        f
844     0    0        f
845     0    0        f
846     0    0        f
847     0    0        f
848     0    0        f
849     0    0        f
850     0    0        f
851     0    0        f
852     0    0        f
853     0    0        f
854     0    0        f
855     0    0        f
856     0    0        f
857     0    0        f
858     0    0        f
859     0    0        f
860     0    0        f
861     0    0        f
862     0    0        f
863     0    0        f
864     0    0        f
865     0    0        f
866     0    0        f
867     0    0        f
868     0    0        f
869     0    0        f
870     0    0        f
871     0    0        f
872     0    0        f
873     0    0        f
874     0    0        f
875     0    0        f
876     0    0        r
877     0    0        r
878     0    0        r
879     0    0        f
880     -74    -15        f
881     -146    -28        f
882     -214    -43        f
883     -280    -56        f
884     -342    -68        f
885     -401    -80        f
886     -458    -92        f
887     -513    -103        f
888     -565    -112        f
889     -614    -123        f
890     -661    -133        f
891     -707    -142        f
892     -750    -150        f
893     -791    -159        f
894     -830    -167        f
895     -868    -174        f
896     -902    -181        f
897     -938    -188        f
898     -969    -195        f
899     -1001    -200        f
900     -1031    -206        f
901     -1060    -213        f
902     -1087    -218        f
903     -1113    -224        f
904     -1138    -229        f
905     -1161    -233        f
906     -1184    -238        f
907     -1205    -242        f
908     -1226    -246        f
909     -1246    -250        f
910     -1264    -254        f
911     -1282    -258        f
912     -1300    -261        f
913     -1316    -265        f
914     -1332    -268        f
915     -1347    -271        f
916     -1361    -274        f
917     -1374    -276        f
918     -1387    -279        f
919     -1400    -281        f
920     -1412    -284        f
921     -1423    -286        f
922     -1434    -288        f
923     -1444    -290        f
924     -1454    -292        f
925     -1464    -294        f
926     -1473    -296        f
927     -1481    -298        f
928     -1490    -299        f
929     -1497    -301        f
930     -1505    -303        f
931     -1512    -304        f
932     -1519    -305        f
933     -1526    -307        f
934     -1532    -308        f
935     -1538    -309        f
936     -1543    -310        f
937     -1549    -311        f
938     -1554    -312        f
939     -1559    -313        f
940     -1564    -314        f
941     -1568    -315        f
942     -1573    -316        f
943     -1577    -317        f
944     -1581    -318        f
945     -1585    -318        f
946     -1585    -318        l
947     -1585    -318        l
948     -1585    -318        l
949     -1585    -318        f
950     -1514    -288        f
951     -1447    -259        f
952     -1383    -231        f
953     -1322    -206        f
954     -1263    -181        f
955     -1208    -157        f
956     -1154    -134        f
957     -1103    -112        f
958     -1055    -91        f
959     -1008    -71        f
960     -964    -52        f
961     -922    -34        f
962     -922    -34        r
963     -922    -34        r
964     -922    -34        f
965     -994    -57        f
966     -1064    -81        f
967     -1130    -102        f
968     -1194    -123        f
969     -1254    -143        f
970     -1312    -162        f
971     -1368    -180        f
972     -1420    -197        f
973     -1471    -213        f
974     -1519    -229        f
975     -1565    -244        f
976     -1609    -259        f
977     -1651    -272        f
978     -1691    -285        f
979     -1729    -298        f
980     -1766    -310        f
981     -1801    -321        f
982     -1834    -332        f
983     -1866    -342        f
984     -1896    -352        f
985     -1925    -362        f
986     -1953    -371        f
987     -1979    -379        f
988     -2005    -387        f
989     -2029    -395        f
990     -2052    -403        f
991     -2074    -409        f
992     -2095    -417        f
993     -2115    -423        f
994     -2134    -430        f
995     -2152    -436        f
996     -2170    -441        f
997     -2187    -447        f
998     -2202    -451        f
999     -2218    -457        f
1000     -2232    -462        f
1001     -2246    -466        f
1002     -2259    -471        f
1003     -2272    -475        f
1004     -2284    -479        f
1005     -2284    -479        r
1006     -2284    -479        r
1007     -2284    -479        r
1008     -2284    -479        f
1009     -2432    -454        f
1010     -2573    -430        f
1011     -2708    -407        f
1012     -2837    -385        f
1013     -2960    -364        f
1014     -3077    -344        f
1015     -3189    -325        f
1016     -3296    -307        f
1017     -3397    -290        f
1018     -3496    -274        f
1019     -3589    -258        f
1020     -3678    -243        f
1021     -3763    -227        f
1022     -3844    -215        f
1023     -3922    -200        f
1024     -3996    -189        f
1025     -4067    -177        f
1026     -4135    -165        f
1027     -4199    -155        f
1028     -4261    -144        f
1029     -4261    -144        l
1030     -4261    -144        f
1031     -4111    -150        f
1032     -3968    -156        f
1033     -3831    -162        f
1034     -3701    -168        f
1035     -3576    -173        f
1036     -3457    -178        f
1037     -3343    -183        f
1038     -3235    -187        f
1039     -3131    -192        f
1040     -3032    -196        f
1041     -2937    -200        f
1042     -2847    -204        f
1043     -2847    -204        l
1044     -2847    -204        l
1045     -2847    -204        f
1046     -2698    -224        f
1047     -2556    -243        f
1048     -2421    -262        f
1049     -2291    -280        f
1050     -2168    -296        f
1051     -2049    -313        f
1052     -1937    -328        f
1053     -1829    -343        f
1054     -1726    -357        f
1055     -1628    -370        f
1056     -1534    -383        f
1057     -1445    -395        f
1058     -1359    -407        f
1059     -1278    -418        f
1060     -1200    -429        f
1061     -1125    -438        f
1062     -1054    -449        f
1063     -986    -458        f
1064     -921    -467        f
1065     -860    -476        f
1066     -800    -484        f
1067     -744    -491        f
1068     -690    -499        f
1069     -639    -505        f
1070     -590    -513        f
1071     -543    -519        f
1072     -498    -525        f
1073     -455    -531        f
1074     -415    -537        f
1075     -376    -542        f
1076     -339    -547        f
1077     -303    -552        f
1078     -269    -557        f
1079     -237    -561        f
1080     -206    -566        f
1081     -176    -570        f
1082     -148    -573        f
1083     -121    -577        f
1084     -95    -581        f
1085     -71    -584        f
1086     -47    -587        f
1087     -25    -590        f
1088     -3    -593        f
1089     16    -596        f
1090     36    -599        f
1091     55    -601        f
1092     73    -604        f
1093     90    -606        f
1094     106    -608        f
1095     122    -611        f
1096     136    -613        f
1097     151    -615        f
1098     164    -616        f
1099     177    -618        f
1100     190    -620        f
1101     200    -622        f
1102     213    -623        f
1103     223    -625        f
1104     223    -625        l
1105     223    -625        l
1106     223    -625        f
1107     297    -647        f
1108     297    -647        r
1109     297    -647        r
1110     297    -647        f
1111     220    -643        f
1112     147    -639        f
1113     77    -636        f
1114     11    -633        f
1115     -52    -630        f
1116     -112    -627        f
1117     -171    -624        f
1118     -225    -621        f
1119     -279    -619        f
1120     -330    -616        f
1121     -378    -614        f
1122     -424    -612        f
1123     -468    -609        f
1124     -509    -607        f
1125     -550    -605        f
1126     -589    -604        f
1127     -625    -602        f
1128     -660    -600        f
1129     -694    -598        f
1130     -725    -597        f
1131     -756    -595        f
1132     -785    -594        f
1133     -811    -593        f
1134     -839    -591        f
1135     -864    -590        f
1136     -888    -589        f
1137     -911    -588        f
1138     -933    -587        f
1139     -955    -586        f
1140     -975    -585        f
1141     -994    -584        f
1142     -1011    -583        f
1143     -1030    -582        f
1144     -1046    -581        f
1145     -1062    -580        f
1146     -1077    -580        f
1147     -1077    -580        r
1148     -1077    -580        r
1149     -1077    -580        r
1150     -1077    -580        r
1151     -1077    -580        f
1152     -1140    -662        f
1153     -1200    -740        f
1154     -1258    -815        f
1155     -1312    -886        f
1156     -1365    -955        f
1157     -1414    -1019        f
1158     -1462    -1083        f
1159     -1508    -1142        f
1160     -1551    -1199        f
1161     -1551    -1199        l
1162     -1551    -1199        l
1163     -1551    -1199        f
1164     -1475    -1207        f
1165     -1402    -1214        f
1166     -1333    -1221        f
1167     -1267    -1227        f
1168     -1203    -1234        f
1169     -1143    -1240        f
1170     -1085    -1245        f
1171     -1030    -1251        f
1172     -977    -1256        f
1173     -927    -1261        f
1174     -878    -1266        f
1175     -833    -1270        f
1176     -789    -1275        f
1177     -747    -1279        f
1178     -707    -1283        f
1179     -669    -1287        f
1180     -633    -1290        f
1181     -598    -1294        f
1182     -565    -1297        f
1183     -533    -1300        f
1184     -503    -1303        f
1185     -474    -1306        f
1186     -447    -1309        f
1187     -420    -1311        f
1188     -395    -1314        f
1189     -371    -1316        f
1190     -348    -1319        f
1191     -326    -1321        f
1192     -305    -1323        f
1193     -285    -1325        f
1194     -266    -1327        f
1195     -248    -1328        f
1196     -229    -1330        f
1197     -214    -1332        f
1198     -198    -1333        f
1199     -183    -1335        f
1200     0    0        f
1200     0    0        f
1200     0    0        f
1200     0    0        f
1200     0    0        f
1200     0    0        f
1200     0    0        f
1200     0    0        f
1200     0    0        f
1200     0    0        f
1200     0    0        f
1200     0    0        f
1200     0    0        f
1200     0    0        f
1200     0    0        f
1200     0    0        f
1200     0    0        f
1200     0    0        f
1200     0    0        f
1200     0    0        f
1200     0    0        f
1200     0    0        f
1200     0    0        f
1200     0    0        f
1200     0    0        f
1200     0    0        f
1200     0    0        f
1200     0    0        f
1200     0    0        f
1200     0    0        f
1200     0    0        f
1200     0    0        f
1200     0    0        f
1200     0    0        f
1200     0    0        f
1200     0    0        f
1200     0    0        f
1200     0    0        f
1200     0    0        f
1200     0    0        f
1200     0    0        f
1200     0    0        f
1200     0    0        f
1200     0    0        f
1200     0    0        f
1200     0    0        f
1200     0    0        f
1200     0    0        f
1200     0    0        f
1200     0    0        f
1200     0    0        f
1200     0    0        f
1200     0    0        f
1200     0    0        f
1200     0    0        f
1200     0    0        f
1200     0    0        f
1200     0    0        f
1200     0    0        f
1200     0    0        f
1200     0    0        f
1200     0    0        f
1200     0    0        f
1200     0    0        f
1200     0    0        f
1200     0    0        f
1200     0    0        f
1200     0    0        f
1200     0    0        f
1200     0    0        f
1200     0    0        f
1200     0    0        f
1200     0    0        f
1200     0    0        f
1200     0    0        f
1200     0    0        f
1200     0    0        f
1200     0    0        f
1200     0    0        f
1200     0    0        f
1200     0    0        f
1200     0    0        f
1200     0    0        f
1200     0    0        f
1200     0    0        f
1200     0    0        f
1200     0    0        f
1200     0    0        f
1200     0    0        f
1200     0    0        f
1200     0    0        f
1200     0    0        f
1200     0    0        f
1200     0    0        f
1200     0    0        f
1200     0    0        f
1200     0    0        f
1200     0    0        f
1200     0    0        f
1200     0    0        f
1200     0    0        f
1200     0    0        f
1201     0    0        f
1202     0    0        f
1203     0    0        f
1204     0    0        f
1205     0    0        f
1206     0    0        f
1207     0    0        f
1208     0    0        f
1209     0    0        f
1210     0    0        f
1211     0    0        f
1212     0    0        f
1213     0    0        f
1214     0    0        f
1215     0    0        f
1216     0    0        f
1217     0    0        f
1218     0    0        f
1219     0    0        f
1220     0    0        f
1221     0    0        f
1222     0    0        f
1223     0    0        f
1224     0    0        f
1225     0    0        f
1226     0    0        f
1227     0    0        f
1228     0    0        f
1229     0    0        f
1230     0    0        f
1231     0    0        f
1232     0    0        f
1233     0    0        f
1234     0    0        f
1235     0    0        f
1236     0    0        f
1237     0    0        f
1238     0    0        f
1239     0    0        f
1240     0    0        f
1241     0    0        f
1242     0    0        f
1243     0    0        f
1244     0    0        f
1245     0    0        f
1246     0    0        f
1247     0    0        f
1248     0    0        f
1249     0    0        f
1250     0    0        f
1251     0    0        f
1252     0    0        f
1253     0    0        f
1254     0    0        f
1255     0    0        f
1256     0    0        f
1257     0    0        f
1258     0    0        f
1259     0    0        f
1260     0    0        f
1261     0    0        f
1262     0    0        f
1263     0    0        f
1264     0    0        f
1265     0    0        f
1266     0    0        f
1267     0    0        f
1268     0    0        f
1269     0    0        f
1270     0    0        f
1271     0    0        f
1272     0    0        f
1273     0    0        f
1274     0    0        f
1275     0    0        f
1276     0    0        f
1277     0    0        f
1278     0    0        f
1279     0    0        f
1280     0    0        f
1281     0    0        f
1282     0    0        f
1283     0    0        f
1284     0    0        f
1285     0    0        f
1286     0    0        f
1287     0    0        f
1288     0    0        f
1289     0    0        f
1290     0    0        f
1291     0    0        f
1292     0    0        f
1293     0    0        f
1294     0    0        f
1295     0    0        f
1296     0    0        f
1297     0    0        f
1298     0    0        f
1299     0    0        f
1300     0    0        f
1301     0    0        f
1302     0    0        f
1303     0    0        f
1304     0    0        f
1305     0    0        r
1306     0    0        r
1307     0    0        f
1308     -72    -23        f
1309     -142    -45        f
1310     -208    -66        f
1311     -272    -86        f
1312     -333    -106        f
1313     -391    -124        f
1314     -446    -142        f
1315     -499    -159        f
1316     -549    -175        f
1317     -597    -190        f
1318     -644    -204        f
1319     -688    -219        f
1320     -730    -231        f
1321     -770    -245        f
1322     -808    -257        f
1323     -844    -269        f
1324     -880    -280        f
1325     -913    -290        f
1326     -944    -301        f
1327     -975    -310        f
1328     -1003    -320        f
1329     -1032    -328        f
1330     -1059    -337        f
1331     -1084    -345        f
1332     -1109    -353        f
1333     -1132    -360        f
1334     -1154    -367        f
1335     -1175    -374        f
1336     -1195    -380        f
1337     -1214    -386        f
1338     -1233    -392        f
1339     -1250    -398        f
1340     -1267    -403        f
1341     -1283    -408        f
1342     -1298    -413        f
1343     -1313    -418        f
1344     -1327    -422        f
1345     -1340    -426        f
1346     -1353    -430        f
1347     -1365    -434        f
1348     -1377    -438        f
1349     -1388    -441        f
1350     -1398    -445        f
1351     -1408    -448        f
1352     -1418    -451        f
1353     -1427    -454        f
1354     -1436    -457        f
1355     -1444    -459        f
1356     -1453    -462        f
1357     -1460    -463        f
1358     -1468    -467        f
1359     -1474    -469        f
1360     -1481    -471        f
1361     -1488    -473        f
1362     -1494    -475        f
1363     -1499    -476        f
1364     -1505    -478        f
1365     -1505    -478        l
1366     -1505    -478        l
1367     -1505    -478        l
1368     -1505    -478        f
1369     -1431    -497        f
1370     -1360    -514        f
1371     -1292    -531        f
1372     -1227    -547        f
1373     -1166    -562        f
1374     -1106    -577        f
1375     -1050    -591        f
1376     -996    -604        f
1377     -944    -617        f
1378     -896    -629        f
1379     -849    -641        f
1380     -803    -652        f
1381     -761    -663        f
1382     -720    -673        f
1383     -681    -682        f
1384     -644    -692        f
1385     -644    -692        r
1386     -644    -692        r
1387     -644    -692        r
1388     -644    -692        f
1389     -716    -717        f
1390     -785    -742        f
1391     -851    -765        f
1392     -914    -787        f
1393     -973    -808        f
1394     -1031    -828        f
1395     -1086    -848        f
1396     -1138    -867        f
1397     -1188    -884        f
1398     -1235    -901        f
1399     -1281    -917        f
1400     -1324    -933        f
1401     -1366    -947        f
1402     -1405    -961        f
1403     -1443    -975        f
1404     -1479    -986        f
1405     -1514    -1000        f
1406     -1546    -1011        f
1407     -1578    -1022        f
1408     -1607    -1033        f
1409     -1637    -1043        f
1410     -1664    -1053        f
1411     -1689    -1062        f
1412     -1714    -1071        f
1413     -1739    -1079        f
1414     -1762    -1087        f
1415     -1782    -1095        f
1416     -1804    -1102        f
1417     -1823    -1109        f
1418     -1843    -1116        f
1419     -1861    -1122        f
1420     -1878    -1129        f
1421     -1895    -1134        f
1422     -1910    -1140        f
1423     -1925    -1145        f
1424     -1939    -1150        f
1425     -1954    -1155        f
1426     -1967    -1160        f
1427     -1979    -1164        f
1428     -1979    -1164        l
1429     -1979    -1164        l
1430     -1979    -1164        f
1431     -1914    -1123        f
1432     -1854    -1083        f
1433     -1795    -1045        f
1434     -1739    -1008        f
1435     -1686    -973        f
1436     -1635    -940        f
1437     -1586    -909        f
1438     -1540    -877        f
1439     -1495    -849        f
1440     -1453    -822        f
1441     -1412    -796        f
1442     -1374    -770        f
1443     -1337    -746        f
1444     -1337    -746        r
1445     -1337    -746        r
1446     -1337    -746        r
1447     -1337    -746        f
1448     -1337    -746        f
1449     -1337    -746        f
1450     -1337    -746        f
1451     -1337    -746        f
1452     -1337    -746        f
1453     -1337    -746        f
1454     -1337    -746        f
1455     -1337    -746        f
1456     -1337    -746        f
1457     -1337    -746        f
1458     -1337    -746        f
1459     -1337    -746        f
1460     -1337    -746        f
1461     -1337    -746        f
1462     -1337    -746        f
1463     -1337    -746        f
1464     -1337    -746        f
1465     -1337    -746        f
1466     -1337    -746        f
1467     -1337    -746        f
1468     -1337    -746        f
1469     -1337    -746        f
1470     -1337    -746        f
1471     -1337    -746        f
1472     -1337    -746        f
1473     -1337    -746        f
1474     -1337    -746        f
1475     -1337    -746        f
1476     -1337    -746        f
1477     -1337    -746        f
1478     -1337    -746        f
1479     -1337    -746        f
1480     -1337    -746        f
1481     -1337    -746        f
1482     -1337    -746        f
1483     -1337    -746        f
1484     -1337    -746        f
1485     -1337    -746        f
1486     -1337    -746        f
1487     -1337    -746        f
1488     -1337    -746        f
1489     -1337    -746        f
1490     -1337    -746        l
1491     -1337    -746        l
1492     -1337    -746        f
1493     -1273    -704        f
1494     -1212    -663        f
1495     -1154    -624        f
1496     -1099    -587        f
1497     -1046    -552        f
1498     -996    -518        f
1499     -948    -484        f
1500     -902    -454        f
1501     -858    -425        f
1502     -816    -397        f
1503     -776    -370        f
1504     -738    -344        f
1505     -701    -319        f
1506     -666    -296        f
1507     -633    -274        f
1508     -601    -252        f
1509     -571    -231        f
1510     -542    -212        f
1511     -514    -194        f
1512     -487    -176        f
1513     -462    -159        f
1514     -438    -143        f
1515     -415    -127        f
1516     -393    -112        f
1517     -372    -99        f
1518     -352    -85        f
1519     -332    -72        f
1520     -314    -60        f
1521     -297    -48        f
1522     -280    -37        f
1523     -264    -26        f
1524     -248    -16        f
1525     -234    -6        f
1526     -220    2        f
1527     -206    11        f
1528     -194    20        f
1529     -182    28        f
1530     -170    35        f
1531     -159    43        f
1532     -149    50        f
1533     -139    56        f
1534     -129    63        f
1535     -120    69        f
1536     -111    75        f
1537     -103    81        f
1538     -95    86        f
1539     -87    91        f
1540     -87    91        r
1541     -87    91        r
1542     -87    91        f
1543     -206    182        f
1544     -320    269        f
1545     -428    353        f
1546     -532    432        f
1547     -631    508        f
1548     -725    580        f
1549     -815    649        f
1550     -901    715        f
1551     -984    779        f
1552     -1062    839        f
1553     -1138    896        f
1554     -1209    951        f
1555     -1278    1003        f
1556     -1343    1054        f
1557     -1406    1102        f
1558     -1466    1147        f
1559     -1523    1191        f
1560     -1578    1232        f
1561     -1630    1272        f
1562     -1679    1310        f
1563     -1727    1346        f
1564     -1772    1380        f
1565     -1814    1413        f
1566     -1855    1445        f
1567     -1896    1475        f
1568     -1932    1504        f
1569     -1969    1531        f
1570     -2004    1558        f
1571     -2037    1583        f
1572     -2068    1607        f
1573     -2098    1630        f
1574     -2127    1651        f
1575     -2154    1672        f
1576     -2180    1692        f
1577     -2205    1711        f
1578     -2229    1729        f
1579     -2251    1747        f
1580     -2273    1763        f
1581     -2294    1779        f
1582     -2313    1794        f
1583     -2332    1809        f
1584     -2350    1822        f
1585     -2367    1836        f
1586     -2384    1848        f
1587     -2400    1860        f
1588     -2415    1872        f
1589     -2429    1882        f
1590     -2442    1893        f
1591     -2455    1903        f
1592     -2468    1912        f
1593     -2480    1922        f
1594     -2491    1930        f
1595     -2502    1939        f
1596     -2512    1947        f
1597     -2522    1954        f
1598     -2532    1961        f
1599     -2541    1968        f
1600     -2549    1975        f
1601     -2557    1980        f
1602     -2565    1987        f
1603     -2573    1993        f
1604     -2580    1998        f
1605     -2587    2004        f
1606     -2593    2009        f
1607     -2600    2013        f
1608     -2606    2018        f
1609     -2606    2018        l
1610     -2611    2022        f
1611     -2611    2022        l
1612     -2611    2022        r
1613     -2611    2022        r
1614     -2611    2022        r
1615     -2611    2022        f
1616     -2720    1919        f
1617     -2823    1820        f
1618     -2922    1725        f
1619     -3017    1635        f
1620     -3107    1549        f
1621     -3193    1466        f
1622     -3275    1388        f
1623     -3354    1313        f
1624     -3429    1241        f
1625     -3500    1173        f
1626     -3569    1107        f
1627     -3634    1045        f
1628     -3696    985        f
1629     -3756    927        f
1630     -3813    874        f
1631     -3867    822        f
1632     -3919    772        f
1633     -3968    725        f
1634     -4015    679        f
1635     -4060    636        f
1636     -4104    595        f
1637     -4145    556        f
1638     -4184    518        f
1639     -4222    482        f
1640     -4257    448        f
1641     -4257    448        l
1642     -4257    448        l
1643     -4257    448        f
1644     -4108    444        f
1645     -3964    440        f
1646     -3827    436        f
1647     -3697    432        f
1648     -3572    428        f
1649     -3453    425        f
1650     -3339    421        f
1651     -3231    418        f
1652     -3127    415        f
1653     -3028    413        f
1654     -2933    409        f
1655     -2843    407        f
1656     -2756    405        f
1657     -2674    401        f
1658     -2595    400        f
1659     -2520    398        f
1660     -2448    396        f
1661     -2379    394        f
1662     -2314    392        f
1663     -2314    392        r
1664     -2314    392        r
1665     -2314    392        f
1666     -2462    366        f
1667     -2603    341        f
1668     -2737    318        f
1669     -2866    295        f
1670     -2989    274        f
1671     -3107    252        f
1672     -3219    234        f
1673     -3326    215        f
1674     -3428    197        f
1675     -3526    180        f
1676     -3619    163        f
1677     -3708    148        f
1678     -3793    133        f
1679     -3874    119        f
1680     -3952    105        f
1681     -4026    92        f
1682     -4097    79        f
1683     -4164    68        f
1684     -4229    56        f
1685     -4291    45        f
1686     -4350    35        f
1687     -4406    25        f
1688     -4460    16        f
1689     -4512    7        f
1690     -4561    -1        f
1691     -4608    -9        f
1692     -4653    -17        f
1693     -4696    -24        f
1694     -4736    -32        f
1695     -4775    -38        f
1696     -4813    -45        f
1697     -4848    -51        f
1698     -4882    -56        f
1699     -4915    -63        f
1700     -4946    -68        f
1701     -4975    -73        f
1702     -5003    -78        f
1703     0    0        f
1704     0    0        f
1705     0    0        f
1706     0    0        f
1707     0    0        f
1708     0    0        f
1709     0    0        f
1710     0    0        f
1711     0    0        f
1712     0    0        f
1713     0    0        f
1714     0    0        f
1715     0    0        f
1716     0    0        f
1717     0    0        f
1718     0    0        f
1719     0    0        f
1720     0    0        f
1721     0    0        f
1722     0    0        f
1723     0    0        f
1724     0    0        f
1725     0    0        f
1726     0    0        f
1727     0    0        f
1728     0    0        f
1729     0    0        f
1730     0    0        f
1731     0    0        f
1732     0    0        f
1733     0    0        f
1734     0    0        f
1735     0    0        f
1736     0    0        f
1737     0    0        f
1738     0    0        f
1739     0    0        f
1740     0    0        f
1741     0    0        f
1742     0    0        f
1743     0    0        f
1744     0    0        f
1745     0    0        f
1746     0    0        f
1747     0    0        f
1748     0    0        f
1749     0    0        f
1750     0    0        f
1751     0    0        f
1752     0    0        f
1753     0    0        f
1754     0    0        f
1755     0    0        f
1756     0    0        f
1757     0    0        f
1758     0    0        f
1759     0    0        f
1760     0    0        f
1761     0    0        f
1762     0    0        f
1763     0    0        f
1764     0    0        f
1765     0    0        f
1766     0    0        f
1767     0    0        f
1768     0    0        f
1769     0    0        f
1770     0    0        f
1771     0    0        f
1772     0    0        f
1773     0    0        f
1774     0    0        f
1775     0    0        f
1776     0    0        f
1777     0    0        f
1778     0    0        f
1779     0    0        f
1780     0    0        f
1781     0    0        f
1782     0    0        f
1783     0    0        f
1784     0    0        f
1785     0    0        f
1786     0    0        f
1787     0    0        f
1788     0    0        f
1789     0    0        f
1790     0    0        f
1791     0    0        f
1792     0    0        f
1793     0    0        f
1794     0    0        f
1795     0    0        f
1796     0    0        f
1797     0    0        f
1798     0    0        f
1799     0    0        f
1800     0    0        f
1801     0    0        f
1802     0    0        f
1803     0    0        f
1804     0    0        f
1805     0    0        f
1806     0    0        f
1807     0    0        f
1808     0    0        f
1809     0    0        r
1810     0    0        r
1811     0    0        r
1812     0    0        f
1813     -71    26        f
1814     -140    52        f
1815     -204    76        f
1816     -268    99        f
1817     -327    122        f
1818     -384    143        f
1819     -384    143        l
1820     -384    143        l
1821     -384    143        f
1822     -318    105        f
1823     -254    69        f
1824     -194    34        f
1825     -136    1        f
1826     -81    -30        f
1827     -28    -60        f
1828     21    -88        f
1829     70    -115        f
1830     114    -142        f
1831     159    -167        f
1832     200    -191        f
1833     241    -214        f
1834     279    -236        f
1835     316    -257        f
1836     351    -277        f
1837     384    -296        f
1838     416    -314        f
1839     446    -331        f
1840     475    -348        f
1841     503    -363        f
1842     529    -379        f
1843     554    -393        f
1844     578    -407        f
1845     601    -420        f
1846     623    -432        f
1847     644    -444        f
1848     665    -455        f
1849     684    -467        f
1850     702    -476        f
1851     720    -487        f
1852     736    -497        f
1853     752    -505        f
1854     767    -514        f
1855     782    -522        f
1856     796    -530        f
1857     809    -538        f
1858     822    -545        f
1859     834    -552        f
1860     846    -559        f
1861     857    -565        f
1862     867    -571        f
1863     877    -576        f
1864     886    -582        f
1865     896    -587        f
1866     905    -592        f
1867     913    -597        f
1868     921    -601        f
1869     928    -606        f
1870     936    -610        f
1871     943    -614        f
1872     950    -618        f
1873     956    -621        f
1874     961    -625        f
1875     968    -628        f
1876     973    -631        f
1877     978    -634        f
1878     984    -637        f
1879     989    -640        f
1880     993    -642        f
1881     998    -645        f
1882     1002    -647        f
1883     1006    -650        f
1884     1010    -652        f
1885     1013    -654        f
1886     1017    -656        f
1887     1019    -658        f
1888     1023    -659        f
1889     1026    -661        f
1890     1029    -663        f
1891     1029    -663        r
1892     1029    -663        r
1893     1029    -663        f
1894     952    -671        f
1895     880    -678        f
1896     811    -686        f
1897     745    -693        f
1898     682    -699        f
1899     621    -705        f
1900     564    -711        f
1901     508    -717        f
1902     455    -723        f
1903     405    -728        f
1904     358    -733        f
1905     312    -738        f
1906     268    -742        f
1907     225    -747        f
1908     186    -751        f
1909     148    -755        f
1910     112    -759        f
1911     77    -762        f
1912     44    -766        f
1913     12    -769        f
1914     -17    -772        f
1915     -46    -775        f
1916     -74    -778        f
1917     -100    -781        f
1918     -125    -783        f
1919     -149    -786        f
1920     -172    -788        f
1921     -194    -791        f
1922     -215    -793        f
1923     -235    -795        f
1924     -254    -797        f
1925     -273    -799        f
1926     -290    -801        f
1927     -307    -802        f
1928     -322    -803        f
1929     -338    -805        f
1930     -352    -807        f
1931     -366    -808        f
1932     -379    -810        f
1933     -392    -811        f
1934     -404    -811        f
1935     -415    -814        f
1936     -426    -815        f
1937     -437    -816        f
1938     -447    -817        f
1939     -455    -818        f
1940     -465    -819        f
1941     -474    -819        f
1942     -483    -821        f
1943     -490    -821        f
1944     -498    -822        f
1945     -505    -823        f
1946     -512    -824        f
1947     -519    -824        f
1948     -525    -825        f
1949     -525    -825        r
1950     -525    -825        r
1951     -525    -825        r
1952     -525    -825        f
1953     -598    -850        f
1954     -667    -874        f
1955     -667    -874        l
1956     -667    -874        l
1957     -667    -874        f
1958     -590    -877        f
1959     -517    -880        f
1960     -517    -880        l
1961     -448    -882        f
1962     -381    -885        f
1963     -317    -886        f
1964     -257    -890        f
1965     -198    -892        f
1966     -143    -894        f
1967     -90    -896        f
1968     -39    -898        f
1969     8    -900        f
1970     54    -902        f
1971     54    -902        r
1972     54    -902        r
1973     54    -902        f
1974     -22    -902        f
1975     -95    -903        f
1976     -164    -905        f
1977     -231    -906        f
1978     -295    -907        f
1979     -355    -908        f
1980     -413    -909        f
1981     -469    -910        f
1982     -521    -910        f
1983     -572    -911        f
1984     -620    -911        f
1985     -666    -911        f
1986     -710    -913        f
1987     -752    -914        f
1988     -792    -914        f
1989     -830    -915        f
1990     -867    -915        f
1991     -902    -916        f
1992     -935    -916        f
1993     -967    -917        f
1994     -997    -917        f
1995     -1026    -918        f
1996     -1054    -918        f
1997     -1081    -918        f
1998     -1106    -919        f
1999     -1130    -919        f
2000     -1153    -919        f
2001     -1175    -919        f
2002     -1196    -919        f
2003     -1216    -919        f
2004     -1235    -921        f
2005     -1254    -921        f
2006     -1271    -921        f
2007     -1288    -921        f
2008     -1304    -922        f
2009     -1319    -922        f
2010     -1333    -922        f
2011     -1347    -922        f
2012     -1361    -922        f
2013     -1373    -923        f
2014     -1385    -923        f
2015     -1397    -923        f
2016     -1408    -923        f
2017     -1418    -923        f
2018     -1428    -923        f
2019     -1438    -924        f
2020     -1447    -924        f
2021     -1456    -924        f
2022     -1464    -924        f
2023     -1472    -924        f
2024     -1480    -924        f
2025     -1487    -924        f
2026     -1494    -924        f
2027     -1501    -924        f
2028     -1507    -925        f
2029     -1507    -925        l
2030     -1507    -925        l
2031     -1507    -925        f
2032     -1431    -931        f
2033     -1431    -931        r
2034     -1431    -931        f
2035     -1495    -889        f
2036     -1556    -849        f
2037     -1614    -811        f
2038     -1670    -774        f
2039     -1723    -740        f
2040     -1773    -706        f
2041     -1822    -674        f
2042     -1869    -644        f
2043     -1913    -615        f
2044     -1955    -587        f
2045     -1995    -561        f
2046     -2034    -536        f
2047     -2071    -511        f
2048     -2106    -488        f
2049     -2139    -466        f
2050     -2171    -445        f
2051     -2202    -425        f
2052     -2231    -405        f
2053     -2259    -388        f
2054     -2286    -370        f
2055     -2311    -354        f
2056     -2335    -338        f
2057     -2335    -338        l
2058     -2335    -338        f
2059     -2335    -338        r
2060     -2335    -338        r
2061     -2335    -338        f
2062     -2483    -313        f
2063     -2625    -290        f
2064     -2760    -267        f
2065     -2889    -246        f
2066     -3012    -225        f
2067     -3130    -206        f
2068     -3242    -188        f
2069     -3349    -170        f
2070     -3452    -153        f
2071     -3550    -137        f
2072     -3643    -122        f
2073     -3733    -107        f
2074     -3818    -93        f
2075     -3900    -80        f
2076     -3978    -67        f
2077     -4052    -54        f
2078     -4123    -43        f
2079     -4191    -32        f
2080     -4256    -21        f
2081     -4318    -11        f
2082     -4318    -11        l
2083     -4318    -11        l
2084     -4318    -11        f
2085     -4168    -14        f
2086     -4025    -17        f
2087     -3888    -20        f
2088     -3757    -23        f
2089     -3633    -26        f
2090     -3514    -28        f
2091     -3400    -31        f
2092     -3290    -33        f
2093     -3188    -35        f
2094     -3089    -38        f
2095     -2995    -40        f
2096     -2905    -42        f
2097     -2819    -44        f
2098     -2736    -45        f
2099     -2658    -47        f
2100     -2583    -49        f
2101     -2511    -50        f
2102     -2443    -52        f
2103     -2377    -53        f
2104     -2315    -55        f
2105     -2255    -56        f
2106     -2199    -56        f
2107     -2144    -57        f
2108     -2092    -60        f
2109     -2043    -61        f
2110     -1995    -62        f
2111     -1950    -63        f
2112     -1907    -64        f
2113     -1866    -65        f
2114     -1827    -65        f
2115     -1789    -66        f
2116     -1753    -67        f
2117     -1719    -68        f
2118     -1686    -68        f
2119     -1655    -69        f
2120     -1625    -70        f
2121     -1596    -70        f
2122     -1569    -71        f
2123     -1543    -72        f
2124     -1518    -72        f
2125     -1495    -73        f
2126     -1472    -73        f
2127     -1450    -74        f
2128     -1430    -74        f
2129     -1410    -75        f
2130     -1391    -75        f
2131     -1373    -75        f
2132     -1356    -76        f
2133     -1339    -76        f
2134     -1324    -76        f
2135     -1309    -77        f
2136     -1294    -77        f
2137     -1281    -77        f
2138     -1268    -78        f
2139     -1255    -78        f
2140     -1255    -78        l
2141     -1255    -78        l
2142     -1255    -78        l
2143     -1255    -78        f
2144     -1179    -206        f
2145     -1106    -330        f
2146     -1036    -448        f
2147     -969    -560        f
2148     -906    -667        f
2149     -844    -770        f
2150     -787    -867        f
2151     -731    -961        f
2152     -678    -1050        f
2153     -628    -1135        f
2154     -580    -1216        f
2155     -534    -1294        f
2156     -490    -1368        f
2157     -448    -1439        f
2158     -407    -1507        f
2159     -369    -1571        f
2160     -332    -1632        f
2161     -298    -1692        f
2162     -264    -1748        f
2163     -231    -1802        f
2164     -202    -1853        f
2165     -173    -1902        f
2166     -145    -1948        f
2167     -119    -1993        f
2168     -94    -2036        f
2169     -69    -2076        f
2170     -46    -2115        f
2171     -25    -2153        f
2172     -4    -2188        f
2173     15    -2222        f
2174     35    -2254        f
2175     53    -2285        f
2176     70    -2315        f
2177     87    -2343        f
2178     103    -2370        f
2179     118    -2395        f
2180     133    -2420        f
2181     146    -2443        f
2182     160    -2466        f
2183     172    -2487        f
2184     184    -2507        f
2185     196    -2527        f
2186     206    -2546        f
2187     217    -2563        f
2188     227    -2580        f
2189     237    -2597        f
2190     246    -2612        f
2191     254    -2627        f
2192     263    -2641        f
2193     271    -2654        f
2194     279    -2667        f
2195     286    -2680        f
2196     293    -2691        f
2197     299    -2702        f
2198     306    -2713        f
2199     312    -2723        f
2200     318    -2733        f
2201     323    -2742        f
2202     328    -2751        f
2203     333    -2760        f
2204     338    -2768        f
2205     343    -2776        f
2206     347    -2783        f
2207     351    -2790        f
2208     355    -2797        f
2209     359    -2803        f
2210     363    -2810        f
2211     366    -2816        f
2212     369    -2821        f
2213     373    -2827        f
2214     373    -2827        l
2215     373    -2827        l
2216     373    -2827        l
2217     373    -2827        f
2218     516    -2871        f
2219     653    -2914        f
2220     783    -2955        f
2221     908    -2993        f
2222     1027    -3031        f
2223     1141    -3066        f
2224     1250    -3100        f
2225     1354    -3132        f
2226     1453    -3163        f
2227     1548    -3192        f
2228     1639    -3220        f
2229     1725    -3247        f
2230     1807    -3272        f
2231     1887    -3297        f
2232     1962    -3321        f
2233     1962    -3250        f
2234     1962    -3250        f
2235     1962    -3250        f
2236     1962    -3250        f
2237     1962    -3250        f
2238     1962    -3250        f
2239     1962    -3250        f
2240     1962    -3250        f
2241     1962    -3250        f
2242     1962    -3250        f
2243     1962    -3250        f
2244     1962    -3250        f
2245     1962    -3250        f
2246     1962    -3250        f
2247     1962    -3250        f
2248     1962    -3250        f
2249     1962    -3250        f
2250     1962    -3250        f
2251     1962    -3250        f
2252     1962    -3250        f
2253     1962    -3250        f
2254     1962    -3250        f
2255     1962    -3250        f
2256     1962    -3250        f
2257     1962    -3250        f
2258     1962    -3250        f
2259     1962    -3250        f
2260     1962    -3250        f
2261     1962    -3250        f
2262     1962    -3250        f
2263     1962    -3250        f
2264     1962    -3250        f
2265     1962    -3250        f
2266     1962    -3250        f
2267     1962    -3250        f
2268     1962    -3250        f
2269     1962    -3250        f
2270     1962    -3250        f
2271     1962    -3250        f
2272     1962    -3250        f
2273     1962    -3250        f
2274     1962    -3250        f
2275     1962    -3250        f
2276     1962    -3250        f
2277     1962    -3250        f
2278     1962    -3250        f
2279     1962    -3250        f
2280     1962    -3250        f
2281     1962    -3250        f
2282     1962    -3250        f
2283     1962    -3250        f
2284     1962    -3250        f
2285     1962    -3250        f
2286     1962    -3250        f
2287     1962    -3250        f
2288     1962    -3250        f
2289     1962    -3250        f
2290     1962    -3250        f
2291     1962    -3250        f
2292     1962    -3250        f
2293     1962    -3250        f
2294     1962    -3250        f
2295     1962    -3250        f
2296     1962    -3250        f
2297     1962    -3250        f
2298     1962    -3250        f
2299     1962    -3250        f
2300     1962    -3250        f
2301     1962    -3250        r
2302     1962    -3250        r
2303     1962    -3250        r
2304     1962    -3250        r
2305     1962    -3250        f
2306     1887    -3251        f
2307     1814    -3253        f
2308     1747    -3254        f
2309     1682    -3257        f
2310     1619    -3258        f
2311     1560    -3260        f
2312     1503    -3261        f
2313     1449    -3261        f
2314     1397    -3264        f
2315     1348    -3265        f
2316     1300    -3265        f
2317     1255    -3267        f
2318     1212    -3268        f
2319     1171    -3269        f
2320     1132    -3270        f
2321     1094    -3271        f
2322     1058    -3272        f
2323     1024    -3272        f
2324     992    -3274        f
2325     960    -3275        f
2326     931    -3275        f
2327     902    -3276        f
2328     875    -3277        f
2329     849    -3278        f
2330     824    -3278        f
2331     801    -3279        f
2332     778    -3279        f
2333     757    -3279        f
2334     736    -3279        f
2335     716    -3281        f
2336     698    -3281        f
2337     680    -3282        f
2338     663    -3282        f
2339     646    -3283        f
2340     631    -3283        f
2341     616    -3283        f
2342     602    -3284        f
2343     588    -3284        f
2344     575    -3284        f
2345     563    -3285        f
2346     551    -3285        f
2347     540    -3285        f
2348     529    -3286        f
2349     519    -3286        f
2350     509    -3286        f
2351     499    -3286        f
2352     490    -3286        f
2353     482    -3286        f
2354     474    -3286        f
2355     466    -3286        f
2356     458    -3286        f
2357     451    -3288        f
2358     445    -3288        f
2359     438    -3288        f
2360     432    -3288        f
2361     426    -3288        f
2362     420    -3288        f
2363     415    -3289        f
2364     409    -3289        f
2365     405    -3289        f
2366     400    -3289        f
2367     396    -3289        f
2368     391    -3289        f
2369     387    -3289        f
2370     387    -3289        l
2371     387    -3289        l
2372     387    -3289        l
2373     387    -3289        f
2374     432    -3227        f
2375     475    -3168        f
2376     517    -3112        f
2377     556    -3058        f
2378     593    -3007        f
2379     629    -2958        f
2380     664    -2911        f
2381     696    -2866        f
2382     728    -2823        f
2383     758    -2782        f
2384     786    -2743        f
2385     814    -2706        f
2386     840    -2671        f
2387     864    -2637        f
2388     888    -2604        f
2389     911    -2573        f
2390     932    -2544        f
2391     952    -2515        f
2392     973    -2488        f
2393     991    -2463        f
2394     1009    -2438        f
2395     1027    -2414        f
2396     1043    -2392        f
2397     1059    -2371        f
2398     1074    -2350        f
2399     1088    -2331        f
