step   ball_X    ball_Y    side
56     0    0        f
57     0    0        f
58     0    0        f
59     0    0        f
60     0    0        f
61     0    0        f
62     0    0        f
63     0    0        f
64     0    0        f
65     0    0        f
66     0    0        f
67     0    0        f
68     0    0        f
69     0    0        f
70     0    0        f
71     0    0        f
72     0    0        f
73     0    0        f
74     0    0        f
75     0    0        f
76     0    0        f
77     0    0        f
78     0    0        f
79     0    0        f
80     0    0        f
81     0    0        f
82     0    0        f
83     0    0        f
84     0    0        f
85     0    0        f
86     0    0        f
87     0    0        f
88     0    0        f
89     0    0        f
90     0    0        f
91     0    0        f
92     0    0        f
93     0    0        f
94     0    0        f
95     0    0        f
96     0    0        f
97     0    0        f
98     0    0        f
99     0    0        f
100     0    0        f
101     0    0        f
102     0    0        f
103     0    0        f
104     0    0        f
105     0    0        l
106     0    0        l
107     0    0        l
108     0    0        l
109     0    0        l
110     0    0        l
111     0    0        l
112     0    0        f
113     69    32        f
114     135    62        f
115     199    91        f
116     259    119        f
117     317    146        f
118     372    171        f
119     425    196        f
120     475    219        f
121     523    241        f
122     569    263        f
123     612    283        f
124     654    302        f
125     694    321        f
126     732    338        f
127     769    355        f
128     802    371        f
129     836    387        f
130     868    401        f
131     899    416        f
132     927    429        f
133     955    442        f
134     982    454        f
135     1007    466        f
136     1031    476        f
137     1054    488        f
138     1076    498        f
139     1097    508        f
140     1117    517        f
141     1136    526        f
142     1154    534        f
143     1172    542        f
144     1188    550        f
145     1204    557        f
146     1220    565        f
147     1234    571        f
148     1248    578        f
149     1248    578        r
150     1248    578        f
151     1188    476        f
152     1131    381        f
153     1076    289        f
154     1024    202        f
155     974    118        f
156     927    38        f
157     881    -37        f
158     838    -110        f
159     796    -179        f
160     756    -246        f
161     718    -309        f
162     682    -370        f
163     647    -428        f
164     614    -483        f
165     583    -536        f
166     583    -536        r
167     583    -536        f
168     509    -475        f
169     441    -417        f
170     375    -362        f
171     312    -310        f
172     250    -259        f
173     194    -211        f
174     139    -165        f
175     86    -122        f
176     86    -122        l
177     86    -122        f
178     117    -43        f
179     146    30        f
180     173    102        f
181     200    170        f
182     225    235        f
183     249    297        f
184     272    357        f
185     294    413        f
186     315    467        f
187     335    519        f
188     354    569        f
189     373    616        f
190     390    661        f
191     390    661        l
192     390    661        f
193     434    517        f
194     476    381        f
195     517    250        f
196     555    125        f
197     592    6        f
198     627    -106        f
199     661    -215        f
200     693    -319        f
201     724    -417        f
202     753    -512        f
203     781    -602        f
204     781    -602        l
205     781    -602        f
206     857    -607        f
207     930    -611        f
208     1000    -615        f
209     1066    -619        f
210     1130    -622        f
211     1190    -626        f
212     1248    -629        f
213     1304    -632        f
214     1356    -635        f
215     1407    -638        f
216     1455    -641        f
217     1501    -644        f
218     1544    -646        f
219     1586    -649        f
220     1626    -651        f
221     1664    -653        f
222     1701    -655        f
223     1736    -657        f
224     1769    -659        f
225     1801    -661        f
226     1830    -663        f
227     1860    -664        f
228     1888    -666        f
229     1914    -668        f
230     1939    -669        f
231     1963    -670        f
232     1986    -672        f
233     2007    -673        f
234     2029    -674        f
235     2050    -675        f
236     2069    -677        f
237     2087    -678        f
238     2105    -679        f
239     2121    -680        f
240     2137    -681        f
241     2152    -681        f
242     2167    -682        f
243     2181    -683        f
244     2194    -684        f
245     2207    -685        f
246     2219    -685        f
247     2231    -686        f
248     2242    -687        f
249     2252    -687        f
250     2262    -688        f
251     2272    -688        f
252     2281    -689        f
253     2290    -689        f
254     2298    -690        f
255     2306    -690        f
256     2314    -691        f
257     2321    -691        f
258     2328    -692        f
259     2335    -692        f
260     2341    -692        f
261     2347    -693        f
262     2353    -693        f
263     2358    -693        f
264     2364    -694        f
265     2364    -694        l
266     2364    -694        l
267     2364    -694        f
268     2508    -652        f
269     2646    -613        f
270     2777    -575        f
271     2902    -539        f
272     3022    -505        f
273     3137    -472        f
274     3246    -441        f
275     3351    -411        f
276     3451    -382        f
277     3546    -355        f
278     3636    -329        f
279     3724    -304        f
280     3807    -280        f
281     3886    -257        f
282     3961    -236        f
283     4034    -215        f
284     4103    -195        f
285     4169    -176        f
286     4232    -158        f
287     4232    -158        r
288     4232    -158        f
289     4100    -88        f
290     3974    -20        f
291     3853    43        f
292     3738    105        f
293     3628    164        f
294     3522    220        f
295     3422    274        f
296     3327    325        f
297     3235    374        f
298     3148    421        f
299     3064    466        f
300     0    0        f
300     0    0        f
300     0    0        f
300     0    0        f
300     0    0        f
300     0    0        f
300     0    0        f
300     0    0        f
300     0    0        f
300     0    0        f
300     0    0        f
300     0    0        f
300     0    0        f
300     0    0        f
300     0    0        f
300     0    0        f
300     0    0        f
300     0    0        f
300     0    0        f
300     0    0        f
300     0    0        f
300     0    0        f
300     0    0        f
300     0    0        f
300     0    0        f
300     0    0        f
300     0    0        f
300     0    0        f
300     0    0        f
300     0    0        f
300     0    0        f
300     0    0        f
300     0    0        f
300     0    0        f
300     0    0        f
300     0    0        f
300     0    0        f
300     0    0        f
300     0    0        f
300     0    0        f
300     0    0        f
300     0    0        f
300     0    0        f
300     0    0        f
300     0    0        f
300     0    0        f
300     0    0        f
300     0    0        f
300     0    0        f
300     0    0        f
300     0    0        f
300     0    0        f
300     0    0        f
300     0    0        f
300     0    0        f
300     0    0        f
300     0    0        f
300     0    0        f
300     0    0        f
300     0    0        f
300     0    0        f
300     0    0        f
300     0    0        f
300     0    0        f
300     0    0        f
300     0    0        f
300     0    0        f
300     0    0        f
300     0    0        f
300     0    0        f
300     0    0        f
300     0    0        f
300     0    0        f
300     0    0        f
300     0    0        f
300     0    0        f
300     0    0        f
300     0    0        f
300     0    0        f
300     0    0        f
300     0    0        f
300     0    0        f
300     0    0        f
300     0    0        f
300     0    0        f
300     0    0        f
300     0    0        f
300     0    0        f
300     0    0        f
300     0    0        f
300     0    0        f
300     0    0        f
300     0    0        f
300     0    0        f
300     0    0        f
300     0    0        f
300     0    0        f
300     0    0        f
300     0    0        f
300     0    0        f
300     0    0        f
300     0    0        f
301     0    0        f
302     0    0        f
303     0    0        f
304     0    0        f
305     0    0        f
306     0    0        f
307     0    0        f
308     0    0        f
309     0    0        f
310     0    0        f
311     0    0        f
312     0    0        f
313     0    0        f
314     0    0        f
315     0    0        f
316     0    0        f
317     0    0        f
318     0    0        f
319     0    0        f
320     0    0        f
321     0    0        f
322     0    0        f
323     0    0        f
324     0    0        f
325     0    0        f
326     0    0        f
327     0    0        f
328     0    0        f
329     0    0        f
330     0    0        f
331     0    0        f
332     0    0        f
333     0    0        f
334     0    0        f
335     0    0        f
336     0    0        f
337     0    0        f
338     0    0        f
339     0    0        f
340     0    0        f
341     0    0        f
342     0    0        f
343     0    0        f
344     0    0        f
345     0    0        f
346     0    0        f
347     0    0        f
348     0    0        f
349     0    0        f
350     0    0        f
351     0    0        f
352     0    0        f
353     0    0        f
354     0    0        f
355     0    0        f
356     0    0        f
357     0    0        f
358     0    0        f
359     0    0        f
360     0    0        f
361     0    0        f
362     0    0        f
363     0    0        f
364     0    0        f
365     0    0        f
366     0    0        f
367     0    0        f
368     0    0        f
369     0    0        f
370     0    0        f
371     0    0        f
372     0    0        f
373     0    0        f
374     0    0        f
375     0    0        f
376     0    0        f
377     0    0        f
378     0    0        f
379     0    0        f
380     0    0        f
381     0    0        f
382     0    0        f
383     0    0        f
384     0    0        f
385     0    0        f
386     0    0        f
387     0    0        f
388     0    0        f
389     0    0        f
390     0    0        f
391     0    0        f
392     0    0        f
393     0    0        f
394     0    0        f
395     0    0        f
396     0    0        f
397     0    0        f
398     0    0        f
399     0    0        f
400     0    0        f
401     0    0        f
402     0    0        f
403     0    0        f
404     0    0        f
405     0    0        r
406     0    0        r
407     0    0        f
408     -76    8        f
409     -148    16        f
410     -218    23        f
411     -284    30        f
412     -347    37        f
413     -408    44        f
414     -465    50        f
415     -521    56        f
416     -573    62        f
417     -624    67        f
418     -672    72        f
419     -718    77        f
420     -762    82        f
421     -802    86        f
422     -843    91        f
423     -882    95        f
424     -918    99        f
425     -952    103        f
426     -986    106        f
427     -1018    110        f
428     -1048    112        f
429     -1077    115        f
430     -1105    119        f
431     -1131    122        f
432     -1156    125        f
433     -1181    127        f
434     -1204    130        f
435     -1226    132        f
436     -1247    134        f
437     -1267    137        f
438     -1286    139        f
439     -1304    141        f
440     -1322    143        f
441     -1338    144        f
442     -1354    146        f
443     -1369    148        f
444     -1384    149        f
445     -1398    151        f
446     -1411    152        f
447     -1424    154        f
448     -1436    155        f
449     -1447    156        f
450     -1458    157        f
451     -1469    158        f
452     -1479    159        f
453     -1489    161        f
454     -1498    162        f
455     -1506    162        f
456     -1515    163        f
457     -1523    164        f
458     -1530    165        f
459     -1538    166        f
460     -1545    167        f
461     -1551    167        f
462     -1557    168        f
463     -1563    169        f
464     -1569    169        f
465     -1575    170        f
466     -1580    170        f
467     -1585    171        f
468     -1590    172        f
469     -1594    172        f
470     -1599    173        f
471     -1603    173        f
472     -1603    173        l
473     -1603    173        l
474     -1603    173        f
475     -1531    198        f
476     -1462    223        f
477     -1396    246        f
478     -1333    268        f
479     -1273    289        f
480     -1216    310        f
481     -1161    329        f
482     -1109    348        f
483     -1059    365        f
484     -1011    382        f
485     -966    398        f
486     -922    413        f
487     -881    428        f
488     -841    442        f
489     -802    455        f
490     -767    468        f
491     -732    480        f
492     -699    492        f
493     -667    504        f
494     -637    514        f
495     -608    524        f
496     -581    534        f
497     -555    543        f
498     -529    552        f
499     -505    561        f
500     -483    569        f
501     -461    577        f
502     -440    584        f
503     -420    591        f
504     -401    598        f
505     -383    604        f
506     -365    610        f
507     -349    616        f
508     -333    622        f
509     -317    627        f
510     -303    632        f
511     -289    637        f
512     -276    642        f
513     -263    646        f
514     -250    651        f
515     -240    655        f
516     -229    659        f
517     -218    662        f
518     -208    666        f
519     -199    669        f
520     -190    673        f
521     -190    673        l
522     -190    673        r
523     -190    673        r
524     -190    673        l
525     -190    673        l
526     -190    673        l
527     -190    673        l
528     -190    673        l
529     -190    673        l
530     -190    673        l
531     -190    673        l
532     -190    673        l
533     -190    673        r
534     -190    673        r
535     -190    673        l
536     -190    673        l
537     -190    673        l
538     -190    673        l
539     -190    673        l
540     -190    673        l
541     -190    673        l
542     -190    673        l
543     -190    673        l
544     -190    673        l
545     -190    673        r
546     -190    673        f
547     -265    658        f
548     -337    645        f
549     -405    632        f
550     -471    619        f
551     -533    607        f
552     -593    596        f
553     -650    585        f
554     -704    575        f
555     -756    565        f
556     -806    556        f
557     -852    547        f
558     -898    538        f
559     -942    530        f
560     -983    522        f
561     -1022    514        f
562     -1060    507        f
563     -1096    501        f
564     -1130    494        f
565     -1163    488        f
566     -1194    482        f
567     -1224    476        f
568     -1253    471        f
569     -1280    466        f
570     -1306    461        f
571     -1331    455        f
572     -1355    451        f
573     -1378    447        f
574     -1399    443        f
575     -1420    438        f
576     -1440    434        f
577     -1459    432        f
578     -1477    428        f
579     -1494    425        f
580     -1510    422        f
581     -1526    419        f
582     -1541    416        f
583     -1555    413        f
584     -1569    411        f
585     -1582    408        f
586     -1594    405        f
587     -1605    404        f
588     -1618    401        f
589     -1629    399        f
590     -1639    397        f
591     -1648    395        f
592     -1657    394        f
593     -1667    392        f
594     -1676    390        f
595     -1684    389        f
596     -1692    387        f
597     -1698    386        f
598     -1707    384        f
599     -1713    383        f
