step   ball_X    ball_Y    side
0     0    0        f
0     0    0        f
0     0    0        f
0     0    0        f
0     0    0        f
0     0    0        f
0     0    0        f
0     0    0        f
0     0    0        f
0     0    0        f
0     0    0        f
0     0    0        f
0     0    0        f
0     0    0        f
0     0    0        f
0     0    0        f
0     0    0        f
0     0    0        f
0     0    0        f
0     0    0        f
0     0    0        f
0     0    0        f
0     0    0        f
0     0    0        f
0     0    0        f
0     0    0        f
0     0    0        f
0     0    0        f
0     0    0        f
0     0    0        f
0     0    0        f
0     0    0        f
0     0    0        f
0     0    0        f
0     0    0        f
0     0    0        f
0     0    0        f
0     0    0        f
0     0    0        f
0     0    0        f
0     0    0        f
0     0    0        f
0     0    0        f
0     0    0        f
0     0    0        f
0     0    0        f
0     0    0        f
0     0    0        f
0     0    0        f
0     0    0        f
0     0    0        f
0     0    0        f
0     0    0        f
0     0    0        f
0     0    0        f
0     0    0        f
0     0    0        f
0     0    0        f
0     0    0        f
0     0    0        f
0     0    0        f
0     0    0        f
0     0    0        f
0     0    0        f
0     0    0        f
0     0    0        f
0     0    0        f
0     0    0        f
0     0    0        f
0     0    0        f
0     0    0        f
0     0    0        f
0     0    0        f
0     0    0        f
0     0    0        f
0     0    0        f
0     0    0        f
0     0    0        f
0     0    0        f
0     0    0        f
0     0    0        f
0     0    0        f
0     0    0        f
0     0    0        f
0     0    0        f
0     0    0        f
0     0    0        f
0     0    0        f
0     0    0        f
0     0    0        f
0     0    0        f
0     0    0        f
0     0    0        f
0     0    0        f
0     0    0        f
0     0    0        f
0     0    0        f
0     0    0        f
0     0    0        f
0     0    0        f
0     0    0        f
1     0    0        f
2     0    0        f
3     0    0        f
4     0    0        f
5     0    0        f
6     0    0        f
7     0    0        f
8     0    0        f
9     0    0        f
10     0    0        f
11     0    0        f
12     0    0        f
13     0    0        f
14     0    0        f
15     0    0        f
16     0    0        f
17     0    0        f
18     0    0        f
19     0    0        f
20     0    0        f
21     0    0        f
22     0    0        f
23     0    0        f
24     0    0        f
25     0    0        f
26     0    0        f
27     0    0        f
28     0    0        f
29     0    0        f
30     0    0        f
31     0    0        f
32     0    0        f
33     0    0        f
34     0    0        f
35     0    0        f
36     0    0        f
37     0    0        f
38     0    0        f
39     0    0        f
40     0    0        f
41     0    0        f
42     0    0        f
43     0    0        f
44     0    0        f
45     0    0        f
46     0    0        f
47     0    0        f
48     0    0        f
49     0    0        f
50     0    0        f
51     0    0        f
52     0    0        f
53     0    0        f
54     0    0        f
55     0    0        f
56     0    0        f
57     0    0        f
58     0    0        f
59     0    0        f
60     0    0        f
61     0    0        f
62     0    0        f
63     0    0        f
64     0    0        f
65     0    0        f
66     0    0        f
67     0    0        f
68     0    0        f
69     0    0        f
70     0    0        f
71     0    0        f
72     0    0        f
73     0    0        f
74     0    0        f
75     0    0        f
76     0    0        f
77     0    0        f
78     0    0        f
79     0    0        f
80     0    0        f
81     0    0        f
82     0    0        f
83     0    0        f
84     0    0        f
85     0    0        f
86     0    0        f
87     0    0        f
88     0    0        f
89     0    0        f
90     0    0        f
91     0    0        f
92     0    0        f
93     0    0        f
94     0    0        f
95     0    0        f
96     0    0        f
97     0    0        f
98     0    0        f
99     0    0        f
100     0    0        f
101     0    0        f
102     0    0        f
103     0    0        f
104     0    0        f
105     0    0        l
106     0    0        l
107     0    0        l
108     0    0        l
109     0    0        l
110     0    0        l
111     0    0        l
112     0    0        l
113     0    0        l
114     0    0        l
115     0    0        l
116     0    0        l
117     0    0        f
118     74    18        f
119     145    35        f
120     213    51        f
121     213    51        r
122     213    51        r
123     213    51        f
124     136    54        f
125     63    56        f
126     -6    57        f
127     -72    60        f
128     -136    62        f
129     -197    64        f
130     -254    66        f
131     -310    68        f
132     -363    69        f
133     -413    71        f
134     -461    72        f
135     -508    74        f
136     -552    75        f
137     -594    77        f
138     -634    78        f
139     -672    79        f
140     -709    80        f
141     -744    81        f
142     -777    82        f
143     -809    83        f
144     -839    84        f
145     -868    85        f
146     -896    86        f
147     -922    87        f
148     -948    88        f
149     -972    88        f
150     -994    89        f
151     -1017    90        f
152     -1038    90        f
153     -1058    91        f
154     -1077    92        f
155     -1096    92        f
156     -1113    93        f
157     -1130    93        f
158     -1146    94        f
159     -1161    94        f
160     -1176    95        f
161     -1190    95        f
162     -1203    96        f
163     -1216    96        f
164     -1228    96        f
165     -1239    97        f
166     -1250    97        f
167     -1261    97        f
168     -1271    98        f
169     -1281    98        f
170     -1290    98        f
171     -1299    99        f
172     -1307    99        f
173     -1315    99        f
174     -1322    99        f
175     -1330    100        f
176     -1337    100        f
177     -1343    100        f
178     -1350    100        f
179     -1356    100        f
180     -1362    101        f
181     -1367    101        f
182     -1372    101        f
183     -1377    101        f
184     -1382    101        f
185     -1387    101        f
186     -1391    101        f
187     -1391    101        l
188     -1391    101        l
189     -1391    101        l
190     -1391    101        f
191     -1323    136        f
192     -1257    168        f
193     -1257    168        l
194     -1257    168        l
195     -1257    168        f
196     -1182    181        f
197     -1110    193        f
198     -1041    204        f
199     -975    215        f
200     -911    225        f
201     -852    236        f
202     -795    245        f
203     -740    254        f
204     -688    263        f
205     -638    271        f
206     -591    279        f
207     -545    287        f
208     -501    294        f
209     -459    301        f
210     -420    307        f
211     -383    314        f
212     -346    320        f
213     -312    325        f
214     -279    331        f
215     -247    336        f
216     -217    341        f
217     -188    346        f
218     -161    351        f
219     -135    355        f
220     -109    359        f
221     -85    363        f
222     -63    367        f
223     -41    370        f
224     -20    374        f
225     0    377        f
226     18    380        f
227     36    383        f
228     54    386        f
229     70    389        f
230     86    392        f
231     101    394        f
232     114    397        f
233     129    399        f
234     142    401        f
235     155    403        f
236     167    405        f
237     178    407        f
238     189    409        f
239     200    411        f
240     210    412        f
241     219    413        f
242     227    415        f
243     237    417        f
244     245    418        f
245     252    420        f
246     261    421        f
247     268    422        f
248     275    423        f
249     275    423        r
250     275    423        r
251     275    423        r
252     275    423        f
253     213    378        f
254     154    335        f
255     98    294        f
256     44    254        f
257     -7    218        f
258     -56    182        f
259     -103    148        f
260     -148    115        f
261     -191    85        f
262     -231    55        f
263     -271    27        f
264     -309    0        f
265     -344    -25        f
266     -379    -50        f
267     -411    -73        f
268     -442    -96        f
269     -472    -118        f
270     -500    -138        f
271     -528    -158        f
272     -553    -176        f
273     -578    -194        f
274     -602    -211        f
275     -624    -227        f
276     -646    -243        f
277     -666    -258        f
278     -686    -272        f
279     -705    -286        f
280     -722    -299        f
281     -740    -311        f
282     -756    -323        f
283     -771    -335        f
284     -786    -345        f
285     -801    -356        f
286     -814    -365        f
287     -827    -375        f
288     -840    -384        f
289     -851    -392        f
290     -863    -401        f
291     -873    -408        f
292     -884    -416        f
293     -893    -423        f
294     -902    -430        f
295     -911    -436        f
296     -919    -443        f
297     -919    -443        r
298     -919    -443        r
299     -919    -443        r
300     -919    -443        f
301     -919    -443        f
302     -919    -443        f
303     -919    -443        f
304     -919    -443        f
305     -919    -443        f
306     -919    -443        f
307     -919    -443        f
308     -919    -443        f
309     -919    -443        f
310     -919    -443        f
311     -919    -443        f
312     -919    -443        f
313     -919    -443        f
314     -919    -443        f
315     -919    -443        f
316     -919    -443        l
317     -919    -443        l
318     -919    -443        l
319     -919    -443        f
320     -849    -469        f
321     -780    -495        f
322     -715    -519        f
323     -653    -542        f
324     -593    -565        f
325     -536    -586        f
326     -482    -606        f
327     -430    -625        f
328     -380    -644        f
329     -333    -661        f
330     -287    -678        f
331     -244    -694        f
332     -202    -710        f
333     -164    -724        f
334     -126    -738        f
335     -90    -752        f
336     -56    -764        f
337     -23    -776        f
338     8    -788        f
339     37    -799        f
340     66    -810        f
341     93    -819        f
342     119    -830        f
343     144    -839        f
344     168    -848        f
345     191    -856        f
346     213    -864        f
347     233    -872        f
348     252    -878        f
349     272    -886        f
350     290    -893        f
351     307    -899        f
352     324    -905        f
353     340    -911        f
354     355    -917        f
355     369    -922        f
356     383    -927        f
357     396    -932        f
358     408    -936        f
359     420    -941        f
360     432    -944        f
361     443    -950        f
362     453    -952        f
363     463    -957        f
364     473    -961        f
365     482    -964        f
366     490    -967        f
367     499    -969        f
368     505    -973        f
369     514    -976        f
370     521    -978        f
371     528    -981        f
372     535    -984        f
373     541    -986        f
374     547    -988        f
375     553    -990        f
376     558    -992        f
377     563    -994        f
378     568    -996        f
379     573    -998        f
380     573    -998        l
381     573    -998        l
382     573    -998        r
383     573    -998        r
384     573    -998        l
385     573    -998        r
386     573    -998        l
387     573    -998        l
388     573    -998        l
389     573    -998        r
390     573    -998        r
391     573    -998        l
392     573    -998        l
393     573    -998        l
394     573    -998        r
395     573    -998        l
396     573    -998        r
397     573    -998        r
398     573    -998        r
399     573    -998        r
400     573    -998        r
401     573    -998        r
402     573    -998        r
403     573    -998        r
404     573    -998        r
405     573    -998        r
406     573    -998        r
407     573    -998        r
408     573    -998        r
409     573    -998        r
410     573    -998        r
411     573    -998        r
412     573    -998        r
413     573    -998        r
414     573    -998        r
415     573    -998        r
416     573    -998        r
417     573    -998        r
418     573    -998        r
419     573    -998        r
420     573    -998        r
421     573    -998        r
422     573    -998        r
423     573    -998        r
424     573    -998        r
425     573    -998        r
426     573    -998        r
427     573    -998        r
428     573    -998        r
429     573    -998        l
430     573    -998        l
431     573    -998        r
432     573    -998        l
433     573    -998        r
434     573    -998        r
435     573    -998        f
436     509    -956        f
437     509    -956        r
438     509    -956        r
439     509    -956        r
440     509    -956        r
441     509    -956        r
442     509    -956        r
443     509    -956        r
444     509    -956        r
445     509    -956        r
446     509    -956        r
447     509    -956        f
448     436    -935        f
449     365    -915        f
450     298    -896        f
451     234    -877        f
452     173    -860        f
453     114    -844        f
454     59    -827        f
455     6    -813        f
456     -44    -798        f
457     -93    -785        f
458     -139    -771        f
459     -183    -759        f
460     -225    -747        f
461     -266    -735        f
462     -304    -724        f
463     -341    -714        f
464     -376    -704        f
465     -409    -694        f
466     -442    -685        f
467     -472    -677        f
468     -501    -668        f
469     -529    -660        f
470     -556    -653        f
471     -581    -646        f
472     -606    -639        f
473     -629    -632        f
474     -651    -626        f
475     -672    -620        f
476     -692    -614        f
477     -712    -608        f
478     -730    -603        f
479     -748    -598        f
480     -765    -593        f
481     -781    -589        f
482     -796    -584        f
483     -811    -580        f
484     -825    -576        f
485     -838    -572        f
486     -851    -569        f
487     -863    -565        f
488     -875    -562        f
489     -886    -559        f
490     -896    -556        f
491     -907    -553        f
492     -916    -550        f
493     -925    -548        f
494     -934    -545        f
495     -943    -543        f
496     -951    -540        f
497     -958    -538        f
498     -966    -536        f
499     -973    -534        f
500     -978    -532        f
501     -986    -530        f
502     -986    -530        r
503     -986    -530        r
504     -986    -530        r
505     -986    -530        f
506     -1062    -529        f
507     -1135    -528        f
508     -1205    -526        f
509     -1272    -525        f
510     -1335    -524        f
511     -1396    -523        f
512     -1454    -521        f
513     -1509    -520        f
514     -1562    -519        f
515     -1613    -518        f
516     -1661    -518        f
517     -1707    -517        f
518     -1751    -516        f
519     -1793    -515        f
520     -1832    -514        f
521     -1872    -514        f
522     -1907    -513        f
523     -1943    -512        f
524     -1977    -512        f
525     -2009    -511        f
526     -2039    -509        f
527     -2068    -509        f
528     -2096    -509        f
529     -2122    -509        f
530     -2148    -508        f
531     -2172    -508        f
532     -2195    -507        f
533     -2217    -507        f
534     -2238    -507        f
535     -2258    -505        f
536     -2278    -505        f
537     -2296    -505        f
538     -2313    -505        f
539     -2330    -505        f
540     -2346    -505        f
541     -2362    -504        f
542     -2376    -504        f
543     -2390    -504        f
544     -2403    -503        f
545     -2416    -503        f
546     -2428    -503        f
547     -2440    -503        f
548     -2451    -503        f
549     -2462    -501        f
550     -2472    -501        f
551     -2481    -501        f
552     -2491    -501        f
553     -2500    -501        f
554     -2508    -501        f
555     -2516    -501        f
556     -2524    -501        f
557     -2531    -501        f
558     -2538    -501        f
559     -2545    -501        f
560     -2551    -501        f
561     -2557    -501        f
562     -2563    -500        f
563     -2569    -500        f
564     -2569    -500        l
565     -2569    -500        l
566     -2569    -500        l
567     -2569    -500        l
568     -2569    -500        l
569     -2569    -500        l
570     -2569    -500        l
571     -2569    -500        l
572     -2569    -500        l
573     -2569    -500        l
574     -2569    -500        l
575     -2569    -500        l
576     -2569    -500        l
577     -2569    -500        l
578     -2569    -500        r
579     -2569    -500        l
580     -2569    -500        l
581     -2569    -500        l
582     -2569    -500        f
583     -2714    -466        f
584     -2714    -466        l
585     -2714    -466        l
586     -2714    -466        l
587     -2714    -466        l
588     -2714    -466        l
589     -2714    -466        l
590     -2714    -466        l
591     -2714    -466        l
592     -2714    -466        l
593     -2714    -466        l
594     -2714    -466        l
595     -2714    -466        l
596     -2714    -466        l
597     -2714    -466        l
598     -2714    -466        l
599     -2714    -466        l
600     -2714    -466        l
601     -2714    -466        l
602     -2714    -466        l
603     -2714    -466        l
604     -2714    -466        l
605     -2714    -466        l
606     -2714    -466        l
607     -2714    -466        l
608     -2714    -466        l
609     -2714    -466        l
610     -2714    -466        l
611     -2714    -466        l
612     -2714    -466        l
613     -2714    -466        l
614     -2714    -466        l
615     -2714    -466        l
616     -2714    -466        l
617     -2714    -466        f
618     -2638    -466        f
619     -2565    -467        f
620     -2495    -467        f
621     -2429    -468        f
622     -2365    -468        f
623     -2304    -469        f
624     -2246    -469        f
625     -2191    -469        f
626     -2138    -470        f
627     -2087    -470        f
628     -2039    -470        f
629     -1993    -471        f
630     -1948    -471        f
631     -1907    -471        f
632     -1867    -472        f
633     -1828    -472        f
634     -1792    -472        f
635     -1757    -472        f
636     -1723    -473        f
637     -1692    -473        f
638     -1661    -473        f
639     -1632    -473        f
640     -1605    -473        f
641     -1578    -474        f
642     -1553    -474        f
643     -1529    -474        f
644     -1506    -474        f
645     -1484    -474        f
646     -1463    -474        f
647     -1443    -475        f
648     -1423    -475        f
649     -1405    -475        f
650     -1388    -475        f
651     -1371    -475        f
652     -1355    -475        f
653     -1340    -475        f
654     -1325    -475        f
655     -1311    -476        f
656     -1298    -476        f
657     -1286    -476        f
658     -1274    -476        f
659     -1262    -476        f
660     -1251    -476        f
661     -1240    -476        f
662     -1230    -476        f
663     -1230    -476        l
664     -1230    -476        l
665     -1230    -476        l
666     -1230    -476        l
667     -1230    -476        f
668     -1160    -507        f
669     -1093    -536        f
670     -1029    -564        f
671     -968    -591        f
672     -910    -617        f
673     -853    -641        f
674     -801    -664        f
675     -750    -687        f
676     -702    -708        f
677     -656    -728        f
678     -612    -748        f
679     -569    -766        f
680     -529    -784        f
681     -491    -801        f
682     -454    -817        f
683     -419    -832        f
684     -386    -847        f
685     -354    -861        f
686     -323    -875        f
687     -294    -888        f
688     -266    -900        f
689     -240    -911        f
690     -214    -923        f
691     -190    -933        f
692     -167    -944        f
693     -145    -952        f
694     -124    -963        f
695     -103    -971        f
696     -84    -980        f
697     -66    -988        f
698     -48    -996        f
699     -31    -1002        f
700     -15    -1010        f
701     0    -1017        f
702     14    -1023        f
703     27    -1029        f
704     41    -1035        f
705     53    -1041        f
706     66    -1046        f
707     77    -1051        f
708     88    -1056        f
709     99    -1061        f
710     109    -1065        f
711     119    -1070        f
712     128    -1074        f
713     137    -1078        f
714     145    -1081        f
715     153    -1085        f
716     161    -1088        f
717     168    -1091        f
718     168    -1091        r
719     168    -1091        f
720     101    -1055        f
721     36    -1019        f
722     -24    -986        f
723     -83    -956        f
724     -139    -926        f
725     -192    -897        f
726     -243    -869        f
727     -292    -843        f
728     -339    -818        f
729     -383    -794        f
730     -426    -771        f
731     -466    -749        f
732     -505    -728        f
733     -542    -708        f
734     -577    -689        f
735     -611    -671        f
736     -644    -654        f
737     -674    -637        f
738     -704    -621        f
739     -732    -606        f
740     -759    -592        f
741     -784    -578        f
742     -809    -565        f
743     -832    -552        f
744     -853    -540        f
745     -876    -529        f
746     -896    -518        f
747     -916    -507        f
748     -934    -497        f
749     -952    -488        f
750     -969    -479        f
751     -985    -470        f
752     -1000    -462        f
753     -1015    -454        f
754     -1029    -446        f
755     -1029    -446        l
756     -1029    -446        l
757     -1029    -446        l
758     -1029    -446        f
759     -881    -470        f
760     -740    -493        f
761     -605    -515        f
762     -476    -536        f
763     -353    -556        f
764     -235    -575        f
765     -122    -593        f
766     -15    -611        f
767     87    -627        f
768     184    -643        f
769     278    -659        f
770     367    -673        f
771     451    -687        f
772     534    -700        f
773     611    -713        f
774     685    -725        f
775     756    -736        f
776     824    -747        f
777     888    -758        f
778     950    -768        f
779     1009    -777        f
780     1065    -786        f
781     1119    -795        f
782     1170    -802        f
783     1219    -811        f
784     1266    -819        f
785     1310    -826        f
786     1353    -833        f
787     1394    -840        f
788     1432    -846        f
789     1470    -852        f
790     1505    -858        f
791     1539    -864        f
792     1571    -869        f
793     1602    -874        f
794     1632    -878        f
795     1660    -883        f
796     1687    -888        f
797     1712    -892        f
798     1737    -896        f
799     1760    -900        f
800     1782    -902        f
801     1804    -907        f
802     1823    -910        f
803     1844    -913        f
804     1863    -916        f
805     1880    -919        f
806     1897    -922        f
807     1914    -924        f
808     1929    -927        f
809     1944    -928        f
810     1957    -932        f
811     1971    -934        f
812     1984    -936        f
813     1984    -936        r
814     1984    -936        r
815     1984    -936        f
816     1871    -901        f
817     1763    -867        f
818     1660    -835        f
819     1561    -803        f
820     1467    -775        f
821     1377    -747        f
822     1291    -720        f
823     1209    -694        f
824     1131    -670        f
825     1056    -647        f
826     984    -624        f
827     916    -603        f
828     851    -583        f
829     789    -563        f
830     730    -545        f
831     673    -527        f
832     619    -509        f
833     567    -494        f
834     518    -479        f
835     471    -463        f
836     426    -450        f
837     383    -436        f
838     342    -424        f
839     302    -411        f
840     265    -400        f
841     229    -388        f
842     195    -378        f
843     163    -368        f
844     131    -358        f
845     102    -349        f
846     73    -340        f
847     46    -331        f
848     20    -323        f
849     -3    -315        f
850     -27    -308        f
851     -50    -301        f
852     -71    -294        f
853     -92    -288        f
854     -111    -281        f
855     -130    -275        f
856     -148    -270        f
857     -165    -264        f
858     -181    -259        f
859     -197    -254        f
860     -212    -250        f
861     -225    -245        f
862     -240    -241        f
863     -252    -237        f
864     -265    -233        f
865     -277    -229        f
866     -288    -225        f
867     -299    -222        f
868     -299    -222        l
869     -299    -222        l
870     -299    -222        l
871     -299    -222        l
872     -299    -222        r
873     -299    -222        l
874     -299    -222        l
875     -299    -222        l
876     -299    -222        l
877     -299    -222        f
878     -375    -218        f
879     -448    -213        f
880     -518    -209        f
881     -585    -204        f
882     -648    -200        f
883     -709    -198        f
884     -767    -194        f
885     -822    -191        f
886     -875    -188        f
887     -925    -185        f
888     -973    -182        f
889     -1019    -179        f
890     -1063    -176        f
891     -1105    -174        f
892     -1145    -171        f
893     -1183    -169        f
894     -1220    -167        f
895     -1255    -165        f
896     -1288    -163        f
897     -1320    -161        f
898     -1350    -159        f
899     -1379    -157        f
900     -1406    -156        f
901     -1433    -154        f
902     -1458    -152        f
903     -1482    -151        f
904     -1482    -151        r
905     -1482    -151        r
906     -1482    -151        f
907     -1546    -109        f
908     -1607    -69        f
909     -1664    -30        f
910     -1721    5        f
911     -1773    40        f
912     -1825    73        f
913     -1873    105        f
914     -1920    136        f
915     -1964    165        f
916     -2007    192        f
917     -2047    219        f
918     -2086    244        f
919     -2122    268        f
920     -2158    292        f
921     -2191    314        f
922     -2223    335        f
923     -2254    355        f
924     -2283    374        f
925     -2311    392        f
926     -2338    409        f
927     -2363    426        f
928     -2387    443        f
929     -2411    458        f
930     -2433    472        f
931     -2454    486        f
932     -2474    499        f
933     -2493    512        f
934     -2512    524        f
935     -2529    536        f
936     -2546    547        f
937     -2562    557        f
938     -2562    557        l
939     -2562    557        l
940     -2562    557        l
941     -2562    557        f
942     -2488    575        f
943     -2417    593        f
944     -2349    609        f
945     -2284    625        f
946     -2223    640        f
947     -2163    654        f
948     -2107    668        f
949     -2053    681        f
950     -2002    693        f
951     -1953    705        f
952     -1905    717        f
953     -1861    728        f
954     -1818    738        f
955     -1777    748        f
956     -1738    757        f
957     -1701    766        f
958     -1664    775        f
959     -1630    783        f
960     -1599    791        f
961     -1568    799        f
962     -1538    806        f
963     -1510    813        f
964     -1483    819        f
965     -1457    825        f
966     -1432    831        f
967     -1409    836        f
968     -1386    842        f
969     -1365    848        f
970     -1344    852        f
971     -1325    857        f
972     -1306    861        f
973     -1288    866        f
974     -1271    869        f
975     -1255    874        f
976     -1239    877        f
977     -1224    882        f
978     -1210    885        f
979     -1197    888        f
980     -1184    891        f
981     -1172    894        f
982     -1160    897        f
983     -1148    900        f
984     -1138    902        f
985     -1138    902        r
986     -1138    902        r
987     -1138    902        f
988     -1214    909        f
989     -1287    915        f
990     -1356    919        f
991     -1423    926        f
992     -1486    931        f
993     -1546    936        f
994     -1604    940        f
995     -1659    944        f
996     -1712    949        f
997     -1762    952        f
998     -1810    957        f
999     -1855    961        f
1000     -1900    965        f
1001     -1941    968        f
1002     -1980    971        f
1003     -2020    974        f
1004     -2056    977        f
1005     -2091    980        f
1006     -2124    983        f
1007     -2156    985        f
1008     -2156    985        l
1009     -2156    985        f
1010     -2088    949        f
1011     -2023    915        f
1012     -1962    882        f
1013     -1904    851        f
1014     -1847    821        f
1015     -1794    792        f
1016     -1743    765        f
1017     -1694    739        f
1018     -1647    714        f
1019     -1603    691        f
1020     -1560    668        f
1021     -1520    646        f
1022     -1481    626        f
1023     -1444    606        f
1024     -1409    587        f
1025     -1375    569        f
1026     -1343    552        f
1027     -1312    536        f
1028     -1282    520        f
1029     -1254    505        f
1030     -1228    491        f
1031     -1202    476        f
1032     -1178    463        f
1033     -1178    463        l
1034     -1178    463        l
1035     -1178    463        f
1036     -1101    469        f
1037     -1028    473        f
1038     -959    478        f
1039     -892    482        f
1040     -828    486        f
1041     -768    490        f
1042     -710    493        f
1043     -655    497        f
1044     -602    500        f
1045     -552    503        f
1046     -503    505        f
1047     -457    509        f
1048     -413    512        f
1049     -371    514        f
1050     -331    517        f
1051     -293    519        f
1052     -256    522        f
1053     -221    524        f
1054     -188    526        f
1055     -156    528        f
1056     -125    530        f
1057     -96    532        f
1058     -68    533        f
1059     -41    535        f
1060     -16    537        f
1061     7    538        f
1062     30    540        f
1063     52    541        f
1064     73    542        f
1065     94    544        f
1066     112    545        f
1067     131    546        f
1068     149    547        f
1069     166    548        f
1070     182    549        f
1071     197    550        f
1072     212    551        f
1073     225    552        f
1074     239    553        f
1075     252    553        f
1076     264    554        f
1077     275    555        f
1078     286    556        f
1079     297    556        f
1080     307    557        f
1081     317    558        f
1082     326    558        f
1083     335    559        f
1084     343    559        f
1085     351    560        f
1086     359    560        f
1087     366    561        f
1088     373    561        f
1089     380    562        f
1090     386    562        f
1091     392    562        f
1092     398    563        f
1093     404    563        f
1094     409    563        f
1095     413    564        f
1096     419    564        f
1097     424    564        f
1098     424    564        r
1099     424    564        r
1100     424    564        f
1101     351    540        f
1102     282    517        f
1103     282    517        l
1104     282    517        f
1105     358    509        f
1106     430    501        f
1107     500    493        f
1108     566    486        f
1109     629    479        f
1110     689    472        f
1111     747    466        f
1112     802    459        f
1113     853    454        f
1114     905    448        f
1115     952    443        f
1116     998    438        f
1117     1042    433        f
1118     1084    429        f
1119     1123    424        f
1120     1161    420        f
1121     1198    416        f
1122     1232    412        f
1123     1266    409        f
1124     1297    405        f
1125     1327    401        f
1126     1356    399        f
1127     1384    396        f
1128     1410    393        f
1129     1435    390        f
1130     1459    387        f
1131     1482    385        f
1132     1503    382        f
1133     1524    380        f
1134     1544    378        f
1135     1563    376        f
1136     1581    374        f
1137     1598    372        f
1138     1614    370        f
1139     1630    368        f
1140     1646    366        f
1141     1660    365        f
1142     1673    363        f
1143     1687    362        f
1144     1698    360        f
1145     1711    359        f
1146     1723    358        f
1147     1734    357        f
1148     1744    356        f
1149     1754    354        f
1150     1764    353        f
1151     1773    352        f
1152     1780    351        f
1153     1789    350        f
1154     1798    350        f
1155     1805    349        f
1156     1812    348        f
1157     1819    347        f
1158     1826    346        f
1159     1826    346        r
1160     1826    346        r
1161     1826    346        r
1162     1826    346        f
1163     1738    271        f
1164     1655    199        f
1165     1575    130        f
1166     1499    65        f
1167     1426    2        f
1168     1356    -56        f
1169     1290    -113        f
1170     1226    -168        f
1171     1166    -220        f
1172     1108    -270        f
1173     1053    -318        f
1174     1000    -363        f
1175     950    -405        f
1176     902    -448        f
1177     856    -487        f
1178     811    -525        f
1179     770    -561        f
1180     730    -595        f
1181     692    -628        f
1182     656    -659        f
1183     621    -689        f
1184     587    -718        f
1185     556    -745        f
1186     525    -771        f
1187     496    -796        f
1188     469    -819        f
1189     442    -842        f
1190     417    -864        f
1191     393    -885        f
1192     370    -903        f
1193     348    -923        f
1194     327    -941        f
1195     307    -959        f
1196     288    -975        f
1197     270    -991        f
1198     252    -1006        f
1199     235    -1019        f
1200     0    0        f
1200     0    0        f
1200     0    0        f
1200     0    0        f
1200     0    0        f
1200     0    0        f
1200     0    0        f
1200     0    0        f
1200     0    0        f
1200     0    0        f
1200     0    0        f
1200     0    0        f
1200     0    0        f
1200     0    0        f
1200     0    0        f
1200     0    0        f
1200     0    0        f
1200     0    0        f
1200     0    0        f
1200     0    0        f
1200     0    0        f
1200     0    0        f
1200     0    0        f
1200     0    0        f
1200     0    0        f
1200     0    0        f
1200     0    0        f
1200     0    0        f
1200     0    0        f
1200     0    0        f
1200     0    0        f
1200     0    0        f
1200     0    0        f
1200     0    0        f
1200     0    0        f
1200     0    0        f
1200     0    0        f
1200     0    0        f
1200     0    0        f
1200     0    0        f
1200     0    0        f
1200     0    0        f
1200     0    0        f
1200     0    0        f
1200     0    0        f
1200     0    0        f
1200     0    0        f
1200     0    0        f
1200     0    0        f
1200     0    0        f
1200     0    0        f
1200     0    0        f
1200     0    0        f
1200     0    0        f
1200     0    0        f
1200     0    0        f
1200     0    0        f
1200     0    0        f
1200     0    0        f
1200     0    0        f
1200     0    0        f
1200     0    0        f
1200     0    0        f
1200     0    0        f
1200     0    0        f
1200     0    0        f
1200     0    0        f
1200     0    0        f
1200     0    0        f
1200     0    0        f
1200     0    0        f
1200     0    0        f
1200     0    0        f
1200     0    0        f
1200     0    0        f
1200     0    0        f
1200     0    0        f
1200     0    0        f
1200     0    0        f
1200     0    0        f
1200     0    0        f
1200     0    0        f
1200     0    0        f
1200     0    0        f
1200     0    0        f
1200     0    0        f
1200     0    0        f
1200     0    0        f
1200     0    0        f
1200     0    0        f
1200     0    0        f
1200     0    0        f
1200     0    0        f
1200     0    0        f
1200     0    0        f
1200     0    0        f
1200     0    0        f
1200     0    0        f
1200     0    0        f
1200     0    0        f
1200     0    0        f
1200     0    0        f
1201     0    0        f
1202     0    0        f
1203     0    0        f
1204     0    0        f
1205     0    0        f
1206     0    0        f
1207     0    0        f
1208     0    0        f
1209     0    0        f
1210     0    0        f
1211     0    0        f
1212     0    0        f
1213     0    0        f
1214     0    0        f
1215     0    0        f
1216     0    0        f
1217     0    0        f
1218     0    0        f
1219     0    0        f
1220     0    0        f
1221     0    0        f
1222     0    0        f
1223     0    0        f
1224     0    0        f
1225     0    0        f
1226     0    0        f
1227     0    0        f
1228     0    0        f
1229     0    0        f
1230     0    0        f
1231     0    0        f
1232     0    0        f
1233     0    0        f
1234     0    0        f
1235     0    0        f
1236     0    0        f
1237     0    0        f
1238     0    0        f
1239     0    0        f
1240     0    0        f
1241     0    0        f
1242     0    0        f
1243     0    0        f
1244     0    0        f
1245     0    0        f
1246     0    0        f
1247     0    0        f
1248     0    0        f
1249     0    0        f
1250     0    0        f
1251     0    0        f
1252     0    0        f
1253     0    0        f
1254     0    0        f
1255     0    0        f
1256     0    0        f
1257     0    0        f
1258     0    0        f
1259     0    0        f
1260     0    0        f
1261     0    0        f
1262     0    0        f
1263     0    0        f
1264     0    0        f
1265     0    0        f
1266     0    0        f
1267     0    0        f
1268     0    0        f
1269     0    0        f
1270     0    0        f
1271     0    0        f
1272     0    0        f
1273     0    0        f
1274     0    0        f
1275     0    0        f
1276     0    0        f
1277     0    0        f
1278     0    0        f
1279     0    0        f
1280     0    0        f
1281     0    0        f
1282     0    0        f
1283     0    0        f
1284     0    0        f
1285     0    0        f
1286     0    0        f
1287     0    0        f
1288     0    0        f
1289     0    0        f
1290     0    0        f
1291     0    0        f
1292     0    0        f
1293     0    0        f
1294     0    0        f
1295     0    0        f
1296     0    0        f
1297     0    0        f
1298     0    0        f
1299     0    0        f
1300     0    0        f
1301     0    0        f
1302     0    0        f
1303     0    0        f
1304     0    0        f
1305     0    0        r
1306     0    0        r
1307     0    0        f
1308     -70    30        f
1309     -136    60        f
1310     -200    88        f
1311     -261    114        f
1312     -319    140        f
1313     -375    165        f
1314     -428    188        f
1315     -478    210        f
1316     -527    231        f
1317     -573    252        f
1318     -617    271        f
1319     -659    290        f
1320     -699    308        f
1321     -738    325        f
1322     -774    341        f
1323     -809    356        f
1324     -843    371        f
1325     -875    385        f
1326     -905    398        f
1327     -935    411        f
1328     -961    423        f
1329     -989    434        f
1330     -1014    446        f
1331     -1039    457        f
1332     -1062    467        f
1333     -1084    476        f
1334     -1105    486        f
1335     -1125    495        f
1336     -1144    503        f
1337     -1163    512        f
1338     -1180    519        f
1339     -1197    527        f
1340     -1213    534        f
1341     -1228    540        f
1342     -1243    547        f
1343     -1257    553        f
1344     -1270    559        f
1345     -1283    564        f
1346     -1295    570        f
1347     -1307    575        f
1348     -1318    580        f
1349     -1328    584        f
1350     -1339    589        f
1351     -1348    593        f
1352     -1357    597        f
1353     -1366    601        f
1354     -1375    604        f
1355     -1383    608        f
1356     -1390    611        f
1357     -1398    615        f
1358     -1398    615        l
1359     -1398    615        l
1360     -1398    615        f
1361     -1324    594        f
1362     -1254    574        f
1363     -1187    555        f
1364     -1123    537        f
1365     -1061    520        f
1366     -1002    504        f
1367     -947    488        f
1368     -894    473        f
1369     -843    458        f
1370     -794    445        f
1371     -748    432        f
1372     -703    419        f
1373     -661    407        f
1374     -621    396        f
1375     -582    385        f
1376     -545    375        f
1377     -509    365        f
1378     -476    355        f
1379     -476    355        r
1380     -476    355        f
1381     -551    372        f
1382     -622    387        f
1383     -690    401        f
1384     -755    417        f
1385     -818    430        f
1386     -877    443        f
1387     -934    455        f
1388     -988    467        f
1389     -1040    479        f
1390     -1089    490        f
1391     -1136    500        f
1392     -1181    509        f
1393     -1224    519        f
1394     -1266    528        f
1395     -1305    537        f
1396     -1342    545        f
1397     -1378    553        f
1398     -1412    560        f
1399     -1445    567        f
1400     -1476    574        f
1401     -1506    581        f
1402     -1534    587        f
1403     -1562    593        f
1404     -1588    598        f
1405     -1612    604        f
1406     -1636    609        f
1407     -1659    614        f
1408     -1680    619        f
1409     -1701    623        f
1410     -1721    628        f
1411     -1739    632        f
1412     -1757    636        f
1413     -1775    639        f
1414     -1792    643        f
1415     -1807    646        f
1416     -1822    650        f
1417     -1837    653        f
1418     -1850    656        f
1419     -1863    659        f
1420     -1876    661        f
1421     -1888    664        f
1422     -1898    666        f
1423     -1910    669        f
1424     -1920    671        f
1425     -1920    671        r
1426     -1920    671        r
1427     -1920    671        f
1428     -1993    694        f
1429     -2063    716        f
1430     -2129    737        f
1431     -2193    757        f
1432     -2253    776        f
1433     -2311    794        f
1434     -2366    811        f
1435     -2419    827        f
1436     -2469    844        f
1437     -2517    860        f
1438     -2563    874        f
1439     -2607    888        f
1440     -2649    901        f
1441     -2689    914        f
1442     -2727    926        f
1443     -2763    938        f
1444     -2798    949        f
1445     -2831    959        f
1446     -2863    969        f
1447     -2893    978        f
1448     -2922    988        f
1449     -2950    997        f
1450     -2976    1005        f
1451     -3002    1013        f
1452     -3026    1021        f
1453     -3049    1028        f
1454     -3071    1035        f
1455     -3092    1042        f
1456     -3112    1048        f
1457     -3131    1054        f
1458     -3149    1060        f
1459     -3167    1065        f
1460     -3184    1071        f
1461     -3199    1076        f
1462     -3215    1081        f
1463     -3229    1085        f
1464     -3243    1090        f
1465     -3256    1094        f
1466     -3269    1098        f
1467     -3281    1102        f
1468     -3293    1105        f
1469     -3304    1109        f
1470     -3314    1112        f
1471     -3324    1115        f
1472     -3334    1118        f
1473     -3343    1121        f
1474     -3352    1124        f
1475     -3360    1127        f
1476     -3368    1129        f
1477     -3376    1132        f
1478     -3383    1134        f
1479     -3390    1136        f
1480     -3396    1138        f
1481     -3403    1140        f
1482     -3409    1142        f
1483     -3415    1144        f
1484     -3420    1146        f
1485     -3420    1146        l
1486     -3420    1146        l
1487     -3420    1146        l
1488     -3420    1146        f
1489     -3346    1165        f
1490     -3276    1184        f
1491     -3208    1202        f
1492     -3144    1219        f
1493     -3082    1235        f
1494     -3024    1251        f
1495     -2968    1266        f
1496     -2914    1280        f
1497     -2863    1294        f
1498     -2814    1307        f
1499     -2768    1319        f
1500     -2723    1331        f
1501     -2681    1342        f
1502     -2640    1353        f
1503     -2601    1363        f
1504     -2564    1373        f
1505     -2529    1383        f
1506     -2495    1392        f
1507     -2463    1400        f
1508     -2432    1408        f
1509     -2403    1416        f
1510     -2375    1424        f
1511     -2348    1431        f
1512     -2322    1438        f
1513     -2298    1444        f
1514     -2274    1450        f
1515     -2252    1456        f
1516     -2231    1462        f
1517     -2211    1467        f
1518     -2191    1472        f
1519     -2173    1477        f
1520     -2155    1482        f
1521     -2138    1486        f
1522     -2122    1491        f
1523     -2106    1495        f
1524     -2092    1499        f
1525     -2078    1503        f
1526     -2064    1506        f
1527     -2051    1509        f
1528     -2039    1513        f
1529     -2028    1516        f
1530     -2016    1519        f
1531     -2005    1522        f
1532     -1995    1524        f
1533     -1986    1527        f
1534     -1976    1529        f
1535     -1968    1532        f
1536     -1959    1534        f
1537     -1951    1536        f
1538     -1943    1538        f
1539     -1936    1540        f
1540     -1929    1542        f
1541     -1922    1544        f
1542     -1916    1546        f
1543     -1909    1547        f
1544     -1904    1549        f
1545     -1898    1550        f
1546     -1893    1552        f
1547     -1887    1553        f
1548     -1882    1554        f
1549     -1878    1556        f
1550     -1873    1557        f
1551     -1869    1558        f
1552     -1869    1558        l
1553     -1869    1558        l
1554     -1869    1558        r
1555     -1869    1558        r
1556     -1869    1558        r
1557     -1869    1558        f
1558     -1938    1524        f
1559     -2004    1492        f
1560     -2066    1462        f
1561     -2126    1433        f
1562     -2183    1405        f
1563     -2238    1378        f
1564     -2290    1353        f
1565     -2340    1329        f
1566     -2387    1306        f
1567     -2433    1284        f
1568     -2476    1263        f
1569     -2518    1242        f
1570     -2557    1223        f
1571     -2595    1205        f
1572     -2631    1187        f
1573     -2665    1171        f
1574     -2698    1155        f
1575     -2730    1139        f
1576     -2760    1125        f
1577     -2788    1111        f
1578     -2815    1097        f
1579     -2842    1085        f
1580     -2866    1073        f
1581     -2890    1061        f
1582     -2913    1050        f
1583     -2934    1039        f
1584     -2955    1029        f
1585     -2975    1019        f
1586     -2994    1010        f
1587     -3012    1002        f
1588     -3029    993        f
1589     -3045    985        f
1590     -3061    977        f
1591     -3076    969        f
1592     -3090    963        f
1593     -3104    957        f
1594     -3117    950        f
1595     -3129    944        f
1596     -3141    938        f
1597     -3152    933        f
1598     -3163    927        f
1599     -3174    922        f
1600     -3184    917        f
1601     -3193    913        f
1602     -3202    908        f
1603     -3211    903        f
1604     -3219    900        f
1605     -3227    896        f
1606     -3234    893        f
1607     -3240    889        f
1608     -3247    886        f
1609     -3247    886        l
1610     -3247    886        l
1611     -3247    886        f
1612     -3172    888        f
1613     -3099    889        f
1614     -3029    891        f
1615     -2962    893        f
1616     -2899    894        f
1617     -2838    896        f
1618     -2780    897        f
1619     -2725    898        f
1620     -2672    900        f
1621     -2621    901        f
1622     -2573    902        f
1623     -2527    902        f
1624     -2483    903        f
1625     -2441    905        f
1626     -2401    906        f
1627     -2362    907        f
1628     -2326    908        f
1629     -2291    909        f
1630     -2257    909        f
1631     -2225    910        f
1632     -2195    911        f
1633     -2166    911        f
1634     -2138    911        f
1635     -2111    913        f
1636     -2086    913        f
1637     -2062    914        f
1638     -2039    915        f
1639     -2016    915        f
1640     -1995    916        f
1641     -1975    916        f
1642     -1955    916        f
1643     -1938    917        f
1644     -1920    917        f
1645     -1903    918        f
1646     -1887    918        f
1647     -1872    918        f
1648     -1857    919        f
1649     -1843    919        f
1650     -1843    919        r
1651     -1843    919        r
1652     -1843    919        f
1653     -1911    883        f
1654     -1975    849        f
1655     -2037    816        f
1656     -2096    785        f
1657     -2152    755        f
1658     -2205    726        f
1659     -2257    699        f
1660     -2305    673        f
1661     -2305    673        r
1662     -2305    673        r
1663     -2305    673        f
1664     -2452    641        f
1665     -2592    610        f
1666     -2592    610        l
1667     -2592    610        l
1668     -2592    610        f
1669     -2516    602        f
1670     -2443    594        f
1671     -2374    587        f
1672     -2307    579        f
1673     -2244    573        f
1674     -2184    566        f
1675     -2126    560        f
1676     -2071    554        f
1677     -2018    549        f
1678     -1967    543        f
1679     -1919    538        f
1680     -1873    533        f
1681     -1829    528        f
1682     -1787    524        f
1683     -1747    520        f
1684     -1709    516        f
1685     -1673    512        f
1686     -1638    508        f
1687     -1604    504        f
1688     -1573    501        f
1689     -1542    498        f
1690     -1513    495        f
1691     -1486    492        f
1692     -1459    488        f
1693     -1434    486        f
1694     -1410    484        f
1695     -1387    480        f
1696     -1365    479        f
1697     -1344    476        f
1698     -1324    474        f
1699     -1305    472        f
1700     -1287    471        f
1701     -1269    469        f
1702     -1253    467        f
1703     -1237    465        f
1704     -1221    463        f
1705     -1207    462        f
1706     -1193    461        f
1707     -1180    459        f
1708     -1167    458        f
1709     -1155    455        f
1710     -1143    455        f
1711     -1132    454        f
1712     -1122    453        f
1713     -1112    451        f
1714     -1102    451        f
1715     -1093    450        f
1716     -1084    449        f
1717     -1076    448        f
1718     -1068    447        f
1719     -1060    446        f
1720     -1053    446        f
1721     -1046    445        f
1722     -1039    444        f
1723     -1033    444        f
1724     -1027    443        f
1725     -1021    442        f
1726     -1016    442        f
1727     -1010    441        f
1728     -1005    441        f
1729     -1001    440        f
1730     -996    440        f
1731     -992    438        f
1732     -988    438        f
1733     -984    438        f
1734     -980    438        f
1735     -976    437        f
1736     -973    437        f
1737     -969    437        f
1738     -966    436        f
1739     -963    436        f
1740     -960    436        f
1741     -957    434        f
1742     -955    434        f
1743     -952    434        f
1744     -950    434        f
1745     -948    434        f
1746     -944    434        f
1747     -943    434        f
1748     -941    434        f
1749     -941    434        l
1750     -941    434        l
1751     -941    434        l
1752     -941    434        r
1753     -941    434        f
1754     -1010    467        f
1755     -1076    499        f
1756     -1139    529        f
1757     -1199    558        f
1758     -1256    585        f
1759     -1311    611        f
1760     -1364    637        f
1761     -1414    661        f
1762     -1461    684        f
1763     -1507    705        f
1764     -1550    726        f
1765     -1592    746        f
1766     -1630    765        f
1767     -1669    784        f
1768     -1705    801        f
1769     -1739    818        f
1770     -1773    834        f
1771     -1804    849        f
1772     -1834    863        f
1773     -1863    877        f
1774     -1891    890        f
1775     -1917    902        f
1776     -1942    915        f
1777     -1966    926        f
1778     -1988    936        f
1779     -2010    948        f
1780     -2030    958        f
1781     -2051    968        f
1782     -2070    977        f
1783     -2088    985        f
1784     -2105    994        f
1785     -2122    1002        f
1786     -2137    1009        f
1787     -2152    1017        f
1788     -2167    1024        f
1789     -2180    1030        f
1790     -2193    1037        f
1791     -2206    1043        f
1792     -2218    1048        f
1793     -2229    1054        f
1794     -2229    1054        l
1795     -2229    1054        l
1796     -2229    1054        f
1797     -2153    1057        f
1798     -2080    1060        f
1799     -2010    1063        f
1800     -1944    1066        f
1801     -1880    1069        f
1802     -1820    1071        f
1803     -1762    1074        f
1804     -1705    1076        f
1805     -1653    1078        f
1806     -1603    1080        f
1807     -1555    1082        f
1808     -1509    1084        f
1809     -1465    1086        f
1810     -1423    1088        f
1811     -1383    1090        f
1812     -1345    1091        f
1813     -1308    1093        f
1814     -1273    1094        f
1815     -1240    1096        f
1816     -1208    1097        f
1817     -1178    1098        f
1818     -1149    1100        f
1819     -1121    1101        f
1820     -1094    1102        f
1821     -1069    1103        f
1822     -1045    1104        f
1823     -1022    1105        f
1824     -1000    1106        f
1825     -1000    1106        r
1826     -1000    1106        r
1827     -1000    1106        r
1828     -1000    1106        f
1829     -1056    1054        f
1830     -1110    1005        f
1831     -1162    958        f
1832     -1211    913        f
1833     -1258    869        f
1834     -1303    828        f
1835     -1346    790        f
1836     -1387    752        f
1837     -1426    717        f
1838     -1463    683        f
1839     -1499    650        f
1840     -1533    619        f
1841     -1565    589        f
1842     -1596    561        f
1843     -1626    534        f
1844     -1654    508        f
1845     -1680    483        f
1846     -1707    459        f
1847     -1732    437        f
1848     -1755    415        f
1849     -1778    395        f
1850     -1798    375        f
1851     -1820    357        f
1852     -1839    339        f
1853     -1857    322        f
1854     -1876    305        f
1855     -1893    290        f
1856     -1909    275        f
1857     -1925    260        f
1858     -1939    247        f
1859     -1954    234        f
1860     -1968    221        f
1861     -1980    210        f
1862     -1993    198        f
1863     -2005    187        f
1864     -2016    177        f
1865     -2027    167        f
1866     -2037    158        f
1867     -2047    149        f
1868     -2056    140        f
1869     -2065    132        f
1870     -2074    124        f
1871     -2082    117        f
1872     -2090    110        f
1873     -2097    103        f
1874     -2104    96        f
1875     -2111    90        f
1876     -2118    84        f
1877     -2124    78        f
1878     -2130    73        f
1879     -2135    68        f
1880     -2141    63        f
1881     -2146    57        f
1882     -2146    57        l
1883     -2146    57        l
1884     -2151    54        f
1885     -2156    49        f
1886     -2160    45        f
1887     -2164    41        f
1888     -2168    38        f
1889     -2172    34        f
1890     -2176    31        f
1891     -2180    27        f
1892     -2183    24        f
1893     -2186    21        f
1894     -2190    18        f
1895     -2193    16        f
1896     -2195    13        f
1897     -2198    11        f
1898     -2201    8        f
1899     -2203    6        f
1900     -2206    4        f
1901     -2208    2        f
1902     -2210    0        f
1903     -2212    -1        f
1904     -2214    -3        f
1905     -2216    -5        f
1906     -2218    -6        f
1907     -2219    -8        f
1908     -2221    -9        f
1909     -2223    -11        f
1910     -2224    -12        f
1911     -2224    -12        l
1912     -2224    -12        l
1913     -2224    -12        l
1914     -2224    -12        l
1915     -2224    -12        l
1916     -2224    -12        l
1917     -2224    -12        l
1918     -2224    -12        l
1919     -2224    -12        l
1920     -2224    -12        l
1921     -2224    -12        l
1922     -2224    -12        l
1923     -2224    -12        l
1924     -2224    -12        l
1925     -2224    -12        l
1926     -2224    -12        l
1927     -2224    -12        l
1928     -2224    -12        l
1929     -2224    -12        l
1930     -2224    -12        l
1931     -2224    -12        l
1932     -2224    -12        l
1933     -2224    -12        f
1934     -2148    -7        f
1935     -2075    -1        f
1936     -2075    -1        r
1937     -2075    -1        r
1938     -2075    -1        r
1939     -2075    -1        r
1940     -2075    -1        r
1941     -2075    -1        r
1942     -2075    -1        r
1943     -2075    -1        r
1944     -2075    -1        r
1945     -2075    -1        r
1946     -2075    -1        r
1947     -2075    -1        r
1948     -2075    -1        r
1949     -2075    -1        r
1950     -2075    -1        r
1951     -2075    -1        r
1952     -2075    -1        r
1953     -2075    -1        r
1954     -2075    -1        r
1955     -2075    -1        r
1956     -2075    -1        r
1957     -2075    -1        r
1958     -2075    -1        r
1959     -2075    -1        r
1960     -2075    -1        r
1961     -2075    -1        r
1962     -2075    -1        r
1963     -2075    -1        r
1964     -2075    -1        r
1965     -2075    -1        r
1966     -2075    -1        r
1967     -2075    -1        r
1968     -2075    -1        r
1969     -2075    -1        r
1970     -2075    -1        r
1971     -2075    -1        r
1972     -2075    -1        r
1973     -2075    -1        r
1974     -2075    -1        r
1975     -2075    -1        r
1976     -2075    -1        r
1977     -2075    -1        r
1978     -2075    -1        r
1979     -2075    -1        r
1980     -2075    -1        r
1981     -2075    -1        r
1982     -2075    -1        l
1983     -2075    -1        l
1984     -2075    -1        r
1985     -2075    -1        r
1986     -2075    -1        r
1987     -2075    -1        r
1988     -2075    -1        r
1989     -2075    -1        f
1990     -2225    7        f
1991     -2368    16        f
1992     -2504    24        f
1993     -2635    32        f
1994     -2759    39        f
1995     -2878    47        f
1996     -2992    53        f
1997     -3101    60        f
1998     -3204    66        f
1999     -3304    72        f
2000     -3397    78        f
2001     -3488    83        f
2002     -3575    89        f
2003     -3657    94        f
2004     -3735    98        f
2005     -3810    103        f
2006     -3882    107        f
2007     -3950    111        f
2008     -4015    114        f
2009     -4078    119        f
2010     -4138    123        f
2011     -4195    126        f
2012     -4249    130        f
2013     -4302    133        f
2014     -4302    133        l
2015     -4302    133        l
2016     -4302    133        f
2017     -4223    119        f
2018     -4149    105        f
2019     -4077    92        f
2020     -4009    80        f
2021     -3944    68        f
2022     -3882    56        f
2023     -3822    46        f
2024     -3765    36        f
2025     -3711    26        f
2026     -3661    17        f
2027     -3611    8        f
2028     -3564    0        f
2029     -3519    -7        f
2030     -3476    -15        f
2031     -3435    -23        f
2032     -3396    -30        f
2033     -3358    -36        f
2034     -3322    -43        f
2035     -3289    -49        f
2036     -3256    -55        f
2037     -3225    -61        f
2038     -3195    -66        f
2039     -3167    -71        f
2040     -3140    -76        f
2041     -3114    -81        f
2042     -3089    -85        f
2043     -3066    -89        f
2044     -3043    -94        f
2045     -3022    -97        f
2046     -3001    -101        f
2047     -2982    -105        f
2048     -2963    -108        f
2049     -2945    -111        f
2050     -2928    -113        f
2051     -2912    -117        f
2052     -2896    -120        f
2053     -2881    -123        f
2054     -2867    -125        f
2055     -2853    -128        f
2056     -2840    -130        f
2057     -2828    -132        f
2058     -2816    -135        f
2059     -2805    -137        f
2060     -2794    -139        f
2061     -2784    -140        f
2062     -2774    -142        f
2063     -2764    -144        f
2064     -2755    -145        f
2065     -2747    -147        f
2066     -2739    -149        f
2067     -2731    -150        f
2068     -2723    -151        f
2069     -2716    -153        f
2070     -2710    -154        f
2071     -2703    -155        f
2072     -2697    -156        f
2073     -2691    -157        f
2074     -2685    -158        f
2075     -2680    -159        f
2076     -2675    -160        f
2077     -2670    -161        f
2078     -2665    -162        f
2079     -2661    -163        f
2080     -2656    -163        f
2081     -2656    -163        l
2082     -2656    -163        l
2083     -2656    -163        l
2084     -2656    -163        f
2085     -2535    -252        f
2086     -2535    -252        r
2087     -2535    -252        r
2088     -2535    -252        r
2089     -2535    -252        f
2090     -2685    -244        f
2091     -2828    -236        f
2092     -2965    -229        f
2093     -3095    -222        f
2094     -3220    -216        f
2095     -3339    -209        f
2096     -3452    -202        f
2097     -3561    -197        f
2098     -3665    -192        f
2099     -3763    -187        f
2100     -3858    -181        f
2101     -3947    -177        f
2102     -4034    -172        f
2103     -4116    -168        f
2104     -4195    -163        f
2105     -4270    -159        f
2106     -4342    -156        f
2107     -4410    -152        f
2108     -4475    -148        f
2109     -4538    -145        f
2110     -4597    -142        f
2111     -4654    -139        f
2112     -4708    -136        f
2113     -4760    -133        f
2114     -4810    -131        f
2115     -4857    -128        f
2116     -4902    -126        f
2117     -4946    -123        f
2118     -4987    -121        f
2119     -5026    -119        f
2120     0    0        f
2121     0    0        r
2122     0    0        f
2123     0    0        f
2124     0    0        f
2125     0    0        f
2126     0    0        f
2127     0    0        f
2128     0    0        f
2129     0    0        f
2130     0    0        f
2131     0    0        f
2132     0    0        f
2133     0    0        f
2134     0    0        f
2135     0    0        f
2136     0    0        f
2137     0    0        f
2138     0    0        f
2139     0    0        f
2140     0    0        f
2141     0    0        f
2142     0    0        f
2143     0    0        f
2144     0    0        f
2145     0    0        f
2146     0    0        f
2147     0    0        f
2148     0    0        f
2149     0    0        f
2150     0    0        f
2151     0    0        f
2152     0    0        f
2153     0    0        f
2154     0    0        f
2155     0    0        f
2156     0    0        f
2157     0    0        f
2158     0    0        f
2159     0    0        f
2160     0    0        f
2161     0    0        f
2162     0    0        f
2163     0    0        f
2164     0    0        f
2165     0    0        f
2166     0    0        f
2167     0    0        f
2168     0    0        f
2169     0    0        f
2170     0    0        f
2171     0    0        f
2172     0    0        f
2173     0    0        f
2174     0    0        f
2175     0    0        f
2176     0    0        f
2177     0    0        f
2178     0    0        f
2179     0    0        f
2180     0    0        f
2181     0    0        f
2182     0    0        f
2183     0    0        f
2184     0    0        f
2185     0    0        f
2186     0    0        f
2187     0    0        f
2188     0    0        f
2189     0    0        f
2190     0    0        f
2191     0    0        f
2192     0    0        f
2193     0    0        f
2194     0    0        f
2195     0    0        f
2196     0    0        f
2197     0    0        f
2198     0    0        f
2199     0    0        f
2200     0    0        f
2201     0    0        f
2202     0    0        f
2203     0    0        f
2204     0    0        f
2205     0    0        f
2206     0    0        f
2207     0    0        f
2208     0    0        f
2209     0    0        f
2210     0    0        f
2211     0    0        f
2212     0    0        f
2213     0    0        f
2214     0    0        f
2215     0    0        f
2216     0    0        f
2217     0    0        f
2218     0    0        f
2219     0    0        f
2220     0    0        f
2221     0    0        f
2222     0    0        f
2223     0    0        f
2224     0    0        f
2225     0    0        f
2226     0    0        r
2227     0    0        r
2228     0    0        r
2229     0    0        f
2230     -70    -28        f
2231     -138    -56        f
2232     -202    -83        f
2233     -264    -109        f
2234     -322    -133        f
2235     -378    -156        f
2236     -432    -179        f
2237     -483    -200        f
2238     -532    -220        f
2239     -579    -239        f
2240     -623    -258        f
2241     -666    -275        f
2242     -707    -292        f
2243     -745    -308        f
2244     -783    -323        f
2245     -818    -338        f
2246     -852    -352        f
2247     -884    -366        f
2248     -915    -378        f
2249     -944    -391        f
2250     -973    -401        f
2251     -999    -413        f
2252     -1025    -424        f
2253     -1050    -434        f
2254     -1073    -444        f
2255     -1095    -453        f
2256     -1117    -462        f
2257     -1137    -470        f
2258     -1157    -478        f
2259     -1175    -486        f
2260     -1193    -494        f
2261     -1210    -501        f
2262     -1226    -507        f
2263     -1242    -514        f
2264     -1256    -520        f
2265     -1270    -526        f
2266     -1284    -531        f
2267     -1297    -537        f
2268     -1309    -542        f
2269     -1309    -542        l
2270     -1309    -542        l
2271     -1309    -542        l
2272     -1309    -542        l
2273     -1309    -542        f
2274     -1243    -504        f
2275     -1179    -468        f
2276     -1119    -433        f
2277     -1061    -400        f
2278     -1005    -369        f
2279     -952    -339        f
2280     -902    -310        f
2281     -853    -283        f
2282     -808    -256        f
2283     -764    -231        f
2284     -722    -206        f
2285     -682    -185        f
2286     -644    -163        f
2287     -607    -142        f
2288     -572    -122        f
2289     -539    -103        f
2290     -507    -85        f
2291     -476    -68        f
2292     -447    -51        f
2293     -420    -36        f
2294     -393    -21        f
2295     -368    -6        f
2296     -343    7        f
2297     -320    20        f
2298     -298    32        f
2299     -277    44        f
2300     -257    55        f
2301     -237    66        f
2302     -219    77        f
2303     -200    87        f
2304     -185    96        f
2305     -169    105        f
2306     -153    113        f
2307     -139    122        f
2308     -125    130        f
2309     -111    137        f
2310     -99    145        f
2311     -86    151        f
2312     -75    158        f
2313     -64    164        f
2314     -64    164        l
2315     -64    164        l
2316     -64    164        r
2317     -64    164        f
2318     -154    214        f
2319     -241    262        f
2320     -324    307        f
2321     -403    351        f
2322     -478    392        f
2323     -550    430        f
2324     -619    469        f
2325     -685    505        f
2326     -748    540        f
2327     -808    572        f
2328     -865    604        f
2329     -919    634        f
2330     -973    662        f
2331     -1023    690        f
2332     -1071    716        f
2333     -1116    741        f
2334     -1160    764        f
2335     -1201    787        f
2336     -1241    809        f
2337     -1279    830        f
2338     -1316    849        f
2339     -1350    868        f
2340     -1383    886        f
2341     -1415    903        f
2342     -1445    919        f
2343     -1474    936        f
2344     -1501    951        f
2345     -1528    966        f
2346     -1553    978        f
2347     -1577    992        f
2348     -1600    1005        f
2349     -1622    1017        f
2350     -1643    1028        f
2351     -1662    1039        f
2352     -1682    1050        f
2353     -1700    1060        f
2354     -1717    1069        f
2355     -1734    1078        f
2356     -1748    1087        f
2357     -1764    1095        f
2358     -1779    1103        f
2359     -1793    1111        f
2360     -1793    1111        l
2361     -1793    1111        l
2362     -1793    1111        f
2363     -1716    1110        f
2364     -1643    1110        f
2365     -1574    1110        f
2366     -1507    1110        f
2367     -1507    1110        r
2368     -1507    1110        r
2369     -1507    1110        r
2370     -1507    1110        f
2371     -1507    1110        f
2372     -1507    1110        f
2373     -1507    1110        f
2374     -1507    1110        f
2375     -1507    1110        f
2376     -1507    1110        f
2377     -1507    1110        f
2378     -1507    1110        f
2379     -1507    1110        f
2380     -1507    1110        f
2381     -1507    1110        f
2382     -1507    1110        f
2383     -1507    1110        f
2384     -1507    1110        f
2385     -1507    1110        f
2386     -1507    1110        f
2387     -1507    1110        f
2388     -1507    1110        f
2389     -1507    1110        f
2390     -1507    1110        f
2391     -1507    1110        f
2392     -1507    1110        f
2393     -1507    1110        f
2394     -1507    1110        f
2395     -1507    1110        f
2396     -1507    1110        f
2397     -1507    1110        f
2398     -1507    1110        f
2399     -1507    1110        f
