step   ball_X    ball_Y    side
0     0    0        f
0     0    0        f
0     0    0        f
0     0    0        f
0     0    0        f
0     0    0        f
0     0    0        f
0     0    0        f
0     0    0        f
0     0    0        f
0     0    0        f
0     0    0        f
0     0    0        f
0     0    0        f
0     0    0        f
0     0    0        f
0     0    0        f
0     0    0        f
0     0    0        f
0     0    0        f
0     0    0        f
0     0    0        f
0     0    0        f
0     0    0        f
0     0    0        f
0     0    0        f
0     0    0        f
0     0    0        f
0     0    0        f
0     0    0        f
0     0    0        f
0     0    0        f
0     0    0        f
0     0    0        f
0     0    0        f
0     0    0        f
0     0    0        f
0     0    0        f
0     0    0        f
0     0    0        f
0     0    0        f
0     0    0        f
0     0    0        f
0     0    0        f
0     0    0        f
0     0    0        f
0     0    0        f
0     0    0        f
0     0    0        f
0     0    0        f
0     0    0        f
0     0    0        f
0     0    0        f
0     0    0        f
0     0    0        f
0     0    0        f
0     0    0        f
0     0    0        f
0     0    0        f
0     0    0        f
0     0    0        f
0     0    0        f
0     0    0        f
0     0    0        f
0     0    0        f
0     0    0        f
0     0    0        f
0     0    0        f
0     0    0        f
0     0    0        f
0     0    0        f
0     0    0        f
0     0    0        f
0     0    0        f
0     0    0        f
0     0    0        f
0     0    0        f
0     0    0        f
0     0    0        f
0     0    0        f
0     0    0        f
0     0    0        f
0     0    0        f
0     0    0        f
0     0    0        f
0     0    0        f
0     0    0        f
0     0    0        f
0     0    0        f
0     0    0        f
0     0    0        f
0     0    0        f
0     0    0        f
0     0    0        f
0     0    0        f
0     0    0        f
0     0    0        f
0     0    0        f
0     0    0        f
0     0    0        f
0     0    0        f
1     0    0        f
2     0    0        f
3     0    0        f
4     0    0        f
5     0    0        f
6     0    0        f
7     0    0        f
8     0    0        f
9     0    0        f
10     0    0        f
11     0    0        f
12     0    0        f
13     0    0        f
14     0    0        f
15     0    0        f
16     0    0        f
17     0    0        f
18     0    0        f
19     0    0        f
20     0    0        f
21     0    0        f
22     0    0        f
23     0    0        f
24     0    0        f
25     0    0        f
26     0    0        f
27     0    0        f
28     0    0        f
29     0    0        f
30     0    0        f
31     0    0        f
32     0    0        f
33     0    0        f
34     0    0        f
35     0    0        f
36     0    0        f
37     0    0        f
38     0    0        f
39     0    0        f
40     0    0        f
41     0    0        f
42     0    0        f
43     0    0        f
44     0    0        f
45     0    0        f
46     0    0        f
47     0    0        f
48     0    0        f
49     0    0        f
50     0    0        f
51     0    0        f
52     0    0        f
53     0    0        f
54     0    0        f
55     0    0        f
56     0    0        f
57     0    0        f
58     0    0        f
59     0    0        f
60     0    0        f
61     0    0        f
62     0    0        f
63     0    0        f
64     0    0        f
65     0    0        f
66     0    0        f
67     0    0        f
68     0    0        f
69     0    0        f
70     0    0        f
71     0    0        f
72     0    0        f
73     0    0        f
74     0    0        f
75     0    0        f
76     0    0        f
77     0    0        f
78     0    0        f
79     0    0        f
80     0    0        f
81     0    0        f
82     0    0        f
83     0    0        f
84     0    0        f
85     0    0        f
86     0    0        f
87     0    0        f
88     0    0        f
89     0    0        f
90     0    0        f
91     0    0        f
92     0    0        f
93     0    0        f
94     0    0        f
95     0    0        f
96     0    0        f
97     0    0        f
98     0    0        f
99     0    0        f
100     0    0        f
101     0    0        f
102     0    0        f
103     0    0        f
104     0    0        f
105     0    0        l
106     0    0        l
107     0    0        l
108     0    0        l
109     0    0        l
110     0    0        l
111     0    0        l
112     0    0        l
113     0    0        l
114     0    0        l
115     0    0        l
116     0    0        l
117     0    0        l
118     0    0        l
119     0    0        l
120     0    0        l
121     0    0        l
122     0    0        l
123     0    0        l
124     0    0        l
125     0    0        r
126     0    0        l
127     0    0        r
128     0    0        l
129     0    0        l
130     0    0        l
131     0    0        l
132     0    0        l
133     0    0        l
134     0    0        l
135     0    0        l
136     0    0        l
137     0    0        l
138     0    0        l
139     0    0        l
140     0    0        l
141     0    0        l
142     0    0        l
143     0    0        l
144     0    0        l
145     0    0        l
146     0    0        l
147     0    0        l
148     0    0        l
149     0    0        l
150     0    0        l
151     0    0        l
152     0    0        l
153     0    0        l
154     0    0        l
155     0    0        l
156     0    0        l
157     0    0        l
158     0    0        f
159     68    34        f
160     133    67        f
161     195    98        f
162     254    128        f
163     312    156        f
164     366    184        f
165     418    210        f
166     468    235        f
167     515    258        f
168     560    281        f
169     604    303        f
170     645    323        f
171     684    343        f
172     722    362        f
173     758    380        f
174     792    397        f
175     825    413        f
176     856    430        f
177     886    445        f
178     915    459        f
179     942    472        f
180     968    486        f
181     993    498        f
182     1017    509        f
183     1039    521        f
184     1061    532        f
185     1082    542        f
186     1102    552        f
187     1121    562        f
188     1139    571        f
189     1156    579        f
190     1172    588        f
191     1188    595        f
192     1203    603        f
193     1203    603        l
194     1203    603        l
195     1203    603        l
196     1203    603        l
197     1203    603        l
198     1203    603        f
199     1203    603        f
200     1203    603        f
201     1203    603        f
202     1203    603        f
203     1203    603        f
204     1203    603        r
205     1203    603        r
206     1203    603        r
207     1203    603        f
208     1131    660        f
209     1063    714        f
210     998    766        f
211     935    816        f
212     876    863        f
213     819    908        f
214     765    951        f
215     713    993        f
216     663    1032        f
217     616    1069        f
218     571    1105        f
219     528    1140        f
220     487    1172        f
221     447    1204        f
222     409    1233        f
223     374    1262        f
224     340    1289        f
225     307    1315        f
226     276    1340        f
227     246    1364        f
228     217    1386        f
229     190    1408        f
230     164    1429        f
231     139    1448        f
232     115    1467        f
233     93    1485        f
234     72    1502        f
235     51    1519        f
236     31    1534        f
237     12    1549        f
238     -4    1563        f
239     -22    1577        f
240     -38    1590        f
241     -54    1602        f
242     -69    1614        f
243     -83    1626        f
244     -83    1626        r
245     -83    1626        r
246     -83    1626        r
247     -83    1626        f
248     -83    1626        f
249     -83    1626        f
250     -83    1626        f
251     -83    1626        f
252     -83    1626        f
253     -83    1626        f
254     -83    1626        f
255     -83    1626        f
256     -83    1626        f
257     -83    1626        l
258     -83    1626        l
259     -83    1626        l
260     -83    1626        f
261     -30    1643        f
262     19    1660        f
263     67    1675        f
264     112    1691        f
265     157    1705        f
266     199    1719        f
267     239    1732        f
268     278    1745        f
269     278    1745        l
270     278    1745        f
271     278    1745        f
272     278    1745        f
273     278    1745        f
274     278    1745        f
275     278    1745        f
276     278    1745        f
277     278    1745        f
278     278    1745        f
279     278    1745        f
280     278    1745        f
281     278    1745        f
282     278    1745        f
283     278    1745        f
284     278    1745        f
285     278    1745        f
286     278    1745        f
287     278    1745        f
288     278    1745        f
289     278    1745        f
290     278    1745        f
291     278    1745        f
292     278    1745        f
293     278    1745        f
294     278    1745        f
295     278    1745        f
296     278    1745        f
297     278    1745        f
298     278    1745        f
299     278    1745        f
300     278    1745        f
301     278    1745        f
302     278    1745        f
303     278    1745        f
304     278    1745        f
305     278    1745        f
306     278    1745        f
307     278    1745        f
308     278    1745        r
309     278    1745        r
310     278    1745        r
311     278    1745        f
312     128    1748        f
313     -15    1751        f
314     -151    1753        f
315     -282    1755        f
316     -405    1759        f
317     -525    1761        f
318     -639    1763        f
319     -748    1766        f
320     -851    1768        f
321     -950    1770        f
322     -1045    1772        f
323     -1135    1773        f
324     -1221    1775        f
325     -1304    1777        f
326     -1382    1779        f
327     -1457    1780        f
328     -1529    1782        f
329     -1598    1782        f
330     -1663    1784        f
331     -1726    1786        f
332     -1786    1787        f
333     -1843    1788        f
334     -1897    1789        f
335     -1948    1789        f
336     -1998    1791        f
337     -2047    1792        f
338     -2092    1793        f
339     -2135    1794        f
340     -2176    1795        f
341     -2216    1796        f
342     -2254    1797        f
343     -2290    1797        f
344     -2324    1798        f
345     -2357    1798        f
346     -2388    1798        f
347     -2418    1800        f
348     -2447    1800        f
349     -2474    1801        f
350     -2500    1802        f
351     -2525    1802        f
352     -2549    1803        f
353     -2571    1803        f
354     -2593    1804        f
355     -2614    1804        f
356     -2634    1804        f
357     -2652    1805        f
358     -2670    1805        f
359     -2688    1805        f
360     -2704    1805        f
361     -2720    1805        f
362     -2735    1805        f
363     -2749    1807        f
364     -2763    1807        f
365     -2776    1807        f
366     -2788    1807        f
367     -2800    1807        f
368     -2812    1807        f
369     -2823    1807        f
370     -2833    1807        f
371     -2843    1809        f
372     -2852    1809        f
373     -2861    1809        f
374     -2870    1809        f
375     -2878    1809        f
376     -2886    1810        f
377     -2893    1810        f
378     -2901    1810        f
379     -2907    1810        f
380     -2914    1810        f
381     -2914    1810        l
382     -2914    1810        l
383     -2914    1810        l
384     -2914    1810        l
385     -2914    1810        f
386     -2839    1825        f
387     -2767    1839        f
388     -2699    1853        f
389     -2634    1866        f
390     -2634    1866        r
391     -2634    1866        f
392     -2750    1772        f
393     -2862    1682        f
394     -2968    1596        f
395     -3070    1513        f
396     -3167    1435        f
397     -3260    1360        f
398     -3349    1288        f
399     -3434    1220        f
400     -3515    1155        f
401     -3592    1093        f
402     -3665    1033        f
403     -3736    976        f
404     -3804    922        f
405     -3868    869        f
406     -3929    819        f
407     -3988    773        f
408     -4044    728        f
409     -4098    685        f
410     -4149    644        f
411     -4198    604        f
412     -4245    567        f
413     -4289    531        f
414     -4289    531        l
415     -4289    531        l
416     -4289    531        f
417     -4140    529        f
418     -3996    528        f
419     -3859    527        f
420     -3729    525        f
421     -3604    524        f
422     -3485    523        f
423     -3371    522        f
424     -3261    521        f
425     -3159    520        f
426     -3059    519        f
427     -2964    518        f
428     -2874    517        f
429     -2787    516        f
430     -2705    515        f
431     -2626    514        f
432     -2551    513        f
433     -2479    513        f
434     -2410    512        f
435     -2345    511        f
436     -2282    511        f
437     -2223    509        f
438     -2166    509        f
439     -2111    509        f
440     -2059    509        f
441     -2009    508        f
442     -1962    508        f
443     -1917    507        f
444     -1873    507        f
445     -1832    505        f
446     -1793    505        f
447     -1755    505        f
448     -1719    505        f
449     -1685    505        f
450     -1652    504        f
451     -1620    504        f
452     -1590    504        f
453     -1562    504        f
454     -1534    503        f
455     -1508    503        f
456     -1483    503        f
457     -1460    503        f
458     -1437    501        f
459     -1415    501        f
460     -1394    501        f
461     -1375    501        f
462     -1356    501        f
463     -1338    501        f
464     -1320    501        f
465     -1304    501        f
466     -1288    501        f
467     -1273    501        f
468     -1259    501        f
469     -1245    500        f
470     -1232    500        f
471     -1219    500        f
472     -1207    500        f
473     -1196    500        f
474     -1185    500        f
475     -1175    500        f
476     -1165    500        f
477     -1155    500        f
478     -1146    499        f
479     -1138    499        f
480     -1129    499        f
481     -1121    499        f
482     -1114    499        f
483     -1114    499        l
484     -1114    499        l
485     -1114    499        l
486     -1114    499        f
487     -1040    479        f
488     -969    459        f
489     -902    440        f
490     -839    422        f
491     -777    405        f
492     -719    389        f
493     -663    373        f
494     -610    358        f
495     -559    344        f
496     -509    331        f
497     -463    318        f
498     -419    305        f
499     -377    293        f
500     -336    282        f
501     -298    271        f
502     -261    261        f
503     -225    250        f
504     -192    242        f
505     -160    233        f
506     -129    224        f
507     -100    216        f
508     -72    208        f
509     -45    200        f
510     -20    194        f
511     4    187        f
512     27    181        f
513     49    174        f
514     70    169        f
515     90    163        f
516     110    158        f
517     128    152        f
518     146    147        f
519     163    143        f
520     179    138        f
521     194    134        f
522     209    130        f
523     223    126        f
524     236    122        f
525     236    122        r
526     236    122        r
527     236    122        r
528     236    122        f
529     164    148        f
530     95    173        f
531     30    196        f
532     -32    219        f
533     -92    240        f
534     -149    260        f
535     -204    280        f
536     -256    298        f
537     -306    316        f
538     -354    333        f
539     -399    349        f
540     -442    365        f
541     -484    380        f
542     -523    394        f
543     -561    407        f
544     -597    420        f
545     -632    433        f
546     -665    444        f
547     -696    455        f
548     -726    466        f
549     -755    476        f
550     -782    486        f
551     -808    496        f
552     -833    505        f
553     -857    513        f
554     -878    521        f
555     -901    529        f
556     -922    536        f
557     -942    543        f
558     -961    550        f
559     -978    557        f
560     -996    563        f
561     -1011    569        f
562     -1028    574        f
563     -1028    574        l
564     -1028    574        f
565     -952    578        f
566     -878    582        f
567     -809    585        f
568     -743    588        f
569     -679    591        f
570     -618    594        f
571     -561    597        f
572     -505    600        f
573     -451    603        f
574     -401    605        f
575     -353    607        f
576     -307    610        f
577     -263    612        f
578     -221    614        f
579     -181    616        f
580     -143    618        f
581     -106    620        f
582     -71    621        f
583     -37    623        f
584     -5    625        f
585     24    626        f
586     53    627        f
587     81    629        f
588     108    630        f
589     133    631        f
590     157    633        f
591     180    634        f
592     202    635        f
593     224    636        f
594     244    637        f
595     263    638        f
596     282    639        f
597     299    639        f
598     316    640        f
599     332    641        f
600     347    642        f
601     362    643        f
602     376    643        f
603     389    644        f
604     389    644        l
605     389    644        l
606     389    644        l
607     389    644        f
608     465    658        f
609     537    671        f
610     605    684        f
611     671    696        f
612     733    708        f
613     793    719        f
614     850    729        f
615     905    739        f
616     957    749        f
617     1006    758        f
618     1054    767        f
619     1099    775        f
620     1142    783        f
621     1184    791        f
622     1223    798        f
623     1261    805        f
624     1297    811        f
625     1331    818        f
626     1364    824        f
627     1395    830        f
628     1425    836        f
629     1454    841        f
630     1454    841        r
631     1481    846        f
632     1481    846        r
633     1481    846        r
634     1508    851        f
635     1508    851        r
636     1508    851        r
637     1508    851        r
638     1532    856        f
639     1532    856        r
640     1532    856        r
641     1532    856        r
642     1532    856        r
643     1532    856        r
644     1556    860        f
645     1556    860        r
646     1556    860        r
647     1556    860        r
648     1556    860        r
649     1556    860        r
650     1556    860        r
651     1556    860        r
652     1556    860        r
653     1556    860        r
654     1556    860        r
655     1556    860        r
656     1556    860        r
657     1556    860        r
658     1556    860        r
659     1556    860        l
660     1556    860        r
661     1556    860        l
662     1556    860        r
663     1556    860        r
664     1556    860        r
665     1556    860        r
666     1556    860        r
667     1556    860        r
668     1556    860        r
669     1556    860        r
670     1556    860        r
671     1556    860        r
672     1556    860        r
673     1556    860        r
674     1556    860        r
675     1556    860        r
676     1556    860        r
677     1556    860        f
678     1632    859        f
679     1632    859        r
680     1632    859        r
681     1632    859        r
682     1632    859        r
683     1632    859        f
684     1560    835        f
685     1490    811        f
686     1424    791        f
687     1360    770        f
688     1300    751        f
689     1242    732        f
690     1187    714        f
691     1134    697        f
692     1084    681        f
693     1036    665        f
694     990    650        f
695     946    636        f
696     903    623        f
697     864    610        f
698     826    597        f
699     789    585        f
700     754    574        f
701     721    563        f
702     689    553        f
703     659    543        f
704     630    534        f
705     602    525        f
706     576    516        f
707     550    508        f
708     526    500        f
709     503    493        f
710     480    486        f
711     459    479        f
712     440    473        f
713     421    466        f
714     403    459        f
715     403    459        r
716     403    459        r
717     403    459        r
718     403    459        r
719     403    459        r
720     403    459        r
721     403    459        r
722     403    459        r
723     403    459        r
724     403    459        r
725     403    459        r
726     403    459        r
727     403    459        r
728     403    459        r
729     403    459        r
730     403    459        r
731     403    459        r
732     403    459        r
733     403    459        r
734     403    459        r
735     403    459        r
736     403    459        r
737     403    459        r
738     403    459        r
739     403    459        r
740     403    459        l
741     403    459        l
742     403    459        r
743     403    459        r
744     403    459        r
745     403    459        r
746     403    459        r
747     403    459        r
748     403    459        r
749     403    459        r
750     403    459        r
751     403    459        r
752     403    459        r
753     403    459        r
754     403    459        r
755     403    459        r
756     403    459        r
757     403    459        r
758     403    459        r
759     403    459        r
760     403    459        r
761     403    459        r
762     403    459        r
763     403    459        r
764     403    459        r
765     403    459        r
766     403    459        r
767     403    459        r
768     403    459        f
769     334    426        f
770     268    395        f
771     204    365        f
772     145    336        f
773     88    309        f
774     34    282        f
775     -18    257        f
776     -67    233        f
777     -114    210        f
778     -161    188        f
779     -204    167        f
780     -245    147        f
781     -285    128        f
782     -323    110        f
783     -359    92        f
784     -393    76        f
785     -426    60        f
786     -458    45        f
787     -488    30        f
788     -517    16        f
789     -544    3        f
790     -570    -9        f
791     -595    -21        f
792     -619    -32        f
793     -642    -43        f
794     -664    -54        f
795     -684    -64        f
796     -704    -73        f
797     -723    -82        f
798     -741    -91        f
799     -758    -99        f
800     -775    -107        f
801     -791    -114        f
802     -806    -122        f
803     -819    -129        f
804     -834    -136        f
805     -847    -142        f
806     -860    -148        f
807     -872    -154        f
808     -883    -159        f
809     -894    -165        f
810     -903    -170        f
811     -914    -174        f
812     -924    -179        f
813     -933    -183        f
814     -941    -188        f
815     -950    -192        f
816     -950    -192        l
817     -950    -192        l
818     -950    -192        l
819     -950    -192        l
820     -950    -192        l
821     -950    -192        l
822     -950    -192        l
823     -950    -192        l
824     -950    -192        l
825     -950    -192        l
826     -950    -192        l
827     -950    -192        l
828     -950    -192        l
829     -950    -192        l
830     -950    -192        l
831     -958    -195        f
832     -965    -199        f
833     -972    -202        f
834     -978    -206        f
835     -986    -209        f
836     -992    -212        f
837     -998    -215        f
838     -1003    -218        f
839     -1009    -220        f
840     -1015    -223        f
841     -1019    -225        f
842     -1024    -227        f
843     -1029    -229        f
844     -1033    -231        f
845     -1038    -234        f
846     -1041    -236        f
847     -1045    -238        f
848     -1049    -239        f
849     -1052    -241        f
850     -1056    -243        f
851     -1059    -244        f
852     -1059    -244        r
853     -1059    -244        r
854     -1059    -244        f
855     -1128    -277        f
856     -1194    -309        f
857     -1257    -339        f
858     -1317    -367        f
859     -1374    -395        f
860     -1429    -421        f
861     -1482    -446        f
862     -1532    -470        f
863     -1580    -493        f
864     -1625    -515        f
865     -1669    -535        f
866     -1710    -555        f
867     -1750    -574        f
868     -1788    -592        f
869     -1823    -610        f
870     -1859    -626        f
871     -1892    -642        f
872     -1923    -657        f
873     -1953    -672        f
874     -1982    -685        f
875     -2010    -698        f
876     -2036    -711        f
877     -2061    -723        f
878     -2085    -734        f
879     -2108    -745        f
880     -2130    -756        f
881     -2150    -766        f
882     -2170    -775        f
883     -2189    -784        f
884     -2208    -793        f
885     -2225    -801        f
886     -2241    -809        f
887     -2257    -817        f
888     -2272    -824        f
889     -2287    -831        f
890     -2301    -836        f
891     -2314    -843        f
892     -2326    -849        f
893     -2338    -855        f
894     -2350    -861        f
895     -2361    -866        f
896     -2371    -871        f
897     -2381    -876        f
898     -2391    -880        f
899     -2400    -884        f
900     -2409    -889        f
901     -2417    -893        f
902     -2425    -896        f
903     -2433    -900        f
904     -2440    -902        f
905     -2447    -907        f
906     -2453    -910        f
907     -2460    -913        f
908     -2466    -916        f
909     -2472    -918        f
910     -2477    -921        f
911     -2482    -924        f
912     -2487    -926        f
913     -2492    -927        f
914     -2497    -930        f
915     -2501    -932        f
916     -2505    -934        f
917     -2505    -934        l
918     -2505    -934        l
919     -2505    -934        l
920     -2505    -934        l
921     -2505    -934        f
922     -2430    -923        f
923     -2430    -923        r
924     -2430    -923        r
925     -2430    -923        f
926     -2568    -866        f
927     -2701    -811        f
928     -2827    -759        f
929     -2948    -709        f
930     -3063    -661        f
931     -3173    -615        f
932     -3279    -572        f
933     -3379    -530        f
934     -3475    -490        f
935     -3567    -451        f
936     -3654    -416        f
937     -3739    -381        f
938     -3819    -348        f
939     -3895    -316        f
940     -3968    -286        f
941     -4038    -258        f
942     -4104    -229        f
943     -4168    -204        f
944     -4228    -179        f
945     -4286    -155        f
946     -4342    -132        f
947     -4394    -110        f
948     -4445    -89        f
949     -4493    -69        f
950     -4539    -50        f
951     -4583    -32        f
952     -4625    -14        f
953     -4665    1        f
954     -4703    17        f
955     -4740    32        f
956     -4775    47        f
957     -4808    60        f
958     -4840    74        f
959     -4871    86        f
960     -4900    98        f
961     -4928    110        f
962     -4954    121        f
963     -4980    131        f
964     -5004    141        f
965     0    0        f
966     0    0        f
967     0    0        f
968     0    0        f
969     0    0        f
970     0    0        f
971     0    0        f
972     0    0        f
973     0    0        f
974     0    0        f
975     0    0        f
976     0    0        f
977     0    0        f
978     0    0        f
979     0    0        f
980     0    0        f
981     0    0        f
982     0    0        f
983     0    0        f
984     0    0        f
985     0    0        f
986     0    0        f
987     0    0        f
988     0    0        f
989     0    0        f
990     0    0        f
991     0    0        f
992     0    0        f
993     0    0        f
994     0    0        f
995     0    0        f
996     0    0        f
997     0    0        f
998     0    0        f
999     0    0        f
1000     0    0        f
1001     0    0        f
1002     0    0        f
1003     0    0        f
1004     0    0        f
1005     0    0        f
1006     0    0        f
1007     0    0        f
1008     0    0        f
1009     0    0        f
1010     0    0        f
1011     0    0        f
1012     0    0        f
1013     0    0        f
1014     0    0        f
1015     0    0        f
1016     0    0        f
1017     0    0        f
1018     0    0        f
1019     0    0        f
1020     0    0        f
1021     0    0        f
1022     0    0        f
1023     0    0        f
1024     0    0        f
1025     0    0        f
1026     0    0        f
1027     0    0        f
1028     0    0        f
1029     0    0        f
1030     0    0        f
1031     0    0        f
1032     0    0        f
1033     0    0        f
1034     0    0        f
1035     0    0        f
1036     0    0        f
1037     0    0        f
1038     0    0        f
1039     0    0        f
1040     0    0        f
1041     0    0        f
1042     0    0        f
1043     0    0        f
1044     0    0        f
1045     0    0        f
1046     0    0        f
1047     0    0        f
1048     0    0        f
1049     0    0        f
1050     0    0        f
1051     0    0        f
1052     0    0        f
1053     0    0        f
1054     0    0        f
1055     0    0        f
1056     0    0        f
1057     0    0        f
1058     0    0        f
1059     0    0        f
1060     0    0        f
1061     0    0        f
1062     0    0        f
1063     0    0        f
1064     0    0        f
1065     0    0        f
1066     0    0        f
1067     0    0        f
1068     0    0        f
1069     0    0        f
1070     0    0        f
1071     0    0        r
1072     0    0        r
1073     0    0        f
1074     -64    41        f
1075     -126    80        f
1076     -184    118        f
1077     -241    153        f
1078     -294    188        f
1079     -345    220        f
1080     -394    250        f
1081     -441    281        f
1082     -484    310        f
1083     -528    337        f
1084     -569    363        f
1085     -607    388        f
1086     -644    411        f
1087     -680    434        f
1088     -714    455        f
1089     -746    476        f
1090     -777    496        f
1091     -806    514        f
1092     -834    532        f
1093     -861    549        f
1094     -886    566        f
1095     -911    581        f
1096     -935    596        f
1097     -957    611        f
1098     -978    624        f
1099     -999    637        f
1100     -1019    650        f
1101     -1037    662        f
1102     -1055    673        f
1103     -1072    684        f
1104     -1088    694        f
1105     -1088    694        l
1106     -1088    694        l
1107     -1088    694        l
1108     -1088    694        f
1109     -1011    695        f
1110     -939    695        f
1111     -869    696        f
1112     -802    696        f
1113     -739    696        f
1114     -678    697        f
1115     -620    697        f
1116     -565    697        f
1117     -512    697        f
1118     -462    698        f
1119     -413    698        f
1120     -367    698        f
1121     -323    699        f
1122     -281    699        f
1123     -241    699        f
1124     -202    699        f
1125     -166    699        f
1126     -131    700        f
1127     -98    700        f
1128     -66    700        f
1129     -35    700        f
1130     -6    700        f
1131     21    700        f
1132     47    701        f
1133     73    701        f
1134     97    701        f
1135     120    701        f
1136     142    701        f
1137     163    701        f
1138     183    701        f
1139     202    701        f
1140     221    702        f
1141     238    702        f
1142     254    702        f
1143     271    702        f
1144     286    702        f
1145     301    702        f
1146     315    702        f
1147     328    702        f
1148     341    702        f
1149     353    702        f
1150     365    702        f
1151     376    702        f
1152     376    702        l
1153     376    702        l
1154     376    702        f
1155     448    677        f
1156     517    653        f
1157     583    629        f
1158     645    607        f
1159     705    586        f
1160     763    566        f
1161     817    546        f
1162     869    528        f
1163     919    509        f
1164     967    493        f
1165     1011    476        f
1166     1055    462        f
1167     1097    447        f
1168     1137    433        f
1169     1174    420        f
1170     1210    407        f
1171     1245    395        f
1172     1278    383        f
1173     1309    372        f
1174     1339    361        f
1175     1368    351        f
1176     1395    341        f
1177     1421    332        f
1178     1446    323        f
1179     1470    315        f
1180     1493    307        f
1181     1514    299        f
1182     1535    292        f
1183     1555    285        f
1184     1574    278        f
1185     1592    272        f
1186     1609    265        f
1187     1626    260        f
1188     1642    254        f
1189     1657    249        f
1190     1671    244        f
1191     1685    239        f
1192     1698    234        f
1193     1710    229        f
1194     1722    225        f
1195     1734    221        f
1196     1745    217        f
1197     1755    214        f
1198     1764    210        f
1199     1775    206        f
1200     0    0        f
1200     0    0        f
1200     0    0        f
1200     0    0        f
1200     0    0        f
1200     0    0        f
1200     0    0        f
1200     0    0        f
1200     0    0        f
1200     0    0        f
1200     0    0        f
1200     0    0        f
1200     0    0        f
1200     0    0        f
1200     0    0        f
1200     0    0        f
1200     0    0        f
1200     0    0        f
1200     0    0        f
1200     0    0        f
1200     0    0        f
1200     0    0        f
1200     0    0        f
1200     0    0        f
1200     0    0        f
1200     0    0        f
1200     0    0        f
1200     0    0        f
1200     0    0        f
1200     0    0        f
1200     0    0        f
1200     0    0        f
1200     0    0        f
1200     0    0        f
1200     0    0        f
1200     0    0        f
1200     0    0        f
1200     0    0        f
1200     0    0        f
1200     0    0        f
1200     0    0        f
1200     0    0        f
1200     0    0        f
1200     0    0        f
1200     0    0        f
1200     0    0        f
1200     0    0        f
1200     0    0        f
1200     0    0        f
1200     0    0        f
1200     0    0        f
1200     0    0        f
1200     0    0        f
1200     0    0        f
1200     0    0        f
1200     0    0        f
1200     0    0        f
1200     0    0        f
1200     0    0        f
1200     0    0        f
1200     0    0        f
1200     0    0        f
1200     0    0        f
1200     0    0        f
1200     0    0        f
1200     0    0        f
1200     0    0        f
1200     0    0        f
1200     0    0        f
1200     0    0        f
1200     0    0        f
1200     0    0        f
1200     0    0        f
1200     0    0        f
1200     0    0        f
1200     0    0        f
1200     0    0        f
1200     0    0        f
1200     0    0        f
1200     0    0        f
1200     0    0        f
1200     0    0        f
1200     0    0        f
1200     0    0        f
1200     0    0        f
1200     0    0        f
1200     0    0        f
1200     0    0        f
1200     0    0        f
1200     0    0        f
1200     0    0        f
1200     0    0        f
1200     0    0        f
1200     0    0        f
1200     0    0        f
1200     0    0        f
1200     0    0        f
1200     0    0        f
1200     0    0        f
1200     0    0        f
1200     0    0        f
1200     0    0        f
1201     0    0        f
1202     0    0        f
1203     0    0        f
1204     0    0        f
1205     0    0        f
1206     0    0        f
1207     0    0        f
1208     0    0        f
1209     0    0        f
1210     0    0        f
1211     0    0        f
1212     0    0        f
1213     0    0        f
1214     0    0        f
1215     0    0        f
1216     0    0        f
1217     0    0        f
1218     0    0        f
1219     0    0        f
1220     0    0        f
1221     0    0        f
1222     0    0        f
1223     0    0        f
1224     0    0        f
1225     0    0        f
1226     0    0        f
1227     0    0        f
1228     0    0        f
1229     0    0        f
1230     0    0        f
1231     0    0        f
1232     0    0        f
1233     0    0        f
1234     0    0        f
1235     0    0        f
1236     0    0        f
1237     0    0        f
1238     0    0        f
1239     0    0        f
1240     0    0        f
1241     0    0        f
1242     0    0        f
1243     0    0        f
1244     0    0        f
1245     0    0        f
1246     0    0        f
1247     0    0        f
1248     0    0        f
1249     0    0        f
1250     0    0        f
1251     0    0        f
1252     0    0        f
1253     0    0        f
1254     0    0        f
1255     0    0        f
1256     0    0        f
1257     0    0        f
1258     0    0        f
1259     0    0        f
1260     0    0        f
1261     0    0        f
1262     0    0        f
1263     0    0        f
1264     0    0        f
1265     0    0        f
1266     0    0        f
1267     0    0        f
1268     0    0        f
1269     0    0        f
1270     0    0        f
1271     0    0        f
1272     0    0        f
1273     0    0        f
1274     0    0        f
1275     0    0        f
1276     0    0        f
1277     0    0        f
1278     0    0        f
1279     0    0        f
1280     0    0        f
1281     0    0        f
1282     0    0        f
1283     0    0        f
1284     0    0        f
1285     0    0        f
1286     0    0        f
1287     0    0        f
1288     0    0        f
1289     0    0        f
1290     0    0        f
1291     0    0        f
1292     0    0        f
1293     0    0        f
1294     0    0        f
1295     0    0        f
1296     0    0        f
1297     0    0        f
1298     0    0        f
1299     0    0        f
1300     0    0        f
1301     0    0        f
1302     0    0        f
1303     0    0        f
1304     0    0        f
1305     0    0        r
1306     0    0        r
1307     0    0        r
1308     0    0        r
1309     0    0        r
1310     0    0        r
1311     0    0        r
1312     0    0        r
1313     0    0        r
1314     0    0        r
1315     0    0        r
1316     0    0        r
1317     0    0        r
1318     0    0        r
1319     0    0        r
1320     0    0        r
1321     0    0        r
1322     0    0        r
1323     0    0        r
1324     0    0        r
1325     0    0        r
1326     0    0        r
1327     0    0        r
1328     0    0        r
1329     0    0        r
1330     0    0        l
1331     0    0        l
1332     0    0        l
1333     0    0        r
1334     0    0        r
1335     0    0        r
1336     0    0        l
1337     0    0        l
1338     0    0        l
1339     0    0        l
1340     0    0        l
1341     0    0        r
1342     0    0        l
1343     0    0        l
1344     0    0        r
1345     0    0        r
1346     0    0        r
1347     0    0        l
1348     0    0        r
1349     0    0        r
1350     0    0        r
1351     0    0        r
1352     0    0        l
1353     0    0        l
1354     0    0        r
1355     0    0        l
1356     0    0        l
1357     0    0        r
1358     0    0        l
1359     0    0        l
1360     0    0        l
1361     0    0        l
1362     0    0        l
1363     0    0        l
1364     0    0        l
1365     0    0        l
1366     0    0        l
1367     0    0        l
1368     0    0        l
1369     0    0        l
1370     0    0        l
1371     0    0        l
1372     0    0        l
1373     0    0        l
1374     0    0        l
1375     0    0        l
1376     0    0        l
1377     0    0        l
1378     0    0        l
1379     0    0        f
1380     75    -9        f
1381     148    -18        f
1382     217    -27        f
1383     283    -35        f
1384     346    -43        f
1385     407    -51        f
1386     463    -57        f
1387     519    -65        f
1388     572    -71        f
1389     622    -78        f
1390     670    -84        f
1391     715    -90        f
1392     759    -95        f
1393     801    -100        f
1394     841    -105        f
1395     878    -110        f
1396     915    -114        f
1397     949    -119        f
1398     983    -123        f
1399     1014    -127        f
1400     1044    -131        f
1401     1073    -135        f
1402     1073    -135        r
1403     1073    -135        r
1404     1073    -135        r
1405     1073    -135        f
1406     998    -148        f
1407     926    -161        f
1408     858    -173        f
1409     792    -185        f
1410     729    -197        f
1411     670    -206        f
1412     612    -218        f
1413     558    -227        f
1414     505    -237        f
1415     455    -246        f
1416     409    -254        f
1417     363    -262        f
1418     320    -270        f
1419     278    -278        f
1420     239    -285        f
1421     200    -291        f
1422     165    -298        f
1423     131    -304        f
1424     98    -310        f
1425     67    -316        f
1426     37    -321        f
1427     8    -326        f
1428     -18    -331        f
1429     -44    -336        f
1430     -44    -336        l
1431     -44    -336        l
1432     -44    -336        f
1433     25    -306        f
1434     93    -278        f
1435     157    -250        f
1436     218    -225        f
1437     277    -200        f
1438     333    -177        f
1439     386    -155        f
1440     437    -133        f
1441     486    -112        f
1442     533    -93        f
1443     577    -75        f
1444     620    -56        f
1445     660    -40        f
1446     699    -24        f
1447     736    -8        f
1448     771    6        f
1449     805    20        f
1450     836    33        f
1451     868    46        f
1452     897    59        f
1453     925    71        f
1454     952    82        f
1455     977    93        f
1456     1001    103        f
1457     1001    103        r
1458     1001    103        r
1459     1001    103        f
1460     944    172        f
1461     889    238        f
1462     836    302        f
1463     787    362        f
1464     739    420        f
1465     694    475        f
1466     650    528        f
1467     609    578        f
1468     569    626        f
1469     531    672        f
1470     495    715        f
1471     459    757        f
1472     426    797        f
1473     396    835        f
1474     366    872        f
1475     337    906        f
1476     309    939        f
1477     283    971        f
1478     258    1001        f
1479     234    1030        f
1480     211    1058        f
1481     189    1084        f
1482     169    1110        f
1483     149    1134        f
1484     130    1157        f
1485     112    1179        f
1486     94    1200        f
1487     78    1219        f
1488     62    1239        f
1489     47    1257        f
1490     33    1274        f
1491     19    1291        f
1492     6    1307        f
1493     -6    1322        f
1494     -18    1336        f
1495     -28    1350        f
1496     -40    1363        f
1497     -50    1376        f
1498     -60    1388        f
1499     -70    1400        f
1500     -79    1411        f
1501     -88    1421        f
1502     -96    1431        f
1503     -104    1441        f
1504     -111    1450        f
1505     -119    1459        f
1506     -125    1467        f
1507     -132    1475        f
1508     -138    1483        f
1509     -138    1483        r
1510     -138    1483        r
1511     -138    1483        f
1512     -209    1453        f
1513     -276    1424        f
1514     -340    1397        f
1515     -401    1371        f
1516     -459    1346        f
1517     -516    1322        f
1518     -569    1300        f
1519     -621    1278        f
1520     -669    1257        f
1521     -716    1238        f
1522     -761    1219        f
1523     -802    1201        f
1524     -844    1184        f
1525     -883    1167        f
1526     -919    1152        f
1527     -955    1137        f
1528     -989    1122        f
1529     -1021    1109        f
1530     -1052    1096        f
1531     -1082    1083        f
1532     -1110    1072        f
1533     -1137    1060        f
1534     -1162    1049        f
1535     -1187    1039        f
1536     -1210    1029        f
1537     -1233    1019        f
1538     -1254    1011        f
1539     -1254    1011        r
1540     -1254    1011        r
1541     -1254    1011        f
1542     -1324    980        f
1543     -1391    951        f
1544     -1455    923        f
1545     -1516    897        f
1546     -1574    871        f
1547     -1630    847        f
1548     -1682    824        f
1549     -1734    802        f
1550     -1782    780        f
1551     -1829    760        f
1552     -1873    741        f
1553     -1914    722        f
1554     -1955    705        f
1555     -1994    688        f
1556     -2030    672        f
1557     -2066    657        f
1558     -2099    642        f
1559     -2131    628        f
1560     -2162    615        f
1561     -2191    602        f
1562     -2191    602        r
1563     -2191    602        f
1564     -2337    569        f
1565     -2477    537        f
1566     -2611    507        f
1567     -2738    479        f
1568     -2860    451        f
1569     -2976    425        f
1570     -3087    400        f
1571     -3193    376        f
1572     -3295    353        f
1573     -3392    332        f
1574     -3484    311        f
1575     -3572    291        f
1576     -3657    272        f
1577     -3738    254        f
1578     -3815    237        f
1579     -3888    220        f
1580     -3888    220        l
1581     -3888    220        l
1582     -3888    220        f
1583     -3817    192        f
1584     -3750    165        f
1585     -3685    139        f
1586     -3622    113        f
1587     -3564    90        f
1588     -3507    68        f
1589     -3454    46        f
1590     -3402    26        f
1591     -3353    6        f
1592     -3306    -11        f
1593     -3261    -28        f
1594     -3219    -46        f
1595     -3178    -63        f
1596     -3139    -78        f
1597     -3102    -93        f
1598     -3066    -107        f
1599     -3032    -121        f
1600     -3000    -134        f
1601     -2969    -146        f
1602     -2939    -158        f
1603     -2911    -169        f
1604     -2884    -180        f
1605     -2858    -190        f
1606     -2833    -200        f
1607     -2810    -209        f
1608     -2788    -218        f
1609     -2766    -227        f
1610     -2746    -235        f
1611     -2726    -243        f
1612     -2708    -250        f
1613     -2690    -258        f
1614     -2673    -265        f
1615     -2656    -271        f
1616     -2641    -277        f
1617     -2626    -283        f
1618     -2612    -289        f
1619     -2598    -294        f
1620     -2585    -299        f
1621     -2573    -304        f
1622     -2561    -309        f
1623     -2550    -314        f
1624     -2539    -318        f
1625     -2539    -318        r
1626     -2539    -318        r
1627     -2539    -318        f
1628     -2688    -300        f
1629     -2830    -283        f
1630     -2966    -267        f
1631     -3096    -252        f
1632     -3220    -237        f
1633     -3338    -223        f
1634     -3451    -210        f
1635     -3558    -197        f
1636     -3661    -185        f
1637     -3759    -173        f
1638     -3853    -162        f
1639     -3943    -152        f
1640     -4029    -142        f
1641     -4111    -132        f
1642     -4189    -123        f
1643     -4263    -113        f
1644     -4335    -105        f
1645     -4403    -97        f
1646     -4468    -90        f
1647     -4530    -82        f
1648     -4589    -75        f
1649     -4646    -68        f
1650     -4700    -62        f
1651     -4751    -56        f
1652     -4801    -50        f
1653     -4848    -45        f
1654     -4893    -39        f
1655     -4936    -34        f
1656     -4977    -28        f
1657     -5016    -25        f
1658     0    0        f
1659     0    0        f
1660     0    0        f
1661     0    0        f
1662     0    0        f
1663     0    0        f
1664     0    0        f
1665     0    0        f
1666     0    0        f
1667     0    0        f
1668     0    0        f
1669     0    0        f
1670     0    0        f
1671     0    0        f
1672     0    0        f
1673     0    0        f
1674     0    0        f
1675     0    0        f
1676     0    0        f
1677     0    0        f
1678     0    0        f
1679     0    0        f
1680     0    0        f
1681     0    0        f
1682     0    0        f
1683     0    0        f
1684     0    0        f
1685     0    0        f
1686     0    0        f
1687     0    0        f
1688     0    0        f
1689     0    0        f
1690     0    0        f
1691     0    0        f
1692     0    0        f
1693     0    0        f
1694     0    0        f
1695     0    0        f
1696     0    0        f
1697     0    0        f
1698     0    0        f
1699     0    0        f
1700     0    0        f
1701     0    0        f
1702     0    0        f
1703     0    0        f
1704     0    0        f
1705     0    0        f
1706     0    0        f
1707     0    0        f
1708     0    0        f
1709     0    0        f
1710     0    0        f
1711     0    0        f
1712     0    0        f
1713     0    0        f
1714     0    0        f
1715     0    0        f
1716     0    0        f
1717     0    0        f
1718     0    0        f
1719     0    0        f
1720     0    0        f
1721     0    0        f
1722     0    0        f
1723     0    0        f
1724     0    0        f
1725     0    0        f
1726     0    0        f
1727     0    0        f
1728     0    0        f
1729     0    0        f
1730     0    0        f
1731     0    0        f
1732     0    0        f
1733     0    0        f
1734     0    0        f
1735     0    0        f
1736     0    0        f
1737     0    0        f
1738     0    0        f
1739     0    0        f
1740     0    0        f
1741     0    0        f
1742     0    0        f
1743     0    0        f
1744     0    0        f
1745     0    0        f
1746     0    0        f
1747     0    0        f
1748     0    0        f
1749     0    0        f
1750     0    0        f
1751     0    0        f
1752     0    0        f
1753     0    0        f
1754     0    0        f
1755     0    0        f
1756     0    0        f
1757     0    0        f
1758     0    0        f
1759     0    0        f
1760     0    0        f
1761     0    0        f
1762     0    0        f
1763     0    0        f
1764     0    0        f
1765     0    0        f
1766     0    0        f
1767     0    0        r
1768     0    0        r
1769     0    0        r
1770     0    0        r
1771     0    0        r
1772     0    0        r
1773     0    0        r
1774     0    0        r
1775     0    0        r
1776     0    0        r
1777     0    0        r
1778     0    0        r
1779     0    0        r
1780     0    0        r
1781     0    0        r
1782     0    0        r
1783     0    0        r
1784     0    0        l
1785     0    0        r
1786     0    0        r
1787     0    0        r
1788     0    0        l
1789     0    0        l
1790     0    0        r
1791     0    0        l
1792     0    0        r
1793     0    0        l
1794     0    0        l
1795     0    0        l
1796     0    0        r
1797     0    0        r
1798     0    0        l
1799     0    0        r
1800     0    0        l
1801     0    0        l
1802     0    0        r
1803     0    0        r
1804     0    0        l
1805     0    0        r
1806     0    0        r
1807     0    0        l
1808     0    0        l
1809     0    0        r
1810     0    0        r
1811     0    0        r
1812     0    0        l
1813     0    0        l
1814     0    0        r
1815     0    0        r
1816     0    0        r
1817     0    0        r
1818     0    0        r
1819     0    0        r
1820     0    0        l
1821     0    0        l
1822     0    0        l
1823     0    0        l
1824     0    0        l
1825     0    0        l
1826     0    0        l
1827     0    0        l
1828     0    0        l
1829     0    0        l
1830     0    0        l
1831     0    0        l
1832     0    0        l
1833     0    0        l
1834     0    0        l
1835     0    0        l
1836     0    0        l
1837     0    0        f
1838     70    28        f
1839     138    55        f
1840     202    81        f
1841     265    106        f
1842     324    130        f
1843     380    152        f
1844     434    174        f
1845     486    195        f
1846     535    214        f
1847     582    233        f
1848     626    250        f
1849     669    268        f
1850     710    285        f
1851     749    300        f
1852     786    315        f
1853     822    330        f
1854     856    343        f
1855     888    356        f
1856     919    369        f
1857     949    381        f
1858     977    392        f
1859     1003    403        f
1860     1030    413        f
1861     1054    423        f
1862     1078    433        f
1863     1100    442        f
1864     1121    450        f
1865     1142    459        f
1866     1161    467        f
1867     1180    474        f
1868     1198    480        f
1869     1215    488        f
1870     1231    495        f
1871     1246    501        f
1872     1261    507        f
1873     1275    513        f
1874     1289    518        f
1875     1302    523        f
1876     1314    528        f
1877     1326    533        f
1878     1337    538        f
1879     1348    542        f
1880     1358    546        f
1881     1368    550        f
1882     1377    554        f
1883     1386    557        f
1884     1394    561        f
1885     1402    564        f
1886     1410    567        f
1887     1418    570        f
1888     1425    573        f
1889     1431    576        f
1890     1438    578        f
1891     1444    581        f
1892     1450    583        f
1893     1456    585        f
1894     1461    588        f
1895     1466    590        f
1896     1471    592        f
1897     1476    594        f
1898     1480    595        f
1899     1484    597        f
1900     1489    599        f
1901     1492    600        f
1902     1496    602        f
1903     1500    603        f
1904     1503    605        f
1905     1506    606        f
1906     1509    607        f
1907     1512    608        f
1908     1515    609        f
1909     1515    609        r
1910     1515    609        r
1911     1515    609        f
1912     1455    735        f
1913     1396    855        f
1914     1341    969        f
1915     1288    1079        f
1916     1238    1183        f
1917     1189    1283        f
1918     1143    1378        f
1919     1099    1469        f
1920     1057    1556        f
1921     1017    1639        f
1922     978    1718        f
1923     942    1794        f
1924     907    1866        f
1925     874    1935        f
1926     842    2001        f
1927     811    2064        f
1928     783    2124        f
1929     755    2182        f
1930     729    2237        f
1931     703    2289        f
1932     679    2339        f
1933     656    2387        f
1934     634    2433        f
1935     613    2476        f
1936     593    2518        f
1937     574    2557        f
1938     555    2595        f
1939     538    2632        f
1940     521    2666        f
1941     505    2699        f
1942     490    2731        f
1943     476    2761        f
1944     462    2790        f
1945     448    2817        f
1946     436    2843        f
1947     424    2868        f
1948     412    2892        f
1949     401    2915        f
1950     390    2937        f
1951     380    2958        f
1952     371    2978        f
1953     361    2996        f
1954     353    3015        f
1955     344    3032        f
1956     336    3048        f
1957     329    3064        f
1958     321    3079        f
1959     314    3094        f
1960     308    3107        f
1961     301    3121        f
1962     295    3133        f
1963     289    3145        f
1964     284    3157        f
1965     278    3167        f
1966     273    3178        f
1967     268    3188        f
1968     264    3197        f
1969     259    3206        f
1970     254    3215        f
1971     250    3222        f
1972     247    3231        f
1973     244    3239        f
1974     240    3246        f
1975     237    3253        f
1976     234    3259        f
1977     231    3265        f
1978     227    3271        f
1979     225    3277        f
1980     222    3283        f
1981     220    3288        f
1982     217    3293        f
1983     215    3297        f
1984     213    3302        f
1985     213    3250        f
1986     213    3250        f
1987     213    3250        f
1988     213    3250        f
1989     213    3250        f
1990     213    3250        f
1991     213    3250        f
1992     213    3250        f
1993     213    3250        f
1994     213    3250        f
1995     213    3250        f
1996     213    3250        f
1997     213    3250        f
1998     213    3250        f
1999     213    3250        f
2000     213    3250        f
2001     213    3250        f
2002     213    3250        l
2003     213    3250        l
2004     213    3250        l
2005     213    3250        l
2006     213    3250        f
2007     263    3194        f
2008     311    3140        f
2009     356    3089        f
2010     400    3041        f
2011     441    2994        f
2012     480    2950        f
2013     519    2908        f
2014     555    2867        f
2015     589    2828        f
2016     622    2792        f
2017     654    2756        f
2018     684    2723        f
2019     713    2690        f
2020     740    2660        f
2021     766    2630        f
2022     791    2602        f
2023     815    2575        f
2024     838    2550        f
2025     859    2525        f
2026     880    2502        f
2027     900    2480        f
2028     919    2459        f
2029     936    2438        f
2030     955    2419        f
2031     971    2400        f
2032     986    2383        f
2033     1002    2366        f
2034     1016    2350        f
2035     1030    2334        f
2036     1043    2319        f
2037     1056    2305        f
2038     1068    2292        f
2039     1079    2279        f
2040     1090    2267        f
2041     1101    2255        f
2042     1111    2244        f
2043     1120    2233        f
2044     1129    2223        f
2045     1138    2213        f
2046     1146    2204        f
2047     1146    2204        r
2048     1146    2204        r
2049     1146    2204        f
2050     1067    2130        f
2051     992    2060        f
2052     919    1993        f
2053     851    1929        f
2054     785    1868        f
2055     722    1809        f
2056     662    1754        f
2057     605    1700        f
2058     550    1648        f
2059     498    1601        f
2060     448    1554        f
2061     400    1510        f
2062     355    1468        f
2063     311    1427        f
2064     269    1389        f
2065     229    1352        f
2066     192    1317        f
2067     155    1283        f
2068     121    1251        f
2069     88    1220        f
2070     56    1191        f
2071     26    1163        f
2072     -2    1137        f
2073     -30    1111        f
2074     -56    1087        f
2075     -81    1064        f
2076     -105    1041        f
2077     -128    1019        f
2078     -150    1000        f
2079     -171    981        f
2080     -191    961        f
2081     -210    944        f
2082     -227    927        f
2083     -245    911        f
2084     -262    896        f
2085     -278    882        f
2086     -293    868        f
2087     -307    853        f
2088     -321    842        f
2089     -334    828        f
2090     -347    818        f
2091     -359    807        f
2092     -370    796        f
2093     -381    786        f
2094     -392    776        f
2095     -401    767        f
2096     -411    758        f
2097     -420    749        f
2098     -429    741        f
2099     -437    734        f
2100     -445    726        f
2101     -453    719        f
2102     -453    719        l
2103     -453    719        l
2104     -453    719        f
2105     -377    729        f
2106     -305    738        f
2107     -235    747        f
2108     -169    755        f
2109     -106    763        f
2110     -46    770        f
2111     11    778        f
2112     66    784        f
2113     118    791        f
2114     168    797        f
2115     216    802        f
2116     261    809        f
2117     305    815        f
2118     347    819        f
2119     387    825        f
2120     425    830        f
2121     461    834        f
2122     496    838        f
2123     529    843        f
2124     560    847        f
2125     591    850        f
2126     619    853        f
2127     647    857        f
2128     673    861        f
2129     698    864        f
2130     722    867        f
2131     745    869        f
2132     767    873        f
2133     788    875        f
2134     808    877        f
2135     827    880        f
2136     844    882        f
2137     863    885        f
2138     878    886        f
2139     894    889        f
2140     910    890        f
2141     925    892        f
2142     939    894        f
2143     952    896        f
2144     964    897        f
2145     976    899        f
2146     988    900        f
2147     999    902        f
2148     1009    902        f
2149     1019    903        f
2150     1029    905        f
2151     1038    907        f
2152     1047    908        f
2153     1055    909        f
2154     1063    910        f
2155     1070    911        f
2156     1078    911        f
2157     1085    911        f
2158     1091    913        f
2159     1097    914        f
2160     1103    915        f
2161     1109    915        f
2162     1115    916        f
2163     1120    917        f
2164     1125    917        f
2165     1125    917        r
2166     1125    917        r
2167     1130    918        f
2168     1134    919        f
2169     1139    919        f
2170     1143    919        f
2171     1147    919        f
2172     1151    921        f
2173     1154    921        f
2174     1154    921        l
2175     1154    921        l
2176     1154    921        f
2177     1230    910        f
2178     1302    900        f
