step   ball_X    ball_Y    side
0     0    0        f
0     0    0        f
0     0    0        f
0     0    0        f
0     0    0        f
0     0    0        f
0     0    0        f
0     0    0        f
0     0    0        f
0     0    0        f
0     0    0        f
0     0    0        f
0     0    0        f
0     0    0        f
0     0    0        f
0     0    0        f
0     0    0        f
0     0    0        f
0     0    0        f
0     0    0        f
0     0    0        f
0     0    0        f
0     0    0        f
0     0    0        f
1     0    0        f
2     0    0        f
3     0    0        f
4     0    0        f
5     0    0        f
6     0    0        f
7     0    0        f
8     0    0        f
9     0    0        f
10     0    0        f
11     0    0        f
12     0    0        f
13     0    0        f
14     0    0        f
15     0    0        f
16     0    0        f
17     0    0        f
18     0    0        f
19     0    0        f
20     0    0        f
21     0    0        f
22     0    0        f
23     0    0        f
24     0    0        f
25     0    0        f
26     0    0        f
27     0    0        f
28     0    0        f
29     0    0        f
30     0    0        f
31     0    0        f
32     0    0        f
33     0    0        f
34     0    0        f
35     0    0        f
36     0    0        f
37     0    0        f
38     0    0        f
39     0    0        f
40     0    0        f
41     0    0        f
42     0    0        f
43     0    0        f
44     0    0        f
45     0    0        f
46     0    0        f
47     0    0        f
48     0    0        f
49     0    0        f
50     0    0        f
51     0    0        f
52     0    0        f
53     0    0        l
54     0    0        l
55     0    0        l
56     0    0        l
57     0    0        l
58     0    0        l
59     0    0        l
60     0    0        l
61     0    0        r
62     0    0        l
63     0    0        l
64     0    0        r
65     0    0        l
66     0    0        r
67     0    0        r
68     0    0        r
69     0    0        l
70     0    0        r
71     0    0        r
72     0    0        l
73     0    0        r
74     0    0        r
75     0    0        r
76     0    0        l
77     0    0        r
78     0    0        r
79     0    0        r
80     0    0        l
81     0    0        r
82     0    0        l
83     0    0        l
84     0    0        l
85     0    0        r
86     0    0        l
87     0    0        l
88     0    0        l
89     0    0        r
90     0    0        r
91     0    0        l
92     0    0        r
93     0    0        r
94     0    0        r
95     0    0        r
96     0    0        l
97     0    0        r
98     0    0        l
99     0    0        r
100     0    0        l
101     0    0        r
102     0    0        l
103     0    0        l
104     0    0        l
105     0    0        l
106     0    0        r
107     0    0        r
108     0    0        r
109     0    0        r
110     0    0        r
111     0    0        r
112     0    0        r
113     0    0        r
114     0    0        f
115     -148    -35        f
116     -290    -70        f
117     -426    -102        f
118     -555    -134        f
119     -679    -163        f
120     -797    -192        f
121     -910    -219        f
122     -1018    -245        f
123     -1121    -270        f
124     -1219    -294        f
125     -1313    -316        f
126     -1403    -338        f
127     -1488    -358        f
128     -1570    -378        f
129     -1648    -397        f
130     -1722    -415        f
131     -1793    -432        f
132     -1861    -449        f
133     -1926    -463        f
134     -1988    -479        f
135     -2047    -494        f
136     -2103    -507        f
137     -2157    -520        f
138     -2208    -533        f
139     -2257    -545        f
140     -2304    -556        f
141     -2349    -567        f
142     -2392    -577        f
143     -2432    -587        f
144     -2471    -597        f
145     -2509    -606        f
146     -2544    -614        f
147     -2578    -622        f
148     -2611    -630        f
149     -2641    -638        f
150     -2671    -645        f
151     -2699    -652        f
152     -2726    -658        f
153     -2752    -665        f
154     -2776    -671        f
155     -2800    -676        f
156     -2822    -682        f
157     -2844    -687        f
158     -2864    -692        f
159     -2884    -697        f
160     -2884    -697        r
161     -2884    -697        r
162     -2884    -697        r
163     -2884    -697        f
164     -2884    -697        l
165     -2884    -697        l
166     -2884    -697        f
167     -2736    -737        f
168     -2595    -776        f
169     -2461    -814        f
170     -2332    -849        f
171     -2209    -883        f
172     -2092    -915        f
173     -1980    -946        f
174     -1873    -976        f
175     -1771    -1003        f
176     -1673    -1031        f
177     -1580    -1057        f
178     -1491    -1082        f
179     -1406    -1105        f
180     -1325    -1128        f
181     -1247    -1149        f
182     -1173    -1169        f
183     -1102    -1189        f
