step   ball_X    ball_Y    side
0     0    0        f
0     0    0        f
0     0    0        f
0     0    0        f
0     0    0        f
0     0    0        f
0     0    0        f
0     0    0        f
0     0    0        f
0     0    0        f
0     0    0        f
0     0    0        f
0     0    0        f
0     0    0        f
0     0    0        f
0     0    0        f
0     0    0        f
0     0    0        f
0     0    0        f
0     0    0        f
0     0    0        f
0     0    0        f
0     0    0        f
0     0    0        f
0     0    0        f
0     0    0        f
0     0    0        f
0     0    0        f
0     0    0        f
0     0    0        f
0     0    0        f
0     0    0        f
0     0    0        f
0     0    0        f
0     0    0        f
0     0    0        f
0     0    0        f
0     0    0        f
0     0    0        f
0     0    0        f
0     0    0        f
0     0    0        f
0     0    0        f
0     0    0        f
0     0    0        f
0     0    0        f
0     0    0        f
0     0    0        f
0     0    0        f
0     0    0        f
0     0    0        f
0     0    0        f
0     0    0        f
0     0    0        f
0     0    0        f
0     0    0        f
0     0    0        f
0     0    0        f
0     0    0        f
0     0    0        f
0     0    0        f
0     0    0        f
0     0    0        f
0     0    0        f
0     0    0        f
0     0    0        f
0     0    0        f
0     0    0        f
0     0    0        f
0     0    0        f
0     0    0        f
0     0    0        f
0     0    0        f
0     0    0        f
0     0    0        f
0     0    0        f
0     0    0        f
0     0    0        f
0     0    0        f
0     0    0        f
0     0    0        f
0     0    0        f
0     0    0        f
0     0    0        f
0     0    0        f
0     0    0        f
0     0    0        f
1     0    0        f
2     0    0        f
3     0    0        f
4     0    0        f
5     0    0        f
6     0    0        f
7     0    0        f
8     0    0        f
9     0    0        f
10     0    0        f
11     0    0        f
12     0    0        f
13     0    0        f
14     0    0        f
15     0    0        f
16     0    0        f
17     0    0        f
18     0    0        f
19     0    0        f
20     0    0        f
21     0    0        f
22     0    0        f
23     0    0        f
24     0    0        f
25     0    0        f
26     0    0        f
27     0    0        f
28     0    0        f
29     0    0        f
30     0    0        f
31     0    0        f
32     0    0        f
33     0    0        f
34     0    0        f
35     0    0        f
36     0    0        f
37     0    0        f
38     0    0        f
39     0    0        f
40     0    0        f
41     0    0        f
42     0    0        f
43     0    0        f
44     0    0        f
45     0    0        f
46     0    0        f
47     0    0        f
48     0    0        f
49     0    0        f
50     0    0        f
51     0    0        f
52     0    0        f
53     0    0        f
54     0    0        f
55     0    0        f
56     0    0        f
57     0    0        f
58     0    0        f
59     0    0        f
60     0    0        f
61     0    0        f
62     0    0        f
63     0    0        f
64     0    0        f
65     0    0        f
66     0    0        f
67     0    0        f
68     0    0        f
69     0    0        f
70     0    0        f
71     0    0        f
72     0    0        f
73     0    0        f
74     0    0        f
75     0    0        f
76     0    0        f
77     0    0        f
78     0    0        f
79     0    0        f
80     0    0        f
81     0    0        f
82     0    0        f
83     0    0        f
84     0    0        f
85     0    0        f
86     0    0        f
87     0    0        f
88     0    0        f
89     0    0        f
90     0    0        f
91     0    0        f
92     0    0        f
93     0    0        f
94     0    0        f
95     0    0        f
96     0    0        f
97     0    0        f
98     0    0        f
99     0    0        f
100     0    0        f
101     0    0        f
102     0    0        f
103     0    0        f
104     0    0        f
105     0    0        l
106     0    0        l
107     0    0        l
108     0    0        l
109     0    0        l
110     0    0        l
111     0    0        f
112     75    8        f
113     148    17        f
114     217    25        f
115     284    33        f
116     347    40        f
117     407    47        f
118     465    54        f
119     520    61        f
120     572    67        f
121     623    73        f
122     670    78        f
123     716    84        f
124     760    89        f
125     802    94        f
126     841    98        f
127     880    103        f
128     916    107        f
129     951    111        f
130     984    114        f
131     1015    119        f
132     1046    122        f
133     1075    126        f
134     1102    129        f
135     1128    132        f
136     1154    135        f
137     1178    138        f
138     1201    141        f
139     1223    143        f
140     1243    146        f
141     1264    148        f
142     1283    150        f
143     1301    152        f
144     1318    154        f
145     1335    156        f
146     1351    158        f
147     1366    160        f
148     1380    162        f
149     1394    163        f
150     1408    165        f
151     1420    166        f
152     1432    168        f
153     1444    169        f
154     1455    170        f
155     1465    171        f
156     1475    173        f
157     1485    174        f
158     1494    175        f
159     1503    176        f
160     1511    177        f
161     1519    178        f
162     1527    179        f
163     1534    179        f
164     1541    180        f
165     1548    181        f
166     1554    182        f
167     1560    182        f
168     1566    183        f
169     1571    184        f
170     1576    184        f
171     1582    185        f
172     1586    186        f
173     1591    186        f
174     1595    187        f
175     1599    187        f
176     1603    188        f
177     1607    188        f
178     1611    188        f
179     1614    189        f
180     1618    189        f
181     1621    190        f
182     1623    190        f
183     1627    190        f
184     1630    191        f
185     1632    191        f
186     1635    191        f
187     1635    191        r
188     1635    191        r
189     1635    191        f
190     1496    175        f
191     1364    159        f
192     1238    144        f
193     1117    130        f
194     1002    115        f
195     892    103        f
196     787    91        f
197     686    79        f
198     591    68        f
199     499    56        f
200     412    47        f
201     329    37        f
202     249    28        f
203     173    19        f
204     101    10        f
205     31    2        f
206     -34    -5        f
207     -97    -12        f
208     -157    -19        f
209     -215    -26        f
210     -270    -33        f
211     -322    -39        f
212     -322    -39        r
213     -322    -39        r
214     -372    -45        f
215     -372    -45        r
216     -372    -45        r
217     -372    -45        r
218     -420    -50        f
219     -420    -50        r
220     -420    -50        r
221     -420    -50        r
222     -466    -56        f
223     -466    -56        r
224     -466    -56        r
225     -466    -56        r
226     -466    -56        r
227     -466    -56        r
228     -466    -56        r
229     -466    -56        r
230     -466    -56        r
231     -509    -61        f
232     -509    -61        r
233     -509    -61        r
234     -509    -61        f
235     -593    63        f
236     -672    182        f
237     -748    296        f
238     -821    404        f
239     -890    508        f
240     -956    607        f
241     -1019    702        f
242     -1080    792        f
243     -1138    878        f
244     -1193    961        f
245     -1245    1040        f
246     -1296    1115        f
247     -1344    1186        f
248     -1389    1255        f
249     -1433    1320        f
250     -1475    1382        f
251     -1515    1442        f
252     -1553    1499        f
253     -1589    1553        f
254     -1623    1605        f
255     -1657    1655        f
256     -1689    1703        f
257     -1719    1748        f
258     -1719    1748        r
259     -1719    1748        f
260     -1789    1717        f
261     -1855    1687        f
262     -1920    1657        f
263     -1980    1630        f
264     -2038    1605        f
265     -2094    1580        f
266     -2147    1556        f
267     -2198    1533        f
268     -2246    1512        f
269     -2292    1491        f
270     -2336    1471        f
271     -2378    1452        f
272     -2418    1434        f
273     -2457    1417        f
274     -2493    1401        f
275     -2528    1385        f
276     -2562    1370        f
277     -2594    1356        f
278     -2624    1342        f
279     -2653    1329        f
280     -2681    1316        f
281     -2707    1304        f
282     -2733    1293        f
283     -2757    1282        f
284     -2780    1272        f
285     -2802    1262        f
286     -2823    1252        f
287     -2843    1243        f
288     -2862    1235        f
289     -2881    1226        f
290     -2898    1219        f
291     -2915    1211        f
292     -2931    1204        f
293     -2946    1197        f
294     -2946    1197        l
295     -2946    1197        l
296     -2946    1197        f
297     -2903    1055        f
298     -2862    919        f
299     -2823    789        f
300     0    0        f
300     0    0        f
300     0    0        f
300     0    0        f
300     0    0        f
300     0    0        f
300     0    0        f
300     0    0        f
300     0    0        f
300     0    0        f
300     0    0        f
300     0    0        f
300     0    0        f
300     0    0        f
300     0    0        f
300     0    0        f
300     0    0        f
300     0    0        f
300     0    0        f
300     0    0        f
300     0    0        f
300     0    0        f
300     0    0        f
300     0    0        f
300     0    0        f
300     0    0        f
300     0    0        f
300     0    0        f
300     0    0        f
300     0    0        f
300     0    0        f
300     0    0        f
300     0    0        f
300     0    0        f
300     0    0        f
300     0    0        f
300     0    0        f
300     0    0        f
300     0    0        f
300     0    0        f
300     0    0        f
300     0    0        f
300     0    0        f
300     0    0        f
300     0    0        f
300     0    0        f
300     0    0        f
300     0    0        f
300     0    0        f
300     0    0        f
300     0    0        f
300     0    0        f
300     0    0        f
300     0    0        f
300     0    0        f
300     0    0        f
300     0    0        f
300     0    0        f
300     0    0        f
300     0    0        f
300     0    0        f
300     0    0        f
300     0    0        f
300     0    0        f
300     0    0        f
300     0    0        f
300     0    0        f
300     0    0        f
300     0    0        f
300     0    0        f
300     0    0        f
300     0    0        f
300     0    0        f
300     0    0        f
300     0    0        f
300     0    0        f
300     0    0        f
300     0    0        f
300     0    0        f
300     0    0        f
300     0    0        f
300     0    0        f
300     0    0        f
300     0    0        f
300     0    0        f
300     0    0        f
300     0    0        f
300     0    0        f
300     0    0        f
300     0    0        f
300     0    0        f
300     0    0        f
300     0    0        f
300     0    0        f
300     0    0        f
300     0    0        f
300     0    0        f
300     0    0        f
300     0    0        f
300     0    0        f
300     0    0        f
300     0    0        f
301     0    0        f
302     0    0        f
303     0    0        f
304     0    0        f
305     0    0        f
306     0    0        f
307     0    0        f
308     0    0        f
309     0    0        f
310     0    0        f
311     0    0        f
312     0    0        f
313     0    0        f
314     0    0        f
315     0    0        f
316     0    0        f
317     0    0        f
318     0    0        f
319     0    0        f
320     0    0        f
321     0    0        f
322     0    0        f
323     0    0        f
324     0    0        f
325     0    0        f
326     0    0        f
327     0    0        f
328     0    0        f
329     0    0        f
330     0    0        f
331     0    0        f
332     0    0        f
333     0    0        f
334     0    0        f
335     0    0        f
336     0    0        f
337     0    0        f
338     0    0        f
339     0    0        f
340     0    0        f
341     0    0        f
342     0    0        f
343     0    0        f
344     0    0        f
345     0    0        f
346     0    0        f
347     0    0        f
348     0    0        f
349     0    0        f
350     0    0        f
351     0    0        f
352     0    0        f
353     0    0        f
354     0    0        f
355     0    0        f
356     0    0        f
357     0    0        f
358     0    0        f
359     0    0        f
360     0    0        f
361     0    0        f
362     0    0        f
363     0    0        f
364     0    0        f
365     0    0        f
366     0    0        f
367     0    0        f
368     0    0        f
369     0    0        f
370     0    0        f
371     0    0        f
372     0    0        f
373     0    0        f
374     0    0        f
375     0    0        f
376     0    0        f
377     0    0        f
378     0    0        f
379     0    0        f
380     0    0        f
381     0    0        f
382     0    0        f
383     0    0        f
384     0    0        f
385     0    0        f
386     0    0        f
387     0    0        f
388     0    0        f
389     0    0        f
390     0    0        f
391     0    0        f
392     0    0        f
393     0    0        f
394     0    0        f
395     0    0        f
396     0    0        f
397     0    0        f
398     0    0        f
399     0    0        f
400     0    0        f
401     0    0        f
402     0    0        f
403     0    0        f
404     0    0        f
405     0    0        r
406     0    0        r
407     0    0        f
408     -76    2        f
409     -149    5        f
410     -219    8        f
411     -285    10        f
412     -349    13        f
413     -349    13        l
414     -349    13        l
415     -349    13        f
416     -274    -3        f
417     -202    -19        f
418     -135    -35        f
419     -70    -49        f
420     -70    -49        r
421     -70    -49        f
422     -139    -15        f
423     -204    17        f
424     -204    17        l
425     -204    17        l
426     -204    17        f
427     -131    -4        f
428     -61    -26        f
429     5    -46        f
430     5    -46        r
431     5    -46        r
432     5    -46        f
433     -66    -71        f
434     -135    -95        f
435     -135    -95        l
436     -135    -95        l
437     -135    -95        f
438     -65    -125        f
439     1    -153        f
440     65    -181        f
441     127    -206        f
442     185    -231        f
443     241    -254        f
444     294    -278        f
445     345    -300        f
446     394    -321        f
447     441    -340        f
448     484    -359        f
449     527    -377        f
450     568    -395        f
451     606    -411        f
452     643    -426        f
453     678    -442        f
454     712    -455        f
455     744    -470        f
456     775    -483        f
457     803    -496        f
458     832    -507        f
459     859    -519        f
460     885    -530        f
461     909    -540        f
462     932    -550        f
463     955    -560        f
464     976    -569        f
465     996    -577        f
466     1016    -586        f
467     1034    -593        f
468     1052    -601        f
469     1069    -608        f
470     1085    -615        f
471     1100    -622        f
472     1115    -628        f
473     1129    -634        f
474     1143    -640        f
475     1155    -645        f
476     1168    -650        f
477     1179    -655        f
478     1191    -660        f
479     1201    -665        f
480     1212    -669        f
481     1221    -673        f
482     1231    -677        f
483     1239    -681        f
484     1248    -685        f
485     1256    -688        f
486     1264    -691        f
487     1271    -695        f
488     1278    -698        f
489     1285    -700        f
490     1291    -703        f
491     1298    -706        f
492     1303    -708        f
493     1309    -711        f
494     1314    -713        f
495     1320    -715        f
496     1324    -717        f
497     1329    -719        f
498     1334    -721        f
499     1334    -721        r
500     1334    -721        f
501     1232    -720        f
502     1232    -720        l
503     1232    -720        l
504     1232    -720        f
505     1308    -728        f
506     1380    -736        f
507     1450    -744        f
508     1516    -752        f
509     1579    -759        f
510     1639    -765        f
511     1697    -772        f
512     1752    -778        f
513     1805    -784        f
514     1855    -790        f
515     1903    -795        f
516     1948    -800        f
517     1993    -805        f
518     2035    -810        f
519     2075    -814        f
520     2113    -818        f
521     2150    -822        f
522     2184    -826        f
523     2218    -830        f
524     2249    -834        f
525     2280    -836        f
526     2309    -840        f
527     2336    -843        f
528     2363    -846        f
529     2388    -849        f
530     2412    -852        f
531     2435    -853        f
532     2457    -857        f
533     2478    -859        f
534     2497    -861        f
535     2517    -864        f
536     2535    -866        f
537     2552    -868        f
538     2569    -869        f
539     2585    -871        f
540     2600    -873        f
541     2614    -875        f
542     2628    -876        f
543     2641    -877        f
544     2654    -878        f
545     2666    -880        f
546     2677    -882        f
547     2688    -883        f
548     2699    -884        f
549     2708    -885        f
550     2718    -886        f
551     2727    -886        f
552     2736    -888        f
553     2744    -889        f
554     2752    -890        f
555     2760    -891        f
556     2767    -892        f
557     2774    -893        f
558     2780    -893        f
559     2786    -894        f
560     2792    -894        f
561     2798    -894        f
562     2804    -896        f
563     2804    -896        r
564     2804    -896        r
565     2804    -896        f
566     2729    -774        f
567     2659    -658        f
568     2591    -547        f
569     2526    -441        f
570     2465    -340        f
571     2406    -243        f
572     2349    -151        f
573     2296    -63        f
574     2244    20        f
575     2195    100        f
576     2149    177        f
577     2104    250        f
578     2061    320        f
579     2021    387        f
580     1982    451        f
581     1945    512        f
582     1909    570        f
583     1875    626        f
584     1843    679        f
585     1812    730        f
586     1782    778        f
587     1754    825        f
588     1754    825        r
589     1754    825        r
590     1754    825        r
591     1754    825        r
592     1727    869        f
593     1727    869        r
594     1727    869        r
595     1727    869        r
596     1727    869        r
597     1727    869        r
598     1727    869        r
599     1727    869        f
