step   ball_X    ball_Y    side
0     0    0        f
0     0    0        f
0     0    0        f
0     0    0        f
0     0    0        f
0     0    0        f
0     0    0        f
0     0    0        f
0     0    0        f
0     0    0        f
0     0    0        f
0     0    0        f
0     0    0        f
0     0    0        f
0     0    0        f
0     0    0        f
0     0    0        f
0     0    0        f
0     0    0        f
0     0    0        f
0     0    0        f
0     0    0        f
0     0    0        f
0     0    0        f
0     0    0        f
0     0    0        f
0     0    0        f
0     0    0        f
0     0    0        f
0     0    0        f
0     0    0        f
0     0    0        f
0     0    0        f
0     0    0        f
0     0    0        f
0     0    0        f
0     0    0        f
0     0    0        f
0     0    0        f
0     0    0        f
0     0    0        f
0     0    0        f
0     0    0        f
0     0    0        f
0     0    0        f
0     0    0        f
0     0    0        f
0     0    0        f
0     0    0        f
0     0    0        f
0     0    0        f
0     0    0        f
0     0    0        f
0     0    0        f
0     0    0        f
0     0    0        f
0     0    0        f
0     0    0        f
0     0    0        f
0     0    0        f
0     0    0        f
0     0    0        f
0     0    0        f
0     0    0        f
0     0    0        f
0     0    0        f
0     0    0        f
0     0    0        f
0     0    0        f
0     0    0        f
0     0    0        f
0     0    0        f
1     0    0        f
2     0    0        f
3     0    0        f
4     0    0        f
5     0    0        f
6     0    0        f
7     0    0        f
8     0    0        f
9     0    0        f
10     0    0        f
11     0    0        f
12     0    0        f
13     0    0        f
14     0    0        f
15     0    0        f
16     0    0        f
17     0    0        f
18     0    0        f
19     0    0        f
20     0    0        f
21     0    0        f
22     0    0        f
23     0    0        f
24     0    0        f
25     0    0        f
26     0    0        f
27     0    0        f
28     0    0        f
29     0    0        f
30     0    0        f
31     0    0        f
32     0    0        f
33     0    0        f
34     0    0        f
35     0    0        f
36     0    0        f
37     0    0        f
38     0    0        f
39     0    0        f
40     0    0        f
41     0    0        f
42     0    0        f
43     0    0        f
44     0    0        f
45     0    0        f
46     0    0        f
47     0    0        f
48     0    0        f
49     0    0        f
50     0    0        f
51     0    0        f
52     0    0        f
53     0    0        f
54     0    0        f
55     0    0        f
56     0    0        f
57     0    0        f
58     0    0        f
59     0    0        f
60     0    0        f
61     0    0        f
62     0    0        f
63     0    0        f
64     0    0        f
65     0    0        f
66     0    0        f
67     0    0        f
68     0    0        f
69     0    0        f
70     0    0        f
71     0    0        f
72     0    0        f
73     0    0        f
74     0    0        f
75     0    0        f
76     0    0        f
77     0    0        f
78     0    0        f
79     0    0        f
80     0    0        f
81     0    0        f
82     0    0        f
83     0    0        f
84     0    0        f
85     0    0        f
86     0    0        f
87     0    0        f
88     0    0        f
89     0    0        f
90     0    0        f
91     0    0        f
92     0    0        f
93     0    0        f
94     0    0        f
95     0    0        f
96     0    0        f
97     0    0        f
98     0    0        f
99     0    0        f
100     0    0        f
101     0    0        f
102     0    0        f
103     0    0        f
104     0    0        f
105     0    0        l
106     0    0        l
107     0    0        l
108     0    0        l
109     0    0        l
110     0    0        l
111     0    0        l
112     0    0        l
113     0    0        l
114     0    0        l
115     0    0        l
116     0    0        l
117     0    0        l
118     0    0        l
119     0    0        l
120     0    0        l
121     0    0        l
122     0    0        l
123     0    0        l
124     0    0        l
125     0    0        r
126     0    0        r
127     0    0        l
128     0    0        l
129     0    0        l
130     0    0        r
131     0    0        r
132     0    0        r
133     0    0        r
134     0    0        l
135     0    0        l
136     0    0        l
137     0    0        l
138     0    0        r
139     0    0        l
140     0    0        r
141     0    0        l
142     0    0        l
143     0    0        l
144     0    0        l
145     0    0        l
146     0    0        l
147     0    0        l
148     0    0        l
149     0    0        l
150     0    0        l
151     0    0        l
152     0    0        l
153     0    0        l
154     0    0        l
155     0    0        l
156     0    0        l
157     0    0        l
158     0    0        r
159     0    0        r
160     0    0        r
161     0    0        r
162     0    0        r
163     0    0        r
164     0    0        r
165     0    0        r
166     0    0        r
167     0    0        r
168     0    0        r
169     0    0        r
170     0    0        r
171     0    0        r
172     0    0        r
173     0    0        r
174     0    0        r
175     0    0        r
176     0    0        r
177     0    0        r
178     0    0        r
179     0    0        f
180     -68    34        f
181     -133    68        f
182     -195    100        f
183     -254    130        f
184     -311    159        f
185     -365    187        f
186     -417    213        f
187     -466    238        f
188     -513    263        f
189     -558    286        f
190     -601    308        f
191     -643    329        f
192     -682    349        f
193     -720    368        f
194     -756    386        f
195     -790    404        f
196     -823    421        f
197     -853    437        f
198     -884    451        f
199     -913    467        f
200     -940    480        f
201     -966    494        f
202     -991    505        f
203     -1015    519        f
204     -1037    530        f
205     -1059    541        f
206     -1080    552        f
207     -1100    562        f
208     -1119    572        f
209     -1137    581        f
210     -1154    590        f
211     -1171    598        f
212     -1187    606        f
213     -1202    614        f
214     -1216    621        f
215     -1230    628        f
216     -1243    635        f
217     -1256    641        f
218     -1268    647        f
219     -1279    653        f
220     -1290    659        f
221     -1300    664        f
222     -1310    669        f
223     -1320    674        f
224     -1329    679        f
225     -1338    683        f
226     -1346    687        f
227     -1354    691        f
228     -1362    695        f
229     -1369    699        f
230     -1376    702        f
231     -1382    706        f
232     -1389    709        f
233     -1389    709        r
234     -1389    709        r
235     -1389    709        r
236     -1389    709        l
237     -1389    709        l
238     -1389    709        l
239     -1389    709        f
240     -1263    790        f
241     -1142    868        f
242     -1027    942        f
243     -917    1013        f
244     -811    1080        f
245     -712    1145        f
246     -616    1206        f
247     -525    1265        f
248     -438    1321        f
249     -354    1375        f
250     -275    1426        f
251     -199    1475        f
252     -126    1522        f
253     -56    1567        f
254     8    1609        f
255     71    1650        f
256     131    1689        f
257     189    1726        f
258     243    1762        f
259     296    1795        f
260     346    1828        f
261     394    1859        f
262     440    1888        f
263     483    1916        f
264     525    1943        f
265     565    1969        f
266     603    1993        f
267     639    2016        f
268     674    2039        f
269     707    2060        f
270     739    2080        f
271     769    2100        f
272     798    2118        f
273     825    2136        f
274     852    2153        f
275     877    2169        f
276     901    2185        f
277     924    2199        f
278     946    2214        f
279     967    2227        f
280     986    2240        f
281     1006    2252        f
282     1024    2264        f
283     1042    2275        f
284     1058    2286        f
285     1074    2296        f
286     1089    2306        f
287     1104    2315        f
288     1117    2324        f
289     1131    2332        f
290     1143    2341        f
291     1155    2348        f
292     1167    2356        f
293     1178    2363        f
294     1188    2369        f
295     1198    2376        f
296     1208    2382        f
297     1217    2388        f
298     1226    2394        f
299     1234    2399        f
300     1242    2404        f
301     1250    2409        f
302     1257    2414        f
303     1264    2418        f
304     1270    2422        f
305     1277    2426        f
306     1283    2430        f
307     1288    2434        f
308     1294    2438        f
309     1294    2438        l
310     1294    2438        l
311     1294    2438        l
312     1294    2438        r
313     1294    2438        r
314     1294    2438        f
315     1225    2404        f
316     1159    2373        f
317     1096    2343        f
318     1036    2314        f
319     978    2286        f
320     924    2260        f
321     872    2235        f
322     822    2211        f
323     775    2188        f
324     729    2166        f
325     686    2145        f
326     644    2125        f
327     605    2106        f
328     567    2088        f
329     531    2071        f
330     496    2054        f
331     463    2038        f
332     432    2023        f
333     401    2009        f
334     373    1995        f
335     346    1982        f
336     319    1969        f
337     294    1957        f
338     271    1946        f
339     248    1935        f
340     225    1923        f
341     204    1914        f
342     204    1914        r
343     204    1914        r
344     204    1914        f
345     153    1857        f
346     104    1804        f
347     56    1753        f
348     11    1704        f
349     -31    1657        f
350     -72    1612        f
351     -111    1570        f
352     -149    1529        f
353     -185    1490        f
354     -219    1453        f
355     -252    1417        f
356     -283    1383        f
357     -313    1351        f
358     -342    1320        f
359     -369    1290        f
360     -395    1262        f
361     -395    1262        r
362     -395    1262        r
363     -395    1262        r
364     -395    1262        f
365     -395    1262        f
366     -395    1262        f
367     -395    1262        f
368     -395    1262        f
369     -395    1262        f
370     -395    1262        f
371     -395    1262        f
372     -395    1262        f
373     -395    1262        f
374     -395    1262        f
375     -395    1262        f
376     -395    1262        f
377     -395    1262        f
378     -395    1262        f
379     -395    1262        f
380     -395    1262        f
381     -395    1262        f
382     -395    1262        f
383     -395    1262        f
384     -395    1262        f
385     -395    1262        f
386     -395    1262        f
387     -395    1262        l
388     -395    1262        l
389     -395    1262        l
390     -395    1262        f
391     -288    1157        f
392     -185    1057        f
393     -87    961        f
394     5    869        f
395     95    783        f
396     180    699        f
397     262    620        f
398     340    544        f
399     415    471        f
400     486    401        f
401     554    336        f
402     618    272        f
403     680    212        f
404     739    154        f
405     796    99        f
406     850    47        f
407     901    -3        f
408     950    -51        f
409     997    -97        f
410     1042    -140        f
411     1085    -182        f
412     1125    -222        f
413     1164    -260        f
414     1202    -297        f
415     1202    -297        l
416     1202    -297        f
417     1269    -261        f
418     1334    -227        f
419     1395    -194        f
420     1454    -162        f
421     1510    -133        f
422     1563    -104        f
423     1614    -77        f
424     1663    -51        f
425     1710    -26        f
426     1755    -2        f
427     1797    20        f
428     1838    41        f
429     1877    62        f
430     1914    82        f
431     1948    101        f
432     1982    119        f
433     2014    136        f
434     2046    152        f
435     2076    168        f
436     2076    168        l
437     2076    168        l
438     2076    168        l
439     2076    168        l
440     2076    168        l
441     2104    183        f
442     2104    183        l
443     2104    183        l
444     2104    183        l
445     2104    183        l
446     2104    183        l
447     2104    183        l
448     2131    197        f
449     2131    197        l
450     2131    197        l
451     2131    197        l
452     2131    197        l
453     2131    197        l
454     2156    211        f
455     2156    211        l
456     2156    211        l
457     2156    211        l
458     2156    211        l
459     2156    211        l
460     2156    211        l
461     2156    211        l
462     2156    211        l
463     2156    211        l
464     2156    211        l
465     2156    211        l
466     2156    211        l
467     2156    211        l
468     2156    211        l
469     2156    211        l
470     2156    211        l
471     2156    211        l
472     2156    211        l
473     2156    211        l
474     2156    211        l
475     2156    211        l
476     2156    211        l
477     2156    211        l
478     2156    211        l
479     2156    211        l
480     2156    211        l
481     2156    211        l
482     2156    211        l
483     2156    211        l
484     2156    211        l
485     2156    211        l
486     2156    211        l
487     2156    211        l
488     2156    211        f
489     2306    206        f
490     2306    206        r
491     2306    206        f
492     2234    231        f
493     2165    254        f
494     2099    277        f
495     2036    299        f
496     1976    319        f
497     1918    339        f
498     1863    358        f
499     1810    375        f
500     1760    393        f
501     1712    409        f
502     1667    424        f
503     1623    438        f
504     1581    453        f
505     1541    467        f
506     1503    480        f
507     1467    492        f
508     1432    504        f
509     1399    515        f
510     1368    526        f
511     1337    536        f
512     1309    546        f
513     1281    556        f
514     1255    565        f
515     1230    573        f
516     1205    581        f
517     1183    589        f
518     1161    597        f
519     1140    604        f
520     1120    611        f
521     1100    617        f
522     1082    623        f
523     1065    629        f
524     1048    635        f
525     1032    641        f
526     1017    646        f
527     1002    651        f
528     989    655        f
529     975    660        f
530     963    664        f
531     951    668        f
532     939    672        f
533     927    676        f
534     918    680        f
535     908    683        f
536     898    686        f
537     889    689        f
538     880    692        f
539     872    695        f
540     864    698        f
541     856    701        f
542     856    701        l
543     856    701        l
544     856    701        l
545     856    701        f
546     924    567        f
547     989    438        f
548     1051    317        f
549     1110    200        f
550     1167    89        f
551     1221    -17        f
552     1273    -118        f
553     1322    -216        f
554     1369    -308        f
555     1414    -397        f
556     1457    -480        f
557     1498    -562        f
558     1537    -639        f
559     1574    -713        f
560     1610    -783        f
561     1644    -851        f
562     1677    -915        f
563     1707    -976        f
564     1737    -1035        f
565     1766    -1090        f
566     1793    -1144        f
567     1819    -1195        f
568     1843    -1243        f
569     1867    -1290        f
570     1889    -1334        f
571     1911    -1376        f
572     1930    -1417        f
573     1951    -1456        f
574     1970    -1493        f
575     1988    -1528        f
576     2005    -1562        f
577     2021    -1594        f
578     2036    -1623        f
579     2051    -1654        f
580     2066    -1682        f
581     2079    -1707        f
582     2092    -1734        f
583     2104    -1757        f
584     2116    -1782        f
585     2128    -1804        f
586     2138    -1825        f
587     2149    -1845        f
588     2158    -1864        f
589     2168    -1882        f
590     2177    -1901        f
591     2185    -1918        f
592     2193    -1934        f
593     2201    -1950        f
594     2209    -1964        f
595     2216    -1978        f
596     2223    -1992        f
597     2229    -2005        f
598     2235    -2017        f
599     2241    -2028        f
600     2247    -2039        f
601     2252    -2050        f
602     2258    -2060        f
603     2262    -2070        f
604     2267    -2079        f
605     2272    -2088        f
606     2276    -2097        f
607     2280    -2105        f
608     2284    -2112        f
609     2288    -2120        f
610     2291    -2127        f
611     2295    -2134        f
612     2298    -2140        f
613     2301    -2146        f
614     2304    -2152        f
615     2307    -2158        f
616     2310    -2163        f
617     2310    -2163        r
618     2310    -2163        r
619     2310    -2163        r
620     2310    -2163        r
621     2310    -2163        r
622     2310    -2163        r
623     2310    -2163        r
624     2310    -2163        r
625     2310    -2163        r
626     2310    -2163        r
627     2310    -2163        l
628     2310    -2163        l
629     2310    -2163        r
630     2310    -2163        r
631     2310    -2163        r
632     2310    -2163        r
633     2310    -2163        f
634     2350    -2098        f
635     2389    -2036        f
636     2426    -1977        f
637     2461    -1920        f
638     2495    -1866        f
639     2527    -1814        f
640     2558    -1766        f
641     2587    -1719        f
642     2615    -1673        f
643     2642    -1630        f
644     2667    -1590        f
645     2691    -1550        f
646     2715    -1513        f
647     2737    -1477        f
648     2758    -1443        f
649     2779    -1410        f
650     2798    -1379        f
651     2816    -1350        f
652     2834    -1321        f
653     2851    -1294        f
654     2867    -1268        f
655     2882    -1243        f
656     2897    -1220        f
657     2911    -1197        f
658     2924    -1176        f
659     2937    -1155        f
660     2949    -1135        f
661     2961    -1116        f
662     2972    -1098        f
663     2983    -1081        f
664     2993    -1065        f
665     3003    -1049        f
666     3012    -1034        f
667     3021    -1019        f
668     3029    -1006        f
669     3037    -993        f
670     3045    -981        f
671     3052    -969        f
672     3059    -957        f
673     3066    -947        f
674     3072    -936        f
675     3078    -926        f
676     3084    -917        f
677     3090    -908        f
678     3095    -899        f
679     3100    -891        f
680     3105    -883        f
681     3110    -876        f
682     3114    -869        f
683     3118    -861        f
684     3122    -855        f
685     3126    -849        f
686     3130    -843        f
687     3133    -836        f
688     3137    -832        f
689     3140    -827        f
690     3140    -827        r
691     3140    -827        r
692     3140    -827        r
693     3140    -827        f
694     3063    -827        f
695     2990    -828        f
696     2920    -830        f
697     2854    -831        f
698     2790    -832        f
699     2729    -833        f
700     2671    -834        f
701     2616    -835        f
702     2563    -836        f
703     2512    -836        f
704     2463    -836        f
705     2417    -838        f
706     2373    -838        f
707     2331    -839        f
708     2291    -840        f
709     2252    -840        f
710     2216    -841        f
711     2181    -841        f
712     2147    -842        f
713     2115    -842        f
714     2085    -843        f
715     2056    -843        f
716     2028    -844        f
717     2001    -844        f
718     1976    -844        f
719     1951    -844        f
720     1928    -844        f
721     1905    -846        f
722     1885    -846        f
723     1864    -846        f
724     1845    -847        f
725     1827    -847        f
726     1809    -847        f
727     1792    -847        f
728     1776    -848        f
729     1761    -848        f
730     1746    -848        f
731     1732    -848        f
732     1719    -848        f
733     1705    -849        f
734     1694    -849        f
735     1682    -849        f
736     1671    -849        f
737     1660    -849        f
738     1660    -849        r
739     1660    -849        r
740     1660    -849        r
741     1660    -849        f
742     1588    -876        f
743     1520    -902        f
744     1455    -926        f
745     1393    -950        f
746     1333    -972        f
747     1276    -994        f
748     1222    -1014        f
749     1170    -1033        f
750     1120    -1052        f
751     1073    -1070        f
752     1028    -1087        f
753     985    -1103        f
754     943    -1119        f
755     903    -1133        f
756     867    -1147        f
757     831    -1161        f
758     796    -1174        f
759     764    -1186        f
760     733    -1198        f
761     703    -1209        f
762     674    -1220        f
763     647    -1230        f
764     621    -1240        f
765     596    -1249        f
766     573    -1258        f
767     550    -1267        f
768     528    -1275        f
769     508    -1283        f
770     488    -1290        f
771     469    -1297        f
772     451    -1304        f
773     434    -1310        f
774     417    -1317        f
775     401    -1323        f
776     387    -1328        f
777     372    -1334        f
778     359    -1339        f
779     346    -1344        f
780     333    -1348        f
781     321    -1353        f
782     310    -1357        f
783     299    -1361        f
784     289    -1365        f
785     279    -1369        f
786     270    -1372        f
787     261    -1376        f
788     252    -1379        f
789     244    -1382        f
790     236    -1385        f
791     227    -1388        f
792     221    -1390        f
793     214    -1393        f
794     208    -1395        f
795     202    -1398        f
796     196    -1400        f
797     190    -1402        f
798     185    -1404        f
799     179    -1406        f
800     174    -1408        f
801     170    -1410        f
802     165    -1411        f
803     161    -1413        f
804     157    -1415        f
805     153    -1416        f
806     149    -1418        f
807     145    -1419        f
808     142    -1420        f
809     139    -1421        f
810     135    -1423        f
811     132    -1424        f
812     130    -1425        f
813     127    -1426        f
814     124    -1427        f
815     122    -1428        f
816     119    -1429        f
817     117    -1429        f
818     114    -1430        f
819     112    -1431        f
820     111    -1432        f
821     109    -1432        f
822     107    -1433        f
823     106    -1434        f
824     104    -1434        f
825     102    -1435        f
826     101    -1436        f
827     99    -1436        f
828     98    -1437        f
829     98    -1437        r
830     98    -1437        r
831     98    -1437        r
832     98    -1437        r
833     98    -1437        r
834     98    -1437        r
835     98    -1437        r
836     98    -1437        r
837     98    -1437        r
838     98    -1437        r
839     98    -1437        r
840     98    -1437        r
841     98    -1437        r
842     98    -1437        r
843     98    -1437        r
844     98    -1437        l
845     98    -1437        r
846     98    -1437        l
847     98    -1437        l
848     98    -1437        l
849     98    -1437        r
850     98    -1437        r
851     98    -1437        r
852     98    -1437        l
853     98    -1437        r
854     98    -1437        l
855     98    -1437        r
856     98    -1437        r
857     98    -1437        l
858     98    -1437        l
859     98    -1437        l
860     98    -1437        l
861     98    -1437        r
862     98    -1437        r
863     98    -1437        r
864     98    -1437        r
865     98    -1437        l
866     98    -1437        l
867     98    -1437        r
868     98    -1437        l
869     98    -1437        l
870     98    -1437        l
871     98    -1437        r
872     98    -1437        r
873     98    -1437        r
874     98    -1437        l
875     98    -1437        r
876     98    -1437        r
877     98    -1437        r
878     98    -1437        l
879     98    -1437        l
880     98    -1437        l
881     98    -1437        r
882     98    -1437        l
883     98    -1437        l
884     98    -1437        r
885     98    -1437        r
886     98    -1437        r
887     98    -1437        r
888     98    -1437        r
889     98    -1437        l
890     98    -1437        r
891     98    -1437        l
892     98    -1437        l
893     98    -1437        r
894     98    -1437        l
895     98    -1437        r
896     98    -1437        l
897     98    -1437        l
898     98    -1437        r
899     98    -1437        r
900     98    -1437        r
901     98    -1437        l
902     98    -1437        r
903     98    -1437        l
904     98    -1437        r
905     98    -1437        l
906     98    -1437        r
907     98    -1437        l
908     98    -1437        l
909     98    -1437        l
910     98    -1437        l
911     98    -1437        l
912     98    -1437        r
913     98    -1437        l
914     98    -1437        l
915     98    -1437        r
916     98    -1437        l
917     98    -1437        l
918     98    -1437        l
919     98    -1437        r
920     98    -1437        l
921     98    -1437        r
922     98    -1437        l
923     98    -1437        r
924     98    -1437        r
925     98    -1437        r
926     98    -1437        l
927     98    -1437        r
928     98    -1437        l
929     98    -1437        l
930     98    -1437        l
931     98    -1437        l
932     98    -1437        l
933     98    -1437        r
934     98    -1437        l
935     98    -1437        r
936     98    -1437        r
937     98    -1437        r
938     98    -1437        l
939     98    -1437        l
940     98    -1437        r
941     98    -1437        r
942     98    -1437        r
943     98    -1437        r
944     98    -1437        r
945     98    -1437        l
946     98    -1437        r
947     98    -1437        r
948     98    -1437        r
949     98    -1437        l
950     98    -1437        l
951     98    -1437        r
952     98    -1437        l
953     98    -1437        l
954     98    -1437        l
955     98    -1437        l
956     98    -1437        l
957     98    -1437        l
958     98    -1437        r
959     98    -1437        r
960     98    -1437        l
961     98    -1437        l
962     98    -1437        l
963     98    -1437        r
964     98    -1437        l
965     98    -1437        l
966     98    -1437        r
967     98    -1437        r
968     98    -1437        r
969     98    -1437        r
970     98    -1437        l
971     98    -1437        l
972     98    -1437        l
973     98    -1437        l
974     98    -1437        r
975     98    -1437        r
976     98    -1437        l
977     98    -1437        l
978     98    -1437        l
979     98    -1437        l
980     98    -1437        l
981     98    -1437        l
982     98    -1437        l
983     98    -1437        l
984     98    -1437        l
985     98    -1437        r
986     98    -1437        r
987     98    -1437        r
988     98    -1437        r
989     98    -1437        l
990     98    -1437        l
991     98    -1437        r
992     98    -1437        l
993     98    -1437        l
994     98    -1437        l
995     98    -1437        r
996     98    -1437        r
997     98    -1437        l
998     98    -1437        r
999     98    -1437        r
1000     98    -1437        l
1001     98    -1437        l
1002     98    -1437        l
1003     98    -1437        r
1004     98    -1437        l
1005     98    -1437        r
1006     98    -1437        l
1007     98    -1437        r
1008     98    -1437        r
1009     98    -1437        r
1010     98    -1437        r
1011     98    -1437        r
1012     98    -1437        l
1013     98    -1437        l
1014     98    -1437        r
1015     98    -1437        l
1016     98    -1437        l
1017     98    -1437        r
1018     98    -1437        l
1019     98    -1437        r
1020     98    -1437        r
1021     98    -1437        r
1022     98    -1437        r
1023     98    -1437        l
1024     98    -1437        r
1025     98    -1437        r
1026     98    -1437        r
1027     98    -1437        r
1028     98    -1437        r
1029     98    -1437        r
1030     98    -1437        l
1031     98    -1437        r
1032     98    -1437        r
1033     98    -1437        r
1034     162    -1345        r
1035     162    -1345        l
1036     162    -1345        l
1037     162    -1345        l
1038     162    -1345        l
1039     162    -1345        l
1040     162    -1345        l
1041     162    -1345        l
1042     162    -1345        l
1043     162    -1345        l
1044     162    -1345        l
1045     162    -1345        l
1046     162    -1345        l
1047     162    -1345        l
1048     296    -1196        l
1049     296    -1196        f
1050     296    -1196        f
1051     296    -1196        f
1052     296    -1196        f
1053     296    -1196        f
1054     296    -1196        f
1055     296    -1196        f
1056     296    -1196        f
1057     296    -1196        f
1058     296    -1196        f
1059     296    -1196        f
1060     296    -1196        f
1061     296    -1196        f
1062     296    -1196        f
1063     296    -1196        f
1064     296    -1196        f
1065     296    -1196        f
1066     296    -1196        f
1067     296    -1196        f
1068     296    -1196        f
1069     296    -1196        f
1070     296    -1196        f
1071     296    -1196        f
1072     296    -1196        f
1073     296    -1196        f
1074     296    -1196        f
1075     296    -1196        f
1076     296    -1196        f
1077     296    -1196        f
1078     296    -1196        f
1079     296    -1196        f
1080     296    -1196        f
1081     296    -1196        f
1082     296    -1196        f
1083     296    -1196        f
1084     296    -1196        r
1085     296    -1196        r
1086     296    -1196        f
1087     227    -1164        f
1088     160    -1134        f
1089     97    -1104        f
1090     37    -1077        f
1091     37    -1077        l
1092     37    -1077        l
1093     37    -1077        f
1094     91    -1080        f
1095     142    -1083        f
1096     191    -1087        f
1097     238    -1090        f
1098     238    -1090        l
1099     238    -1090        l
1100     238    -1090        l
1101     238    -1090        l
1102     238    -1090        l
1103     238    -1090        l
1104     238    -1090        l
1105     238    -1090        l
1106     238    -1090        l
1107     238    -1090        l
1108     238    -1090        l
1109     238    -1090        l
1110     238    -1090        l
1111     238    -1090        l
1112     238    -1090        l
1113     238    -1090        l
1114     238    -1090        l
1115     238    -1090        l
1116     238    -1090        l
1117     238    -1090        l
1118     238    -1090        l
1119     238    -1090        l
1120     238    -1090        l
1121     238    -1090        l
1122     238    -1090        l
1123     238    -1090        l
1124     238    -1090        l
1125     238    -1090        l
1126     238    -1090        l
1127     238    -1090        l
1128     238    -1090        l
1129     238    -1090        l
1130     238    -1090        l
1131     238    -1090        l
1132     238    -1090        l
1133     238    -1090        l
1134     238    -1090        l
1135     238    -1090        r
1136     238    -1090        r
1137     238    -1090        l
1138     238    -1090        l
1139     238    -1090        l
1140     238    -1090        l
1141     238    -1090        l
1142     238    -1090        l
1143     238    -1090        l
1144     238    -1090        l
1145     238    -1090        l
1146     238    -1090        l
1147     238    -1090        l
1148     238    -1090        l
1149     238    -1090        l
1150     238    -1090        l
1151     238    -1090        l
1152     238    -1090        l
1153     238    -1090        l
1154     238    -1090        l
1155     238    -1090        l
1156     238    -1090        l
1157     238    -1090        l
1158     238    -1090        l
1159     238    -1090        l
1160     238    -1090        l
1161     238    -1090        l
1162     238    -1090        l
1163     238    -1090        l
1164     238    -1090        l
1165     238    -1090        l
1166     238    -1090        l
1167     238    -1090        l
1168     238    -1090        l
1169     238    -1090        l
1170     238    -1090        l
1171     238    -1090        l
1172     238    -1090        l
1173     238    -1090        l
1174     238    -1090        l
1175     238    -1090        l
1176     238    -1090        l
1177     238    -1090        l
1178     238    -1090        l
1179     238    -1090        l
1180     238    -1090        l
1181     238    -1090        l
1182     238    -1090        l
1183     238    -1090        l
1184     238    -1090        l
1185     238    -1090        l
1186     238    -1090        r
1187     238    -1090        l
1188     238    -1090        r
1189     238    -1090        r
1190     238    -1090        r
1191     238    -1090        r
1192     238    -1090        r
1193     238    -1090        r
1194     238    -1090        l
1195     238    -1090        l
1196     238    -1090        l
1197     238    -1090        l
1198     238    -1090        l
1199     238    -1090        r
1200     0    0        f
1200     0    0        f
1200     0    0        f
1200     0    0        f
1200     0    0        f
1200     0    0        f
1200     0    0        f
1200     0    0        f
1200     0    0        f
1200     0    0        f
1200     0    0        f
1200     0    0        f
1200     0    0        f
1200     0    0        f
1200     0    0        f
1200     0    0        f
1200     0    0        f
1200     0    0        f
1200     0    0        f
1200     0    0        f
1200     0    0        f
1200     0    0        f
1200     0    0        f
1200     0    0        f
1200     0    0        f
1200     0    0        f
1200     0    0        f
1200     0    0        f
1200     0    0        f
1200     0    0        f
1200     0    0        f
1200     0    0        f
1200     0    0        f
1200     0    0        f
1200     0    0        f
1200     0    0        f
1200     0    0        f
1200     0    0        f
1200     0    0        f
1200     0    0        f
1200     0    0        f
1200     0    0        f
1200     0    0        f
1200     0    0        f
1200     0    0        f
1200     0    0        f
1200     0    0        f
1200     0    0        f
1200     0    0        f
1200     0    0        f
1200     0    0        f
1200     0    0        f
1200     0    0        f
1200     0    0        f
1200     0    0        f
1200     0    0        f
1200     0    0        f
1200     0    0        f
1200     0    0        f
1200     0    0        f
1200     0    0        f
1200     0    0        f
1200     0    0        f
1200     0    0        f
1200     0    0        f
1200     0    0        f
1200     0    0        f
1200     0    0        f
1200     0    0        f
1200     0    0        f
1200     0    0        f
1200     0    0        f
1200     0    0        f
1200     0    0        f
1200     0    0        f
1200     0    0        f
1200     0    0        f
1200     0    0        f
1200     0    0        f
1200     0    0        f
1200     0    0        f
1200     0    0        f
1200     0    0        f
1200     0    0        f
1200     0    0        f
1200     0    0        f
1200     0    0        f
1200     0    0        f
1200     0    0        f
1200     0    0        f
1200     0    0        f
1200     0    0        f
1200     0    0        f
1200     0    0        f
1200     0    0        f
1200     0    0        f
1200     0    0        f
1200     0    0        f
1200     0    0        f
1200     0    0        f
1200     0    0        f
1200     0    0        f
1201     0    0        f
1202     0    0        f
1203     0    0        f
1204     0    0        f
1205     0    0        f
1206     0    0        f
1207     0    0        f
1208     0    0        f
1209     0    0        f
1210     0    0        f
1211     0    0        f
1212     0    0        f
1213     0    0        f
1214     0    0        f
1215     0    0        f
1216     0    0        f
1217     0    0        f
1218     0    0        f
1219     0    0        f
1220     0    0        f
1221     0    0        f
1222     0    0        f
1223     0    0        f
1224     0    0        f
1225     0    0        f
1226     0    0        f
1227     0    0        f
1228     0    0        f
1229     0    0        f
1230     0    0        f
1231     0    0        f
1232     0    0        f
1233     0    0        f
1234     0    0        f
1235     0    0        f
1236     0    0        f
1237     0    0        f
1238     0    0        f
1239     0    0        f
1240     0    0        f
1241     0    0        f
1242     0    0        f
1243     0    0        f
1244     0    0        f
1245     0    0        f
1246     0    0        f
1247     0    0        f
1248     0    0        f
1249     0    0        f
1250     0    0        f
1251     0    0        f
1252     0    0        f
1253     0    0        f
1254     0    0        f
1255     0    0        f
1256     0    0        f
1257     0    0        f
1258     0    0        f
1259     0    0        f
1260     0    0        f
1261     0    0        f
1262     0    0        f
1263     0    0        f
1264     0    0        f
1265     0    0        f
1266     0    0        f
1267     0    0        f
1268     0    0        f
1269     0    0        f
1270     0    0        f
1271     0    0        f
1272     0    0        f
1273     0    0        f
1274     0    0        f
1275     0    0        f
1276     0    0        f
1277     0    0        f
1278     0    0        f
1279     0    0        f
1280     0    0        f
1281     0    0        f
1282     0    0        f
1283     0    0        f
1284     0    0        f
1285     0    0        f
1286     0    0        f
1287     0    0        f
1288     0    0        f
1289     0    0        f
1290     0    0        f
1291     0    0        f
1292     0    0        f
1293     0    0        f
1294     0    0        f
1295     0    0        f
1296     0    0        f
1297     0    0        f
1298     0    0        f
1299     0    0        f
1300     0    0        f
1301     0    0        f
1302     0    0        f
1303     0    0        f
1304     0    0        r
1305     0    0        r
1306     0    0        r
1307     0    0        f
1308     -76    6        f
1309     -149    12        f
1310     -218    18        f
1311     -284    24        f
1312     -348    28        f
1313     -409    34        f
1314     -466    39        f
1315     -522    44        f
1316     -574    48        f
1317     -625    53        f
1318     -673    56        f
1319     -718    61        f
1320     -762    64        f
1321     -803    68        f
1322     -844    71        f
1323     -882    74        f
1324     -918    78        f
1325     -952    81        f
1326     -986    83        f
1327     -1018    86        f
1328     -1049    89        f
1329     -1078    91        f
1330     -1105    93        f
1331     -1132    96        f
1332     -1157    98        f
1333     -1181    100        f
1334     -1204    102        f
1335     -1226    104        f
1336     -1247    105        f
1337     -1267    107        f
1338     -1286    109        f
1339     -1304    110        f
1340     -1322    112        f
1341     -1338    112        f
1342     -1354    114        f
1343     -1369    115        f
1344     -1384    117        f
1345     -1398    118        f
1346     -1411    119        f
1347     -1424    120        f
1348     -1436    121        f
1349     -1447    122        f
1350     -1458    123        f
1351     -1469    124        f
1352     -1479    125        f
1353     -1488    126        f
1354     -1497    127        f
1355     -1506    127        f
1356     -1514    128        f
1357     -1522    129        f
1358     -1530    130        f
1359     -1537    130        f
1360     -1544    131        f
1361     -1551    131        f
1362     -1557    132        f
1363     -1563    132        f
1364     -1569    133        f
1365     -1574    133        f
1366     -1580    134        f
1367     -1585    134        f
1368     -1589    135        f
1369     -1594    135        f
1370     -1598    135        f
1371     -1603    136        f
1372     -1607    136        f
1373     -1610    136        f
1374     -1614    137        f
1375     -1617    137        f
1376     -1621    137        f
1377     -1623    138        f
1378     -1627    138        f
1379     -1630    138        f
1380     -1632    138        f
1381     -1635    138        f
1382     -1638    139        f
1383     -1639    139        f
1384     -1639    139        l
1385     -1639    139        l
1386     -1639    139        l
1387     -1639    139        f
1388     -1568    165        f
1389     -1499    189        f
1390     -1499    189        r
1391     -1499    189        f
1392     -1570    218        f
1393     -1638    246        f
1394     -1702    273        f
1395     -1763    298        f
1396     -1822    322        f
1397     -1878    345        f
1398     -1932    367        f
1399     -1982    388        f
1400     -2032    408        f
1401     -2078    428        f
1402     -2123    446        f
1403     -2165    463        f
1404     -2206    480        f
1405     -2245    496        f
1406     -2282    511        f
1407     -2317    526        f
1408     -2351    540        f
1409     -2383    553        f
1410     -2414    566        f
1411     -2443    578        f
1412     -2471    589        f
1413     -2498    600        f
1414     -2523    611        f
1415     -2548    621        f
1416     -2571    630        f
1417     -2594    640        f
1418     -2615    648        f
1419     -2635    657        f
1420     -2655    665        f
1421     -2673    672        f
1422     -2691    680        f
1423     -2708    687        f
1424     -2724    693        f
1425     -2739    700        f
1426     -2754    706        f
1427     -2768    711        f
1428     -2782    717        f
1429     -2794    722        f
1430     -2807    727        f
1431     -2818    732        f
1432     -2830    737        f
1433     -2840    741        f
1434     -2851    745        f
1435     -2860    749        f
1436     -2870    753        f
1437     -2879    757        f
1438     -2887    760        f
1439     -2895    764        f
1440     -2903    767        f
1441     -2910    770        f
1442     -2917    773        f
1443     -2924    775        f
1444     -2931    778        f
1445     -2937    781        f
1446     -2943    783        f
1447     -2948    785        f
1448     -2954    787        f
1449     -2959    790        f
1450     -2964    792        f
1451     -2968    793        f
1452     -2973    795        f
1453     -2977    797        f
1454     -2981    799        f
1455     -2985    800        f
1456     -2989    802        f
1457     -2992    802        f
1458     -2996    805        f
1459     -2999    806        f
1460     -3002    807        f
1461     -3005    808        f
1462     -3008    810        f
1463     -3010    811        f
1464     -3013    811        f
1465     -3016    813        f
1466     -3018    814        f
1467     -3020    815        f
1468     -3022    816        f
1469     -3022    816        r
1470     -3022    816        r
1471     -3022    816        r
1472     -3022    816        f
1473     -3160    755        f
1474     -3290    698        f
1475     -3415    642        f
1476     -3535    590        f
1477     -3649    540        f
1478     -3758    492        f
1479     -3861    446        f
1480     -3961    401        f
1481     -4056    360        f
1482     -4146    320        f
1483     -4233    282        f
1484     -4316    246        f
1485     -4394    211        f
1486     -4394    211        l
1487     -4394    211        l
1488     -4474    237        l
1489     -4476    224        l
1490     -4304    141        l
1491     -4299    138        l
1492     -4450    163        l
1493     -4289    262        l
1494     -4271    254        l
1495     -4245    229        l
1496     -4280    104        l
1497     -4374    118        l
1498     -4387    194        l
1499     -4284    76        l
1500     -4337    227        l
1501     -4348    187        l
1502     -4159    146        l
1503     -4264    224        l
1504     -4292    192        l
1505     -4130    85        l
1506     -4297    75        l
1507     -4122    141        l
1508     -4264    24        l
1509     -4131    -13        l
1510     -4155    -37        l
1511     -4154    133        l
1512     -4090    98        l
1513     -4153    103        l
1514     -4036    3        l
1515     -4177    -91        l
1516     -4028    9        l
1517     -4054    25        l
1518     -3996    -96        l
1519     -3990    -56        l
1520     -4119    -190        l
1521     -4111    -209        l
1522     -3984    -229        l
1523     -4109    -231        l
1524     -4046    -113        l
1525     -4101    -242        l
1526     -3997    -342        l
1527     -3931    -200        l
1528     -4015    -381        l
1529     -3928    -405        l
1530     -3876    -392        l
1531     -3972    -280        l
1532     -4021    -425        l
1533     -3849    -363        l
1534     -4006    -455        l
1535     -3997    -466        l
1536     -3822    -539        l
1537     -3977    -484        l
1538     -3840    -443        l
1539     -3927    -480        l
1540     -3786    -634        l
1541     -3936    -626        l
1542     -3786    -702        l
1543     -3907    -698        l
1544     -3868    -754        l
1545     -3901    -705        l
1546     -3818    -638        l
1547     -3728    -826        l
1548     -3797    -873        l
1549     -3761    -718        l
1550     -3727    -751        l
1551     -3761    -957        l
1552     -3817    -941        l
1553     -3657    -861        l
1554     -3804    -921        l
1555     -3620    -947        l
1556     -3622    -952        l
1557     -3609    -1089        l
1558     -3629    -988        l
1559     -3574    -1110        l
1560     -3690    -1042        l
1561     -3571    -1213        l
1562     -3679    -1270        l
1563     -3567    -1147        l
1564     -3527    -1278        l
1565     -3572    -1194        l
1566     -3671    -1260        l
1567     -3610    -1431        l
1568     -4900    -3200        f
1569     -4900    -3200        f
1570     -4900    -3200        f
1571     -4900    -3200        f
1572     -4900    -3200        f
1573     -4900    -3200        f
1574     -4900    -3200        f
1575     -4900    -3200        f
1576     -4900    -3200        f
1577     -4900    -3200        f
1578     -4900    -3200        f
1579     -4900    -3200        f
1580     -4900    -3200        f
1581     -4900    -3200        f
1582     -4900    -3200        f
1583     -4900    -3200        f
1584     -4900    -3200        f
1585     -4900    -3200        f
1586     -4900    -3200        f
1587     -4900    -3200        f
1588     -4900    -3200        f
1589     -4900    -3200        f
1590     -4900    -3200        f
1591     -4900    -3200        f
1592     -4900    -3200        f
1593     -4900    -3200        f
1594     -4900    -3200        f
1595     -4900    -3200        f
1596     -4900    -3200        f
1597     -4900    -3200        f
1598     -4900    -3200        f
1599     -4900    -3200        f
1600     -4900    -3200        f
1601     -4900    -3200        f
1602     -4900    -3200        f
1603     -4900    -3200        f
1604     -4900    -3200        f
1605     -4900    -3200        f
1606     -4900    -3200        f
1607     -4900    -3200        f
1608     -4900    -3200        f
1609     -4900    -3200        f
1610     -4900    -3200        f
1611     -4900    -3200        f
1612     -4900    -3200        f
1613     -4900    -3200        f
1614     -4900    -3200        f
1615     -4900    -3200        f
1616     -4900    -3200        f
1617     -4900    -3200        f
1618     -4900    -3200        f
1619     -4900    -3200        f
1620     -4900    -3200        f
1621     -4900    -3200        f
1622     -4900    -3200        f
1623     -4900    -3200        f
1624     -4900    -3200        f
1625     -4900    -3200        f
1626     -4900    -3200        f
1627     -4900    -3200        f
1628     -4900    -3200        f
1629     -4900    -3200        f
1630     -4900    -3200        f
1631     -4900    -3200        f
1632     -4900    -3200        f
1633     -4900    -3200        f
1634     -4900    -3200        f
1635     -4900    -3200        f
1636     -4900    -3200        f
1637     -4900    -3200        f
1638     -4900    -3200        f
1639     -4900    -3200        f
1640     -4900    -3200        f
1641     -4900    -3200        f
1642     -4900    -3200        f
1643     -4900    -3200        f
1644     -4900    -3200        f
1645     -4900    -3200        f
1646     -4900    -3200        f
1647     -4900    -3200        f
1648     -4900    -3200        f
1649     -4900    -3200        f
1650     -4900    -3200        f
1651     -4900    -3200        f
1652     -4900    -3200        f
1653     -4900    -3200        f
1654     -4900    -3200        f
1655     -4900    -3200        f
1656     -4900    -3200        f
1657     -4900    -3200        f
1658     -4900    -3200        r
1659     -4900    -3200        r
1660     -4900    -3200        r
1661     -4900    -3200        f
1662     -4908    -3050        f
1663     -4917    -2907        f
1664     -4925    -2770        f
1665     -4933    -2640        f
1666     -4940    -2516        f
1667     -4947    -2397        f
1668     -4954    -2283        f
1669     -4960    -2174        f
1670     -4966    -2071        f
1671     -4972    -1972        f
1672     -4978    -1878        f
1673     -4983    -1787        f
1674     -4988    -1701        f
1675     -4993    -1619        f
1676     -4997    -1540        f
1677     -5002    -1465        f
1678     -3400    -2000        f
1679     -3400    -2000        f
1680     -3400    -2000        f
1681     -3400    -2000        f
1682     -3400    -2000        f
1683     -3400    -2000        f
1684     -3400    -2000        f
1685     -3400    -2000        f
1686     -3400    -2000        f
1687     -3400    -2000        f
1688     -3400    -2000        f
1689     -3400    -2000        f
1690     -3400    -2000        f
1691     -3400    -2000        f
1692     -3400    -2000        f
1693     -3400    -2000        f
1694     -3400    -2000        f
1695     -3400    -2000        f
1696     -3400    -2000        f
1697     -3400    -2000        f
1698     -3400    -2000        f
1699     -3400    -2000        f
1700     -3400    -2000        f
1701     -3400    -2000        f
1702     -3400    -2000        l
1703     -3400    -2000        l
1704     -3400    -2000        l
1705     -3400    -2000        f
1706     -3438    -1987        f
1707     -3475    -1975        f
1708     -3510    -1963        f
1709     -3543    -1952        f
1710     -3575    -1942        f
1711     -3606    -1932        f
1712     -3635    -1922        f
1713     -3663    -1913        f
1714     -3690    -1905        f
1715     -3690    -1905        l
1716     -3690    -1905        l
1717     -3690    -1905        f
1718     -3625    -1864        f
1719     -3561    -1826        f
1720     -3503    -1789        f
1721     -3446    -1755        f
1722     -3392    -1722        f
1723     -3340    -1689        f
1724     -3290    -1659        f
1725     -3244    -1630        f
1726     -3199    -1603        f
1727     -3156    -1576        f
1728     -3115    -1551        f
1729     -3076    -1527        f
1730     -3039    -1504        f
1731     -3003    -1482        f
1732     -2969    -1461        f
1733     -2936    -1441        f
1734     -2905    -1422        f
1735     -2875    -1403        f
1736     -2847    -1386        f
1737     -2820    -1369        f
1738     -2794    -1353        f
1739     -2769    -1338        f
1740     -2746    -1323        f
1741     -2723    -1309        f
1742     -2702    -1296        f
1743     -2681    -1284        f
1744     -2662    -1271        f
1745     -2643    -1260        f
1746     -2625    -1249        f
1747     -2608    -1238        f
1748     -2592    -1228        f
1749     -2576    -1219        f
1750     -2561    -1210        f
1751     -2547    -1201        f
1752     -2533    -1192        f
1753     -2520    -1185        f
1754     -2508    -1177        f
1755     -2496    -1170        f
1756     -2485    -1163        f
1757     -2474    -1156        f
1758     -2464    -1150        f
1759     -2454    -1144        f
1760     -2445    -1138        f
1761     -2436    -1132        f
1762     -2427    -1127        f
1763     -2419    -1122        f
1764     -2411    -1117        f
1765     -2411    -1117        l
1766     -2411    -1117        l
1767     -2411    -1117        l
1768     -2411    -1117        f
1769     -2343    -1082        f
1770     -2278    -1048        f
1771     -2217    -1015        f
1772     -2158    -984        f
1773     -2101    -955        f
1774     -2048    -927        f
1775     -1996    -900        f
1776     -1947    -874        f
1777     -1901    -850        f
1778     -1855    -826        f
1779     -1813    -803        f
1780     -1773    -782        f
1781     -1734    -762        f
1782     -1697    -742        f
1783     -1661    -724        f
1784     -1627    -706        f
1785     -1595    -689        f
1786     -1564    -673        f
1787     -1534    -657        f
1788     -1506    -642        f
1789     -1479    -628        f
1790     -1453    -615        f
1791     -1429    -602        f
1792     -1405    -590        f
1793     -1383    -578        f
1794     -1361    -567        f
1795     -1341    -556        f
1796     -1321    -546        f
1797     -1303    -536        f
1798     -1285    -526        f
1799     -1268    -518        f
1800     -1251    -509        f
1801     -1236    -501        f
1802     -1221    -493        f
1803     -1207    -486        f
1804     -1193    -479        f
1805     -1180    -472        f
1806     -1168    -465        f
1807     -1156    -459        f
1808     -1145    -453        f
1809     -1134    -448        f
1810     -1124    -442        f
1811     -1114    -437        f
1812     -1105    -432        f
1813     -1096    -428        f
1814     -1087    -423        f
1815     -1079    -419        f
1816     -1071    -415        f
1817     -1064    -411        f
1818     -1057    -407        f
1819     -1050    -404        f
1820     -1043    -400        f
1821     -1043    -400        r
1822     -1043    -400        r
1823     -1043    -400        r
1824     -1043    -400        f
1825     -1119    -389        f
1826     -1191    -378        f
1827     -1260    -368        f
1828     -1326    -358        f
1829     -1389    -348        f
1830     -1449    -339        f
1831     -1506    -331        f
1832     -1561    -322        f
1833     -1613    -315        f
1834     -1663    -307        f
1835     -1711    -300        f
1836     -1755    -293        f
1837     -1800    -286        f
1838     -1841    -280        f
1839     -1880    -274        f
1840     -1919    -269        f
1841     -1955    -263        f
1842     -1989    -258        f
1843     -2022    -252        f
1844     -2054    -248        f
1845     -2084    -244        f
1846     -2112    -239        f
1847     -2140    -235        f
1848     -2166    -231        f
1849     -2191    -227        f
1850     -2215    -224        f
1851     -2237    -220        f
1852     -2259    -217        f
1853     -2280    -214        f
1854     -2300    -211        f
1855     -2319    -208        f
1856     -2337    -204        f
1857     -2354    -202        f
1858     -2370    -200        f
1859     -2386    -198        f
1860     -2401    -196        f
1861     -2401    -196        l
1862     -2401    -196        l
1863     -2401    -196        f
1864     -2325    -192        f
1865     -2252    -188        f
1866     -2182    -185        f
1867     -2116    -181        f
1868     -2052    -178        f
1869     -1992    -175        f
1870     -1934    -172        f
1871     -1878    -169        f
1872     -1826    -167        f
1873     -1775    -164        f
1874     -1727    -162        f
1875     -1680    -160        f
1876     -1637    -157        f
1877     -1595    -155        f
1878     -1555    -153        f
1879     -1517    -151        f
1880     -1480    -150        f
1881     -1446    -148        f
1882     -1412    -146        f
1883     -1380    -145        f
1884     -1350    -143        f
1885     -1321    -142        f
1886     -1293    -140        f
1887     -1267    -139        f
1888     -1241    -138        f
1889     -1217    -136        f
1890     -1194    -135        f
1891     -1172    -134        f
1892     -1151    -133        f
1893     -1131    -132        f
1894     -1112    -131        f
1895     -1093    -130        f
1896     -1076    -129        f
1897     -1059    -128        f
1898     -1043    -128        f
1899     -1028    -127        f
1900     -1014    -126        f
1901     -1000    -125        f
1902     -986    -125        f
1903     -974    -124        f
1904     -961    -124        f
1905     -950    -123        f
1906     -939    -122        f
1907     -939    -122        r
1908     -939    -122        r
1909     -939    -122        f
1910     -1011    -146        f
1911     -1081    -169        f
1912     -1148    -191        f
1913     -1211    -211        f
1914     -1271    -231        f
1915     -1329    -250        f
1916     -1384    -268        f
1917     -1437    -286        f
1918     -1487    -302        f
1919     -1535    -318        f
1920     -1581    -333        f
1921     -1625    -347        f
1922     -1667    -361        f
1923     -1707    -374        f
1924     -1745    -386        f
1925     -1782    -398        f
1926     -1817    -409        f
1927     -1850    -421        f
1928     -1882    -430        f
1929     -1912    -441        f
1930     -1941    -451        f
1931     -1969    -459        f
1932     -1995    -468        f
1933     -2020    -476        f
1934     -2044    -484        f
1935     -2067    -492        f
1936     -2089    -499        f
1937     -2110    -505        f
1938     -2130    -513        f
1939     -2150    -519        f
1940     -2168    -525        f
1941     -2185    -531        f
1942     -2202    -536        f
1943     -2218    -541        f
1944     -2233    -546        f
1945     -2247    -551        f
1946     -2261    -556        f
1947     -2274    -560        f
1948     -2274    -560        l
1949     -2274    -560        l
1950     -2274    -560        f
1951     -2198    -555        f
1952     -2125    -549        f
1953     -2056    -544        f
1954     -1989    -540        f
1955     -1989    -540        r
1956     -1989    -540        r
1957     -1989    -540        f
1958     -2135    -505        f
1959     -2275    -473        f
1960     -2408    -442        f
1961     -2535    -412        f
1962     -2657    -384        f
1963     -2773    -357        f
1964     -2884    -331        f
1965     -2884    -331        l
1966     -2884    -331        f
1967     -2815    -298        f
1968     -2749    -266        f
1969     -2687    -235        f
1970     -2627    -206        f
1971     -2570    -178        f
1972     -2515    -151        f
1973     -2463    -126        f
1974     -2413    -102        f
1975     -2366    -78        f
1976     -2321    -56        f
1977     -2277    -35        f
1978     -2236    -15        f
1979     -2197    4        f
1980     -2159    22        f
1981     -2123    40        f
1982     -2089    56        f
1983     -2056    73        f
1984     -2025    88        f
1985     -1995    103        f
1986     -1967    117        f
1987     -1939    130        f
1988     -1914    143        f
1989     -1889    155        f
1990     -1864    166        f
1991     -1842    178        f
1992     -1821    188        f
1993     -1800    198        f
1994     -1780    208        f
1995     -1762    217        f
1996     -1744    225        f
1997     -1727    235        f
1998     -1710    243        f
1999     -1695    250        f
2000     -1680    258        f
2001     -1664    265        f
2002     -1652    271        f
2003     -1639    278        f
2004     -1626    284        f
2005     -1614    290        f
2006     -1603    295        f
2007     -1592    301        f
2008     -1582    306        f
2009     -1572    310        f
2010     -1563    315        f
2011     -1554    319        f
2012     -1545    324        f
2013     -1537    328        f
2014     -1529    332        f
2015     -1522    335        f
2016     -1522    335        l
2017     -1522    335        l
2018     -1522    335        l
2019     -1522    335        f
2020     -1448    315        f
2021     -1378    295        f
2022     -1310    277        f
2023     -1246    259        f
2024     -1185    242        f
2025     -1126    225        f
2026     -1070    210        f
2027     -1017    195        f
2028     -966    181        f
2029     -917    168        f
2030     -869    155        f
2031     -826    143        f
2032     -783    131        f
2033     -743    120        f
2034     -704    109        f
2035     -667    99        f
2036     -632    89        f
2037     -598    79        f
2038     -565    71        f
2039     -535    62        f
2040     -505    54        f
2041     -476    46        f
2042     -450    39        f
2043     -425    32        f
2044     -400    25        f
2045     -377    18        f
2046     -354    12        f
2047     -333    6        f
2048     -313    1        f
2049     -293    -4        f
2050     -275    -9        f
2051     -257    -14        f
2052     -240    -18        f
2053     -224    -23        f
2054     -208    -27        f
2055     -194    -31        f
2056     -179    -35        f
2057     -166    -39        f
2058     -153    -42        f
2059     -141    -46        f
2060     -129    -49        f
2061     -118    -52        f
2062     -107    -55        f
2063     -97    -57        f
2064     -87    -61        f
2065     -78    -63        f
2066     -69    -66        f
2067     -61    -68        f
2068     -52    -70        f
2069     -45    -72        f
2070     -37    -74        f
2071     -30    -76        f
2072     -24    -78        f
2073     -17    -80        f
2074     -11    -82        f
2075     -5    -83        f
2076     0    -85        f
2077     5    -86        f
2078     10    -88        f
2079     10    -88        l
2080     10    -88        l
2081     10    -88        l
2082     10    -88        f
2083     80    -56        f
2084     147    -28        f
2085     147    -28        r
2086     147    -28        r
2087     147    -28        f
2088     71    -18        f
2089     0    -9        f
2090     -69    0        f
2091     -135    8        f
2092     -198    16        f
2093     -259    24        f
2094     -316    31        f
2095     -371    38        f
2096     -423    45        f
2097     -473    51        f
2098     -521    56        f
2099     -567    63        f
2100     -610    69        f
2101     -610    69        r
2102     -610    69        r
2103     -610    69        f
2104     -682    95        f
2105     -751    119        f
2106     -817    143        f
2107     -878    165        f
2108     -939    187        f
2109     -996    206        f
2110     -1051    227        f
2111     -1103    245        f
2112     -1153    263        f
2113     -1200    280        f
2114     -1245    297        f
2115     -1289    312        f
2116     -1330    327        f
2117     -1369    341        f
2118     -1407    355        f
2119     -1443    368        f
2120     -1477    380        f
2121     -1510    392        f
2122     -1542    403        f
2123     -1572    413        f
2124     -1600    424        f
2125     -1628    434        f
2126     -1654    443        f
2127     -1679    451        f
2128     -1703    461        f
2129     -1726    469        f
2130     -1747    476        f
2131     -1768    484        f
2132     -1788    491        f
2133     -1807    498        f
2134     -1825    505        f
2135     -1843    511        f
2136     -1859    517        f
2137     -1875    523        f
2138     -1889    528        f
2139     -1905    533        f
2140     -1919    538        f
2141     -1932    543        f
2142     -1944    547        f
2143     -1944    547        l
2144     -1944    547        l
2145     -1944    547        l
2146     -1944    547        f
2147     -1876    512        f
2148     -1812    478        f
2149     -1750    446        f
2150     -1689    416        f
2151     -1634    386        f
2152     -1580    358        f
2153     -1528    332        f
2154     -1479    306        f
2155     -1432    282        f
2156     -1387    259        f
2157     -1344    237        f
2158     -1303    215        f
2159     -1264    195        f
2160     -1227    176        f
2161     -1191    158        f
2162     -1157    140        f
2163     -1124    123        f
2164     -1093    107        f
2165     -1064    92        f
2166     -1035    77        f
2167     -1008    63        f
2168     -982    50        f
2169     -958    37        f
2170     -934    25        f
2171     -911    14        f
2172     -890    2        f
2173     -869    -7        f
2174     -850    -17        f
2175     -831    -27        f
2176     -831    -27        r
2177     -831    -27        r
2178     -813    -36        f
2179     -813    -36        r
2180     -813    -36        r
2181     -796    -45        f
2182     -796    -45        r
2183     -796    -45        r
2184     -780    -53        f
2185     -780    -53        r
2186     -780    -53        r
2187     -780    -53        r
2188     -780    -53        r
2189     -764    -61        f
2190     -764    -61        r
2191     -764    -61        r
2192     -764    -61        r
2193     -764    -61        r
2194     -764    -61        r
2195     -764    -61        r
2196     -764    -61        r
2197     -764    -61        r
2198     -764    -61        r
2199     -764    -61        r
2200     -764    -61        r
2201     -764    -61        r
2202     -764    -61        r
2203     -764    -61        r
2204     -764    -61        r
2205     -764    -61        r
2206     -764    -61        r
2207     -764    -61        r
2208     -764    -61        r
2209     -764    -61        r
2210     -764    -61        r
2211     -764    -61        r
2212     -764    -61        r
2213     -764    -61        r
2214     -764    -61        r
2215     -764    -61        r
2216     -764    -61        r
2217     -764    -61        r
2218     -764    -61        r
2219     -764    -61        l
2220     -764    -61        r
2221     -764    -61        r
2222     -764    -61        r
2223     -764    -61        r
2224     -764    -61        r
2225     -764    -61        r
2226     -764    -61        r
2227     -764    -61        r
2228     -764    -61        r
2229     -764    -61        r
2230     -764    -61        r
2231     -764    -61        r
2232     -764    -61        r
2233     -764    -61        r
2234     -764    -61        r
2235     -764    -61        r
2236     -764    -61        r
2237     -764    -61        r
2238     -764    -61        r
2239     -764    -61        r
2240     -764    -61        r
2241     -764    -61        r
2242     -764    -61        r
2243     -764    -61        r
2244     -764    -61        r
2245     -764    -61        r
2246     -764    -61        r
2247     -764    -61        f
2248     -836    -35        f
2249     -905    -10        f
2250     -969    14        f
2251     -1033    37        f
2252     -1092    59        f
2253     -1149    80        f
2254     -1204    100        f
2255     -1255    119        f
2256     -1305    137        f
2257     -1352    155        f
2258     -1398    171        f
2259     -1441    187        f
2260     -1482    202        f
2261     -1521    217        f
2262     -1559    231        f
2263     -1595    244        f
2264     -1629    257        f
2265     -1662    269        f
2266     -1693    280        f
2267     -1723    292        f
2268     -1752    302        f
2269     -1779    312        f
2270     -1805    322        f
2271     -1830    331        f
2272     -1853    340        f
2273     -1876    348        f
2274     -1898    356        f
2275     -1918    364        f
2276     -1938    371        f
2277     -1957    378        f
2278     -1975    385        f
2279     -1992    391        f
2280     -2007    397        f
2281     -2023    403        f
2282     -2039    408        f
2283     -2053    413        f
2284     -2067    419        f
2285     -2080    423        f
2286     -2092    428        f
2287     -2104    432        f
2288     -2116    436        f
2289     -2126    440        f
2290     -2137    444        f
2291     -2147    448        f
2292     -2156    451        f
2293     -2165    455        f
2294     -2174    458        f
2295     -2182    461        f
2296     -2190    463        f
2297     -2190    463        l
2298     -2190    463        l
2299     -2190    463        l
2300     -2190    463        f
2301     -2114    457        f
2302     -2041    451        f
2303     -1971    445        f
2304     -1971    445        r
2305     -1971    445        f
2306     -2120    421        f
2307     -2261    399        f
2308     -2396    378        f
2309     -2525    357        f
2310     -2648    338        f
2311     -2766    319        f
2312     -2878    301        f
2313     -2986    285        f
2314     -3089    268        f
2315     -3187    252        f
2316     -3279    238        f
2317     -3370    224        f
2318     -3454    210        f
2319     -3536    198        f
2320     -3615    185        f
2321     -3689    173        f
2322     -3760    162        f
2323     -3828    152        f
2324     -3893    141        f
2325     -3954    131        f
2326     -4014    122        f
2327     -4070    112        f
2328     -4124    105        f
2329     -4175    96        f
2330     -4225    89        f
2331     -4225    89        l
2332     -4225    89        l
2333     -4225    89        l
2334     -4225    89        l
2335     -4225    89        f
2336     -4093    161        f
2337     -3968    229        f
2338     -3847    296        f
2339     -3733    359        f
2340     -3624    419        f
2341     -3519    476        f
2342     -3419    531        f
2343     -3324    583        f
2344     -3233    633        f
2345     -3146    681        f
2346     -3063    727        f
2347     -2984    770        f
2348     -2908    811        f
2349     -2836    852        f
2350     -2767    890        f
2351     -2701    926        f
2352     -2638    961        f
2353     -2578    994        f
2354     -2520    1025        f
2355     -2465    1055        f
2356     -2413    1084        f
2357     -2363    1112        f
2358     -2315    1138        f
2359     -2269    1163        f
2360     -2226    1187        f
2361     -2184    1210        f
2362     -2144    1232        f
2363     -2106    1253        f
2364     -2106    1253        l
2365     -2106    1253        l
2366     -2106    1253        f
2367     -1972    1226        f
2368     -1844    1201        f
2369     -1722    1177        f
2370     -1605    1154        f
2371     -1494    1132        f
2372     -1388    1111        f
2373     -1286    1091        f
2374     -1189    1072        f
2375     -1097    1054        f
2376     -1008    1037        f
2377     -923    1019        f
2378     -843    1003        f
2379     -765    989        f
2380     -692    974        f
2381     -621    961        f
2382     -554    947        f
2383     -490    935        f
2384     -429    923        f
2385     -370    911        f
2386     -315    900        f
2387     -261    890        f
2388     -210    880        f
2389     -162    869        f
2390     -114    861        f
2391     -71    852        f
2392     -28    844        f
2393     11    836        f
2394     49    828        f
2395     86    822        f
2396     122    815        f
2397     155    808        f
2398     187    802        f
2399     218    796        f
