step   ball_X    ball_Y    side
0     0    0        f
0     0    0        f
0     0    0        f
0     0    0        f
0     0    0        f
0     0    0        f
0     0    0        f
0     0    0        f
0     0    0        f
0     0    0        f
0     0    0        f
0     0    0        f
0     0    0        f
0     0    0        f
0     0    0        f
0     0    0        f
1     0    0        f
2     0    0        f
3     0    0        f
4     0    0        f
5     0    0        f
6     0    0        f
7     0    0        f
8     0    0        f
9     0    0        f
10     0    0        f
11     0    0        f
12     0    0        f
13     0    0        f
14     0    0        f
15     0    0        f
16     0    0        f
17     0    0        f
18     0    0        f
19     0    0        f
20     0    0        f
21     0    0        f
22     0    0        f
23     0    0        f
24     0    0        f
25     0    0        f
26     0    0        f
27     0    0        f
28     0    0        f
29     0    0        f
30     0    0        f
31     0    0        f
32     0    0        f
33     0    0        f
34     0    0        f
35     0    0        f
36     0    0        f
37     0    0        f
38     0    0        f
39     0    0        f
40     0    0        f
41     0    0        f
42     0    0        f
43     0    0        f
44     0    0        f
45     0    0        f
46     0    0        f
47     0    0        f
48     0    0        f
49     0    0        f
50     0    0        f
51     0    0        f
52     0    0        f
53     0    0        f
54     0    0        f
55     0    0        f
56     0    0        f
57     0    0        f
58     0    0        f
59     0    0        f
60     0    0        f
61     0    0        f
62     0    0        f
63     0    0        f
64     0    0        f
65     0    0        f
66     0    0        f
67     0    0        f
68     0    0        f
69     0    0        f
70     0    0        f
71     0    0        f
72     0    0        f
73     0    0        f
74     0    0        f
75     0    0        f
76     0    0        f
77     0    0        f
78     0    0        f
79     0    0        f
80     0    0        f
81     0    0        f
82     0    0        f
83     0    0        f
84     0    0        f
85     0    0        f
86     0    0        f
87     0    0        f
88     0    0        f
89     0    0        f
90     0    0        f
91     0    0        f
92     0    0        f
93     0    0        f
94     0    0        f
95     0    0        f
96     0    0        f
97     0    0        f
98     0    0        f
99     0    0        f
100     0    0        f
101     0    0        f
102     0    0        f
103     0    0        f
104     0    0        f
105     0    0        l
106     0    0        l
107     0    0        l
108     0    0        l
109     0    0        l
110     0    0        f
111     76    2        f
112     149    4        f
113     219    6        f
114     285    8        f
115     349    10        f
116     409    12        f
117     468    14        f
118     523    16        f
119     576    17        f
120     626    19        f
121     675    20        f
122     721    22        f
123     765    23        f
124     807    24        f
125     847    25        f
126     885    27        f
127     922    28        f
128     957    28        f
129     990    30        f
130     1022    31        f
131     1052    32        f
132     1082    33        f
133     1109    33        f
134     1136    34        f
135     1161    35        f
136     1185    36        f
137     1209    36        f
138     1231    37        f
139     1252    38        f
140     1272    38        f
141     1291    39        f
142     1309    40        f
143     1327    40        f
144     1344    41        f
145     1360    41        f
146     1375    42        f
147     1390    42        f
148     1403    42        f
149     1417    43        f
150     1429    43        f
151     1442    44        f
152     1453    44        f
153     1464    44        f
154     1475    45        f
155     1485    45        f
156     1494    45        f
157     1504    46        f
158     1512    46        f
159     1521    46        f
160     1529    46        f
161     1536    47        f
162     1544    47        f
163     1551    47        f
164     1557    47        f
165     1563    47        f
166     1570    48        f
167     1575    48        f
168     1581    48        f
169     1586    48        f
170     1591    48        f
171     1596    48        f
172     1600    48        f
173     1605    49        f
174     1609    49        f
175     1613    49        f
176     1617    49        f
177     1617    49        r
178     1617    49        r
179     1617    49        f
180     1546    20        f
181     1478    -7        f
182     1414    -33        f
183     1352    -57        f
184     1294    -83        f
185     1237    -106        f
186     1184    -128        f
187     1133    -149        f
188     1084    -169        f
189     1084    -169        l
190     1084    -169        f
191     1153    -200        f
192     1219    -231        f
193     1282    -262        f
194     1342    -290        f
195     1400    -317        f
196     1455    -343        f
197     1507    -368        f
198     1558    -391        f
199     1605    -413        f
200     1651    -434        f
201     1695    -455        f
202     1737    -475        f
203     1777    -494        f
204     1814    -511        f
205     1851    -529        f
206     1886    -545        f
207     1919    -560        f
208     1951    -575        f
209     1980    -589        f
210     2010    -603        f
211     2037    -616        f
212     2064    -628        f
213     2089    -640        f
214     2113    -651        f
215     2136    -662        f
216     2158    -672        f
217     2178    -682        f
218     2198    -692        f
219     2218    -701        f
220     2236    -709        f
221     2253    -717        f
222     2270    -725        f
223     2286    -733        f
224     2301    -740        f
225     2315    -747        f
226     2329    -753        f
227     2343    -759        f
228     2355    -765        f
229     2367    -771        f
230     2379    -776        f
231     2390    -781        f
232     2400    -786        f
233     2410    -791        f
234     2420    -796        f
235     2429    -800        f
236     2438    -803        f
237     2446    -808        f
238     2454    -811        f
239     2462    -815        f
240     2469    -819        f
241     2469    -819        r
242     2469    -819        r
243     2469    -819        f
244     2392    -852        f
245     2319    -885        f
246     2248    -915        f
247     2181    -944        f
248     2117    -973        f
249     2056    -1000        f
250     1998    -1025        f
251     1942    -1050        f
252     1889    -1073        f
253     1838    -1095        f
254     1789    -1116        f
255     1743    -1137        f
256     1698    -1156        f
257     1698    -1156        r
258     1698    -1156        f
259     1556    -1111        f
260     1419    -1067        f
261     1289    -1025        f
262     1164    -986        f
263     1045    -948        f
264     932    -911        f
265     823    -877        f
266     720    -844        f
267     621    -813        f
268     527    -782        f
269     437    -754        f
270     351    -726        f
271     268    -700        f
272     190    -675        f
273     114    -651        f
274     43    -628        f
275     -24    -606        f
276     -89    -586        f
277     -152    -566        f
278     -211    -547        f
279     -268    -529        f
280     -322    -511        f
281     -374    -495        f
282     -423    -479        f
283     -470    -463        f
284     -516    -449        f
285     -559    -436        f
286     -600    -422        f
287     -639    -409        f
288     -676    -398        f
289     -712    -386        f
290     -746    -375        f
291     -779    -365        f
292     -810    -355        f
293     -840    -346        f
294     -868    -336        f
295     -894    -328        f
296     -921    -319        f
297     -946    -311        f
298     -969    -304        f
299     -992    -297        f
300     0    0        f
300     0    0        f
300     0    0        f
300     0    0        f
300     0    0        f
300     0    0        f
300     0    0        f
300     0    0        f
300     0    0        f
300     0    0        f
300     0    0        f
300     0    0        f
300     0    0        f
300     0    0        f
300     0    0        f
300     0    0        f
300     0    0        f
300     0    0        f
300     0    0        f
300     0    0        f
300     0    0        f
300     0    0        f
300     0    0        f
300     0    0        f
300     0    0        f
300     0    0        f
300     0    0        f
300     0    0        f
300     0    0        f
300     0    0        f
300     0    0        f
300     0    0        f
300     0    0        f
300     0    0        f
300     0    0        f
300     0    0        f
300     0    0        f
300     0    0        f
300     0    0        f
300     0    0        f
300     0    0        f
300     0    0        f
300     0    0        f
300     0    0        f
300     0    0        f
300     0    0        f
300     0    0        f
300     0    0        f
300     0    0        f
300     0    0        f
300     0    0        f
300     0    0        f
300     0    0        f
300     0    0        f
300     0    0        f
300     0    0        f
300     0    0        f
300     0    0        f
300     0    0        f
300     0    0        f
300     0    0        f
300     0    0        f
300     0    0        f
300     0    0        f
300     0    0        f
300     0    0        f
300     0    0        f
300     0    0        f
300     0    0        f
300     0    0        f
300     0    0        f
300     0    0        f
300     0    0        f
300     0    0        f
300     0    0        f
300     0    0        f
300     0    0        f
300     0    0        f
300     0    0        f
300     0    0        f
300     0    0        f
300     0    0        f
300     0    0        f
300     0    0        f
300     0    0        f
300     0    0        f
300     0    0        f
300     0    0        f
300     0    0        f
300     0    0        f
300     0    0        f
300     0    0        f
300     0    0        f
300     0    0        f
300     0    0        f
300     0    0        f
300     0    0        f
300     0    0        f
300     0    0        f
300     0    0        f
300     0    0        f
300     0    0        f
301     0    0        f
302     0    0        f
303     0    0        f
304     0    0        f
305     0    0        f
306     0    0        f
307     0    0        f
308     0    0        f
309     0    0        f
310     0    0        f
311     0    0        f
312     0    0        f
313     0    0        f
314     0    0        f
315     0    0        f
316     0    0        f
317     0    0        f
318     0    0        f
319     0    0        f
320     0    0        f
321     0    0        f
322     0    0        f
323     0    0        f
324     0    0        f
325     0    0        f
326     0    0        f
327     0    0        f
328     0    0        f
329     0    0        f
330     0    0        f
331     0    0        f
332     0    0        f
333     0    0        f
334     0    0        f
335     0    0        f
336     0    0        f
337     0    0        f
338     0    0        f
339     0    0        f
340     0    0        f
341     0    0        f
342     0    0        f
343     0    0        f
344     0    0        f
345     0    0        f
346     0    0        f
347     0    0        f
348     0    0        f
349     0    0        f
350     0    0        f
351     0    0        f
352     0    0        f
353     0    0        f
354     0    0        f
355     0    0        f
356     0    0        f
357     0    0        f
358     0    0        f
359     0    0        f
360     0    0        f
361     0    0        f
362     0    0        f
363     0    0        f
364     0    0        f
365     0    0        f
366     0    0        f
367     0    0        f
368     0    0        f
369     0    0        f
370     0    0        f
371     0    0        f
372     0    0        f
373     0    0        f
374     0    0        f
375     0    0        f
376     0    0        f
377     0    0        f
378     0    0        f
379     0    0        f
380     0    0        f
381     0    0        f
382     0    0        f
383     0    0        f
384     0    0        f
385     0    0        f
386     0    0        f
387     0    0        f
388     0    0        f
389     0    0        f
390     0    0        f
391     0    0        f
392     0    0        f
393     0    0        f
394     0    0        f
395     0    0        f
396     0    0        f
397     0    0        f
398     0    0        f
399     0    0        f
400     0    0        f
401     0    0        f
402     0    0        f
403     0    0        f
404     0    0        f
405     0    0        r
406     0    0        r
407     0    0        f
408     -66    36        f
409     -130    72        f
410     -191    105        f
411     -250    138        f
412     -305    168        f
413     -358    198        f
414     -409    225        f
415     -458    252        f
416     -504    278        f
417     -548    302        f
418     -590    325        f
419     -631    348        f
420     -669    369        f
421     -706    389        f
422     -741    409        f
423     -774    426        f
424     -806    445        f
425     -836    462        f
426     -866    478        f
427     -894    493        f
428     -921    508        f
429     -946    522        f
430     -969    535        f
431     -993    548        f
432     -1016    560        f
433     -1037    572        f
434     -1057    583        f
435     -1076    594        f
436     -1095    604        f
437     -1112    614        f
438     -1129    623        f
439     -1145    632        f
440     -1160    640        f
441     -1175    649        f
442     -1189    656        f
443     -1202    664        f
444     -1202    664        l
445     -1202    664        f
446     -1094    753        f
447     -990    839        f
448     -891    921        f
449     -796    1000        f
450     -706    1074        f
451     -620    1146        f
452     -537    1214        f
453     -459    1279        f
454     -383    1342        f
455     -312    1401        f
456     -243    1458        f
457     -178    1512        f
458     -115    1564        f
459     -56    1614        f
460     0    1661        f
461     54    1705        f
462     106    1748        f
463     156    1789        f
464     202    1829        f
465     202    1829        r
466     202    1829        f
467     134    1707        f
468     67    1593        f
469     4    1482        f
470     -55    1377        f
471     -112    1276        f
472     -112    1276        r
473     -112    1276        f
474     -154    1193        f
475     -193    1113        f
476     -229    1037        f
477     -266    964        f
478     -301    894        f
479     -333    827        f
480     -364    765        f
481     -394    704        f
482     -423    646        f
483     -450    591        f
484     -476    538        f
485     -501    488        f
486     -524    440        f
487     -547    394        f
488     -569    351        f
489     -589    309        f
490     -609    269        f
491     -628    231        f
492     -646    194        f
493     -663    159        f
494     -679    126        f
495     -695    94        f
496     -710    64        f
497     -724    35        f
498     -738    7        f
499     -751    -18        f
500     -763    -43        f
501     -775    -67        f
502     -786    -90        f
503     -797    -112        f
504     -808    -133        f
505     -817    -153        f
506     -827    -173        f
507     -836    -191        f
508     -844    -208        f
509     -852    -225        f
510     -860    -241        f
511     -868    -256        f
512     -875    -271        f
513     -875    -271        l
514     -882    -285        f
515     -882    -285        r
516     -882    -285        r
517     -882    -285        r
518     -882    -285        r
519     -882    -285        r
520     -882    -285        r
521     -882    -285        r
522     -882    -285        r
523     -882    -285        r
524     -882    -285        r
525     -882    -285        r
526     -882    -285        r
527     -882    -285        r
528     -882    -285        r
529     -882    -285        r
530     -882    -285        r
531     -882    -285        r
532     -882    -285        r
533     -882    -285        r
534     -882    -285        r
535     -882    -285        r
536     -882    -285        r
537     -882    -285        r
538     -882    -285        r
539     -882    -285        r
540     -882    -285        r
541     -882    -285        r
542     -882    -285        r
543     -882    -285        r
544     -882    -285        r
545     -882    -285        r
546     -882    -285        r
547     -882    -285        r
548     -882    -285        r
549     -882    -285        r
550     -882    -285        r
551     -882    -285        r
552     -882    -285        r
553     -882    -285        f
554     -957    -297        f
555     -957    -297        l
556     -957    -297        f
557     -883    -315        f
558     -811    -331        f
559     -744    -347        f
560     -679    -362        f
561     -617    -376        f
562     -558    -390        f
563     -501    -403        f
564     -447    -416        f
565     -395    -428        f
566     -346    -438        f
567     -299    -450        f
568     -254    -461        f
569     -211    -471        f
570     -170    -480        f
571     -131    -488        f
572     -94    -498        f
573     -57    -505        f
574     -24    -514        f
575     8    -522        f
576     39    -529        f
577     68    -536        f
578     97    -542        f
579     124    -549        f
580     150    -555        f
581     175    -560        f
582     198    -566        f
583     221    -571        f
584     242    -576        f
585     263    -581        f
586     283    -585        f
587     301    -590        f
588     319    -594        f
589     336    -598        f
590     353    -602        f
591     368    -605        f
592     383    -609        f
593     397    -612        f
594     411    -615        f
595     424    -618        f
596     436    -621        f
597     448    -624        f
598     459    -627        f
599     470    -629        f
