step   ball_X    ball_Y    side
0     0    0        f
0     0    0        f
0     0    0        f
0     0    0        f
0     0    0        f
0     0    0        f
0     0    0        f
0     0    0        f
0     0    0        f
0     0    0        f
0     0    0        f
0     0    0        f
0     0    0        f
0     0    0        f
0     0    0        f
0     0    0        f
0     0    0        f
0     0    0        f
0     0    0        f
0     0    0        f
0     0    0        f
0     0    0        f
0     0    0        f
0     0    0        f
0     0    0        f
0     0    0        f
0     0    0        f
0     0    0        f
0     0    0        f
0     0    0        f
0     0    0        f
0     0    0        f
0     0    0        f
0     0    0        f
0     0    0        f
0     0    0        f
0     0    0        f
0     0    0        f
0     0    0        f
0     0    0        f
0     0    0        f
0     0    0        f
0     0    0        f
0     0    0        f
0     0    0        f
0     0    0        f
0     0    0        f
0     0    0        f
0     0    0        f
0     0    0        f
0     0    0        f
0     0    0        f
0     0    0        f
0     0    0        f
0     0    0        f
0     0    0        f
0     0    0        f
0     0    0        f
0     0    0        f
0     0    0        f
0     0    0        f
0     0    0        f
0     0    0        f
0     0    0        f
0     0    0        f
0     0    0        f
0     0    0        f
0     0    0        f
0     0    0        f
0     0    0        f
0     0    0        f
0     0    0        f
0     0    0        f
0     0    0        f
0     0    0        f
0     0    0        f
0     0    0        f
0     0    0        f
0     0    0        f
0     0    0        f
0     0    0        f
0     0    0        f
0     0    0        f
0     0    0        f
0     0    0        f
0     0    0        f
0     0    0        f
0     0    0        f
0     0    0        f
0     0    0        f
0     0    0        f
0     0    0        f
0     0    0        f
0     0    0        f
0     0    0        f
0     0    0        f
0     0    0        f
0     0    0        f
0     0    0        f
0     0    0        f
0     0    0        f
1     0    0        f
2     0    0        f
3     0    0        f
4     0    0        f
5     0    0        f
6     0    0        f
7     0    0        f
8     0    0        f
9     0    0        f
10     0    0        f
11     0    0        f
12     0    0        f
13     0    0        f
14     0    0        f
15     0    0        f
16     0    0        f
17     0    0        f
18     0    0        f
19     0    0        f
20     0    0        f
21     0    0        f
22     0    0        f
23     0    0        f
24     0    0        f
25     0    0        f
26     0    0        f
27     0    0        f
28     0    0        f
29     0    0        f
30     0    0        f
31     0    0        f
32     0    0        f
33     0    0        f
34     0    0        f
35     0    0        f
36     0    0        f
37     0    0        f
38     0    0        f
39     0    0        f
40     0    0        f
41     0    0        f
42     0    0        f
43     0    0        f
44     0    0        f
45     0    0        f
46     0    0        f
47     0    0        f
48     0    0        f
49     0    0        f
50     0    0        f
51     0    0        f
52     0    0        f
53     0    0        f
54     0    0        f
55     0    0        f
56     0    0        f
57     0    0        f
58     0    0        f
59     0    0        f
60     0    0        f
61     0    0        f
62     0    0        f
63     0    0        f
64     0    0        f
65     0    0        f
66     0    0        f
67     0    0        f
68     0    0        f
69     0    0        f
70     0    0        f
71     0    0        f
72     0    0        f
73     0    0        f
74     0    0        f
75     0    0        f
76     0    0        f
77     0    0        f
78     0    0        f
79     0    0        f
80     0    0        f
81     0    0        f
82     0    0        f
83     0    0        f
84     0    0        f
85     0    0        f
86     0    0        f
87     0    0        f
88     0    0        f
89     0    0        f
90     0    0        f
91     0    0        f
92     0    0        f
93     0    0        f
94     0    0        f
95     0    0        f
96     0    0        f
97     0    0        f
98     0    0        f
99     0    0        f
100     0    0        f
101     0    0        f
102     0    0        f
103     0    0        f
104     0    0        f
105     0    0        l
106     0    0        l
107     0    0        l
108     0    0        l
109     0    0        l
110     0    0        l
111     0    0        l
112     0    0        l
113     0    0        l
114     0    0        l
115     0    0        f
116     76    -6        f
117     149    -12        f
118     218    -18        f
119     218    -18        r
120     218    -18        r
121     218    -18        f
122     142    -27        f
123     70    -36        f
124     1    -45        f
125     -65    -53        f
126     -128    -61        f
127     -188    -69        f
128     -245    -76        f
129     -300    -83        f
130     -353    -89        f
131     -403    -96        f
132     -451    -102        f
133     -496    -107        f
134     -540    -112        f
135     -581    -118        f
136     -621    -123        f
137     -659    -128        f
138     -695    -132        f
139     -730    -136        f
140     -763    -141        f
141     -794    -145        f
142     -824    -148        f
143     -852    -152        f
144     -881    -155        f
145     -907    -159        f
146     -932    -162        f
147     -956    -165        f
148     -978    -168        f
149     -1000    -170        f
150     -1021    -173        f
151     -1041    -175        f
152     -1060    -178        f
153     -1078    -180        f
154     -1096    -182        f
155     -1112    -184        f
156     -1128    -186        f
157     -1143    -188        f
158     -1158    -190        f
159     -1171    -192        f
160     -1185    -193        f
161     -1197    -195        f
162     -1209    -196        f
163     -1221    -198        f
164     -1232    -199        f
165     -1242    -200        f
166     -1252    -202        f
167     -1262    -202        f
168     -1271    -204        f
169     -1279    -204        f
170     -1288    -206        f
171     -1296    -206        f
172     -1303    -208        f
173     -1310    -209        f
174     -1317    -210        f
175     -1324    -211        f
176     -1330    -212        f
177     -1336    -212        f
178     -1342    -213        f
179     -1347    -214        f
180     -1352    -214        f
181     -1357    -215        f
182     -1362    -216        f
183     -1367    -216        f
184     -1367    -216        l
185     -1367    -216        l
186     -1367    -216        f
187     -1367    -216        r
188     -1367    -216        r
189     -1367    -216        f
190     -1443    -206        f
191     -1515    -196        f
192     -1584    -187        f
193     -1650    -178        f
194     -1713    -170        f
195     -1773    -162        f
196     -1830    -154        f
197     -1886    -146        f
198     -1939    -139        f
199     -1989    -133        f
200     -2037    -126        f
201     -2083    -120        f
202     -2126    -113        f
203     -2168    -109        f
204     -2208    -103        f
205     -2246    -98        f
206     -2283    -93        f
207     -2317    -89        f
208     -2350    -84        f
209     -2382    -80        f
210     -2412    -76        f
211     -2441    -72        f
212     -2469    -68        f
213     -2495    -65        f
214     -2520    -62        f
215     -2544    -57        f
216     -2567    -55        f
217     -2589    -52        f
218     -2610    -50        f
219     -2629    -47        f
220     -2648    -44        f
221     -2667    -42        f
222     -2684    -40        f
223     -2700    -37        f
224     -2716    -35        f
225     -2731    -33        f
226     -2746    -31        f
227     -2760    -28        f
228     -2773    -28        f
229     -2785    -26        f
230     -2797    -24        f
231     -2809    -23        f
232     -2819    -21        f
233     -2830    -20        f
234     -2840    -19        f
235     -2849    -17        f
236     -2858    -16        f
237     -2867    -15        f
238     -2875    -14        f
239     -2883    -13        f
240     -2891    -12        f
241     -2898    -11        f
242     -2905    -10        f
243     -2912    -9        f
244     -2918    -8        f
245     -2924    -7        f
246     -2930    -7        f
247     -2935    -6        f
248     -2940    -5        f
249     -2945    -4        f
250     -2950    -4        f
251     -2955    -3        f
252     -2959    -3        f
253     -2963    -2        f
254     -2967    -1        f
255     -2967    -1        r
256     -2967    -1        r
257     -2967    -1        f
258     -3117    -5        f
259     -3260    -8        f
260     -3397    -11        f
261     -3527    -14        f
262     -3545    -109        l
263     -3620    36        l
264     -3497    68        l
265     -3518    -111        l
266     -3472    -109        l
267     -3518    -103        l
268     -3393    -69        l
269     -3393    -69        l
270     -3393    -69        f
271     -3351    -95        f
272     -3310    -120        f
273     -3271    -144        f
274     -3234    -167        f
275     -3199    -189        f
276     -3165    -209        f
277     -3133    -229        f
278     -3102    -248        f
279     -3073    -266        f
280     -3044    -284        f
281     -3018    -300        f
282     -2992    -316        f
283     -2968    -331        f
284     -2944    -346        f
285     -2922    -359        f
286     -2901    -372        f
287     -2880    -385        f
288     -2861    -397        f
289     -2842    -408        f
290     -2825    -419        f
291     -2808    -430        f
292     -2792    -440        f
293     -2776    -449        f
294     -2761    -458        f
295     -2747    -467        f
296     -2734    -475        f
297     -2721    -483        f
298     -2709    -491        f
299     -2697    -498        f
300     -2686    -505        f
301     -2675    -512        f
302     -2665    -518        f
303     -2655    -524        f
304     -2646    -530        f
305     -2637    -535        f
306     -2628    -540        f
307     -2620    -545        f
308     -2613    -550        f
309     -2605    -555        f
310     -2598    -559        f
311     -2591    -563        f
312     -2585    -567        f
313     -2579    -571        f
314     -2573    -574        f
315     -2567    -578        f
316     -2562    -581        f
317     -2557    -584        f
318     -2552    -587        f
319     -2547    -590        f
320     -2543    -593        f
321     -2539    -596        f
322     -2535    -598        f
323     -2531    -600        f
324     -2527    -603        f
325     -2523    -605        f
326     -2520    -607        f
327     -2517    -609        f
328     -2514    -611        f
329     -2511    -613        f
330     -2508    -614        f
331     -2505    -616        f
332     -2503    -618        f
333     -2500    -619        f
334     -2498    -621        f
335     -2496    -622        f
336     -2493    -623        f
337     -2491    -624        f
338     -2489    -626        f
339     -2488    -627        f
340     -2486    -628        f
341     -2484    -629        f
342     -2482    -630        f
343     -2482    -630        l
344     -2482    -630        l
345     -2482    -630        l
346     -2482    -630        f
347     -2341    -681        f
348     -2207    -730        f
349     -2078    -777        f
350     -1955    -821        f
351     -1838    -864        f
352     -1726    -903        f
353     -1619    -943        f
354     -1517    -980        f
355     -1420    -1016        f
356     -1327    -1049        f
357     -1238    -1082        f
358     -1153    -1112        f
359     -1072    -1142        f
360     -994    -1170        f
361     -921    -1197        f
362     -850    -1223        f
363     -783    -1247        f
364     -719    -1270        f
365     -657    -1293        f
366     -598    -1314        f
367     -542    -1334        f
368     -488    -1354        f
369     -438    -1372        f
370     -389    -1390        f
371     -342    -1407        f
372     -298    -1423        f
373     -254    -1439        f
374     -254    -1439        r
375     -254    -1439        f
376     -332    -1437        f
377     -405    -1435        f
378     -475    -1433        f
379     -541    -1431        f
380     -605    -1430        f
381     -666    -1428        f
382     -724    -1427        f
383     -779    -1425        f
384     -832    -1424        f
385     -882    -1423        f
386     -930    -1422        f
387     -976    -1420        f
388     -1019    -1419        f
389     -1062    -1418        f
390     -1062    -1418        l
391     -1062    -1418        l
392     -1062    -1418        f
393     -986    -1419        f
394     -911    -1420        f
395     -843    -1421        f
396     -776    -1422        f
397     -712    -1423        f
398     -652    -1424        f
399     -594    -1425        f
400     -538    -1426        f
401     -484    -1427        f
402     -434    -1427        f
403     -386    -1428        f
404     -340    -1429        f
405     -296    -1429        f
406     -254    -1430        f
407     -214    -1430        f
408     -175    -1431        f
409     -139    -1431        f
410     -104    -1432        f
411     -70    -1432        f
412     -38    -1433        f
413     -8    -1433        f
414     21    -1434        f
415     48    -1434        f
416     48    -1434        l
417     48    -1434        l
418     48    -1434        f
419     125    -1437        f
420     198    -1440        f
421     268    -1443        f
422     334    -1445        f
423     398    -1448        f
424     459    -1450        f
425     517    -1452        f
426     572    -1454        f
427     625    -1456        f
428     676    -1458        f
429     724    -1460        f
430     770    -1462        f
431     814    -1464        f
432     856    -1465        f
433     897    -1467        f
434     935    -1468        f
435     972    -1470        f
436     1007    -1471        f
437     1040    -1473        f
438     1072    -1474        f
439     1103    -1475        f
440     1132    -1476        f
441     1160    -1477        f
442     1187    -1478        f
443     1212    -1479        f
444     1236    -1480        f
445     1260    -1481        f
446     1282    -1482        f
447     1303    -1483        f
448     1323    -1483        f
449     1342    -1484        f
450     1361    -1485        f
451     1378    -1486        f
452     1395    -1486        f
453     1411    -1487        f
454     1426    -1487        f
455     1441    -1488        f
456     1455    -1488        f
457     1468    -1489        f
458     1481    -1489        f
459     1493    -1490        f
460     1504    -1490        f
461     1515    -1491        f
462     1526    -1491        f
463     1536    -1492        f
464     1546    -1492        f
465     1555    -1492        f
466     1564    -1493        f
467     1572    -1493        f
468     1580    -1493        f
469     1588    -1494        f
470     1595    -1494        f
471     1602    -1494        f
472     1609    -1494        f
473     1614    -1495        f
474     1621    -1495        f
475     1627    -1495        f
476     1632    -1495        f
477     1638    -1496        f
478     1643    -1496        f
479     1648    -1496        f
480     1652    -1496        f
481     1657    -1496        f
482     1661    -1496        f
483     1664    -1497        f
484     1669    -1497        f
485     1669    -1497        l
486     1669    -1497        l
487     1669    -1497        l
488     1669    -1497        l
489     1669    -1497        f
490     1726    -1446        f
491     1780    -1398        f
492     1834    -1353        f
493     1884    -1309        f
494     1932    -1267        f
495     1978    -1227        f
496     2022    -1189        f
497     2063    -1152        f
498     2103    -1117        f
499     2141    -1084        f
500     2178    -1052        f
501     2212    -1022        f
502     2246    -993        f
503     2277    -965        f
504     2307    -938        f
505     2336    -913        f
506     2364    -889        f
507     2390    -866        f
508     2415    -844        f
509     2439    -823        f
510     2462    -802        f
511     2484    -784        f
512     2505    -765        f
513     2525    -748        f
514     2544    -731        f
515     2562    -715        f
516     2580    -700        f
517     2596    -685        f
518     2612    -672        f
519     2627    -658        f
520     2642    -646        f
521     2656    -634        f
522     2669    -622        f
523     2681    -611        f
524     2694    -600        f
525     2705    -590        f
526     2705    -590        l
527     2705    -590        l
528     2705    -590        f
529     2849    -548        f
530     2986    -508        f
531     3118    -470        f
532     3243    -433        f
533     3363    -398        f
534     3477    -365        f
535     3477    -365        r
536     3477    -365        r
537     3477    -365        f
538     3403    -348        f
539     3331    -333        f
540     3263    -318        f
541     3198    -304        f
542     3136    -290        f
543     3076    -277        f
544     3020    -265        f
545     2965    -252        f
546     2914    -242        f
547     2864    -231        f
548     2817    -220        f
549     2772    -211        f
550     2729    -200        f
551     2688    -192        f
552     2649    -184        f
553     2612    -175        f
554     2576    -168        f
555     2542    -160        f
556     2509    -153        f
557     2478    -146        f
558     2448    -140        f
559     2420    -133        f
560     2393    -127        f
561     2367    -122        f
562     2342    -115        f
563     2318    -111        f
564     2296    -106        f
565     2274    -101        f
566     2254    -97        f
567     2234    -93        f
568     2215    -89        f
569     2197    -85        f
570     2180    -81        f
571     2164    -77        f
572     2148    -74        f
573     2133    -71        f
574     2119    -67        f
575     2106    -65        f
576     2093    -62        f
577     2080    -59        f
578     2068    -56        f
579     2057    -54        f
580     2046    -52        f
581     2036    -49        f
582     2026    -47        f
583     2017    -45        f
584     2017    -45        r
585     2017    -45        r
586     2017    -45        r
587     2017    -45        f
588     1868    -23        f
589     1727    -2        f
590     1591    17        f
591     1462    36        f
592     1339    54        f
593     1221    72        f
594     1109    88        f
595     1109    88        r
596     1109    88        f
597     1040    122        f
598     974    155        f
599     911    186        f
600     852    215        f
601     795    244        f
602     741    271        f
603     689    296        f
604     639    321        f
605     592    345        f
606     546    367        f
607     503    388        f
608     462    409        f
609     422    429        f
610     385    447        f
611     349    465        f
612     314    482        f
613     314    482        l
614     314    482        l
615     314    482        l
616     314    482        f
617     389    498        f
618     459    514        f
619     528    529        f
620     528    529        r
621     528    529        r
622     528    529        f
623     442    651        f
624     359    768        f
625     279    878        f
626     202    986        f
627     131    1088        f
628     62    1185        f
629     -3    1277        f
630     -66    1366        f
631     -126    1450        f
632     -183    1531        f
633     -238    1607        f
634     -291    1682        f
635     -341    1753        f
636     -388    1820        f
637     -434    1884        f
638     -478    1946        f
639     -519    2004        f
640     -559    2060        f
641     -597    2114        f
642     -633    2165        f
643     -668    2214        f
644     -701    2260        f
645     -732    2305        f
646     -762    2348        f
647     -791    2388        f
648     -819    2427        f
649     -844    2464        f
650     -869    2500        f
651     -894    2534        f
652     -917    2566        f
653     -938    2597        f
654     -959    2626        f
655     -978    2654        f
656     -998    2681        f
657     -1016    2707        f
658     -1033    2732        f
659     -1050    2755        f
660     -1065    2777        f
661     -1080    2799        f
662     -1095    2819        f
663     -1109    2839        f
664     -1122    2857        f
665     -1134    2875        f
666     -1146    2892        f
667     -1157    2908        f
668     -1168    2924        f
669     -1179    2938        f
670     -1189    2952        f
671     -1198    2966        f
672     -1207    2979        f
673     -1216    2991        f
674     -1224    3003        f
675     -1232    3014        f
676     -1239    3025        f
677     -1247    3035        f
678     -1253    3045        f
679     -1260    3054        f
680     -1266    3063        f
681     -1272    3071        f
682     -1278    3079        f
683     -1283    3087        f
684     -1289    3095        f
685     -1294    3102        f
686     -1298    3108        f
687     -1303    3115        f
688     -1307    3121        f
689     -1311    3127        f
690     -1315    3132        f
691     -1319    3138        f
692     -1323    3143        f
693     -1326    3148        f
694     -1329    3152        f
695     -1333    3157        f
696     -1333    3157        l
697     -1333    3157        l
698     -1333    3157        l
699     -1333    3157        f
700     -1273    3109        f
701     -1216    3063        f
702     -1162    3019        f
703     -1111    2977        f
704     -1061    2937        f
705     -1014    2898        f
706     -969    2862        f
707     -926    2827        f
708     -885    2794        f
709     -846    2762        f
710     -808    2731        f
711     -772    2702        f
712     -738    2675        f
713     -705    2648        f
714     -674    2623        f
715     -644    2599        f
716     -644    2599        r
717     -644    2599        r
718     -644    2599        f
719     -706    2553        f
720     -764    2509        f
721     -819    2467        f
722     -873    2427        f
723     -924    2389        f
724     -972    2353        f
725     -1019    2318        f
726     -1063    2285        f
727     -1106    2253        f
728     -1146    2223        f
729     -1185    2194        f
730     -1222    2166        f
731     -1222    2166        l
732     -1222    2166        l
733     -1222    2166        f
734     -1154    2130        f
735     -1089    2096        f
736     -1028    2063        f
737     -969    2032        f
738     -913    2002        f
739     -859    1973        f
740     -808    1946        f
741     -759    1920        f
742     -712    1896        f
743     -667    1872        f
744     -625    1848        f
745     -584    1827        f
746     -545    1807        f
747     -508    1787        f
748     -473    1768        f
749     -438    1750        f
750     -407    1732        f
751     -376    1717        f
752     -346    1701        f
753     -318    1686        f
754     -291    1672        f
755     -266    1657        f
756     -241    1645        f
757     -218    1632        f
758     -196    1620        f
759     -174    1609        f
760     -154    1598        f
761     -134    1588        f
762     -115    1578        f
763     -98    1568        f
764     -81    1559        f
765     -65    1551        f
766     -49    1542        f
767     -35    1535        f
768     -21    1527        f
769     -7    1520        f
770     5    1513        f
771     17    1506        f
772     28    1500        f
773     40    1494        f
774     51    1488        f
775     61    1483        f
776     71    1478        f
777     80    1473        f
778     89    1468        f
779     97    1463        f
780     106    1459        f
781     112    1455        f
782     121    1451        f
783     121    1451        l
784     121    1451        l
785     121    1451        l
786     121    1451        l
787     121    1451        l
788     121    1451        l
789     121    1451        l
790     121    1451        l
791     121    1451        l
792     121    1451        l
793     121    1451        l
794     121    1451        l
795     121    1451        l
796     121    1451        l
797     121    1451        l
798     121    1451        l
799     121    1451        l
800     121    1451        l
801     121    1451        l
802     121    1451        l
803     121    1451        l
804     121    1451        l
805     121    1451        l
806     121    1451        l
807     121    1451        l
808     121    1451        l
809     121    1451        l
810     121    1451        l
811     121    1451        l
812     121    1451        l
813     121    1451        l
814     121    1451        l
815     121    1451        l
816     121    1451        l
817     121    1451        l
818     121    1451        l
819     121    1451        l
820     121    1451        r
821     121    1451        r
822     121    1451        l
823     121    1451        r
824     121    1451        r
825     121    1451        l
826     121    1451        r
827     121    1451        l
828     121    1451        r
829     121    1451        r
830     121    1451        r
831     121    1451        l
832     121    1451        r
833     121    1451        r
834     121    1451        r
835     121    1451        l
836     121    1451        r
837     121    1451        r
838     121    1451        r
839     121    1451        r
840     121    1451        r
841     121    1451        r
842     121    1451        f
843     192    1464        f
844     259    1476        f
845     324    1488        f
846     386    1500        f
847     445    1510        f
848     501    1521        f
849     555    1531        f
850     606    1540        f
851     655    1549        f
852     702    1558        f
853     747    1566        f
854     790    1574        f
855     831    1581        f
856     869    1588        f
857     907    1595        f
858     943    1602        f
859     977    1607        f
860     1009    1614        f
861     1040    1619        f
862     1070    1625        f
863     1098    1630        f
864     1125    1635        f
865     1151    1639        f
866     1175    1644        f
867     1199    1648        f
868     1221    1653        f
869     1243    1655        f
870     1263    1660        f
871     1283    1664        f
872     1301    1667        f
873     1319    1671        f
874     1336    1673        f
875     1352    1677        f
876     1368    1679        f
877     1383    1682        f
878     1383    1682        r
879     1383    1682        r
880     1383    1682        f
881     1307    1670        f
882     1235    1659        f
883     1166    1648        f
884     1100    1638        f
885     1037    1628        f
886     977    1618        f
887     919    1609        f
888     865    1601        f
889     811    1593        f
890     762    1585        f
891     715    1577        f
892     669    1570        f
893     626    1563        f
894     626    1563        r
895     626    1563        r
896     626    1563        f
897     553    1539        f
898     484    1516        f
899     417    1494        f
900     354    1473        f
901     294    1453        f
902     236    1434        f
903     181    1416        f
904     128    1398        f
905     78    1382        f
906     30    1366        f
907     -15    1350        f
908     -59    1336        f
909     -100    1322        f
910     -140    1309        f
911     -178    1296        f
912     -215    1284        f
913     -250    1272        f
914     -283    1261        f
915     -315    1251        f
916     -345    1241        f
917     -374    1231        f
918     -401    1222        f
919     -428    1213        f
920     -453    1205        f
921     -476    1197        f
922     -500    1190        f
923     -522    1182        f
924     -543    1175        f
925     -563    1169        f
926     -582    1162        f
927     -601    1156        f
928     -618    1151        f
929     -635    1145        f
930     -651    1140        f
931     -666    1135        f
932     -681    1130        f
933     -694    1125        f
934     -708    1121        f
935     -720    1117        f
936     -732    1113        f
937     -744    1109        f
938     -755    1105        f
939     -765    1102        f
940     -776    1098        f
941     -785    1095        f
942     -794    1092        f
943     -802    1089        f
944     -802    1089        l
945     -802    1089        l
946     -802    1089        f
947     -736    1053        f
948     -671    1019        f
949     -610    986        f
950     -551    953        f
951     -495    924        f
952     -441    894        f
953     -390    868        f
954     -341    842        f
955     -295    816        f
956     -250    793        f
957     -206    770        f
958     -167    748        f
959     -128    727        f
960     -91    707        f
961     -55    688        f
962     -21    670        f
963     10    653        f
964     41    636        f
965     70    620        f
966     98    605        f
967     125    591        f
968     151    577        f
969     175    564        f
970     198    551        f
971     221    539        f
972     242    528        f
973     262    517        f
974     282    507        f
975     300    497        f
976     318    487        f
977     335    478        f
978     351    469        f
979     367    461        f
980     381    453        f
981     395    446        f
982     409    438        f
983     422    432        f
984     434    425        f
985     434    425        l
986     434    425        f
987     509    437        f
988     582    448        f
989     651    458        f
990     717    468        f
991     780    478        f
992     840    487        f
993     897    496        f
994     952    504        f
995     1003    512        f
996     1054    520        f
997     1102    527        f
998     1147    534        f
999     1191    541        f
1000     1232    547        f
1001     1272    554        f
1002     1310    559        f
1003     1346    565        f
1004     1381    570        f
1005     1414    575        f
1006     1445    580        f
1007     1475    585        f
1008     1504    589        f
1009     1531    593        f
1010     1558    597        f
1011     1583    601        f
1012     1605    605        f
1013     1629    608        f
1014     1651    611        f
1015     1672    615        f
1016     1691    618        f
1017     1710    621        f
1018     1728    623        f
1019     1746    626        f
1020     1762    628        f
1021     1778    631        f
1022     1793    633        f
1023     1807    635        f
1024     1821    637        f
1025     1834    639        f
1026     1847    641        f
1027     1859    643        f
1028     1870    645        f
1029     1880    647        f
1030     1891    648        f
1031     1901    650        f
1032     1911    651        f
1033     1920    653        f
1034     1929    654        f
1035     1937    655        f
1036     1945    656        f
1037     1952    658        f
1038     1959    659        f
1039     1966    660        f
1040     1966    660        r
1041     1966    660        r
1042     1966    660        r
1043     1966    660        r
1044     1966    660        f
1045     1889    661        f
1046     1817    661        f
1047     1747    662        f
1048     1680    663        f
1049     1617    664        f
1050     1556    664        f
1051     1498    665        f
1052     1498    665        l
1053     1498    665        l
1054     1498    665        f
1055     1574    664        f
1056     1647    663        f
1057     1717    662        f
1058     1784    662        f
1059     1847    661        f
1060     1907    660        f
1061     1966    659        f
1062     2021    659        f
1063     2074    658        f
1064     2124    657        f
1065     2173    657        f
1066     2219    656        f
1067     2263    656        f
1068     2305    655        f
1069     2345    655        f
1070     2383    654        f
1071     2420    654        f
1072     2455    653        f
1073     2488    653        f
1074     2520    652        f
1075     2550    652        f
1076     2579    652        f
1077     2607    651        f
1078     2634    651        f
1079     2659    651        f
1080     2683    650        f
1081     2706    650        f
1082     2728    650        f
1083     2749    650        f
1084     2770    649        f
1085     2789    649        f
1086     2807    649        f
1087     2825    649        f
1088     2841    648        f
1089     2857    648        f
1090     2873    648        f
1091     2887    648        f
1092     2901    648        f
1093     2915    647        f
1094     2927    647        f
1095     2939    647        f
1096     2951    647        f
1097     2962    647        f
1098     2973    647        f
1099     2983    647        f
1100     2992    647        f
1101     3001    646        f
1102     3010    646        f
1103     3019    646        f
1104     3027    646        f
1105     3034    646        f
1106     3042    646        f
1107     3049    646        f
1108     3055    646        f
1109     3062    646        f
1110     3068    646        f
1111     3074    646        f
1112     3079    645        f
1113     3084    645        f
1114     3089    645        f
1115     3089    645        r
1116     3089    645        r
1117     3089    645        f
1118     3024    606        f
1119     2961    569        f
1120     2900    534        f
1121     2843    500        f
1122     2788    468        f
1123     2736    437        f
1124     2686    407        f
1125     2638    379        f
1126     2592    352        f
1127     2549    327        f
1128     2507    302        f
1129     2468    279        f
1130     2430    257        f
1131     2393    235        f
1132     2359    215        f
1133     2326    195        f
1134     2294    177        f
1135     2264    159        f
1136     2235    142        f
1137     2207    126        f
1138     2181    110        f
1139     2156    95        f
1140     2132    81        f
1141     2109    68        f
1142     2087    55        f
1143     2066    43        f
1144     2046    31        f
1145     2027    20        f
1146     2009    9        f
1147     1992    0        f
1148     1975    -10        f
1149     1959    -19        f
1150     1944    -28        f
1151     1930    -37        f
1152     1916    -45        f
1153     1903    -53        f
1154     1889    -60        f
1155     1878    -67        f
1156     1866    -74        f
1157     1855    -80        f
1158     1845    -87        f
1159     1835    -92        f
1160     1825    -98        f
1161     1825    -98        l
1162     1825    -98        l
1163     1825    -98        l
1164     1825    -98        f
1165     1902    -99        f
1166     1975    -101        f
1167     2045    -102        f
1168     2111    -103        f
1169     2175    -104        f
1170     2236    -105        f
1171     2294    -106        f
1172     2349    -107        f
1173     2402    -107        f
1174     2452    -108        f
1175     2500    -109        f
1176     2546    -110        f
1177     2590    -110        f
1178     2632    -111        f
1179     2672    -112        f
1180     2711    -112        f
1181     2747    -112        f
1182     2782    -113        f
1183     2815    -113        f
1184     2847    -114        f
1185     2878    -114        f
1186     2907    -115        f
1187     2934    -115        f
1188     2961    -115        f
1189     2986    -117        f
1190     3010    -117        f
1191     3033    -118        f
1192     3055    -118        f
1193     3077    -118        f
1194     3097    -119        f
1195     3116    -119        f
1196     3134    -119        f
1197     3152    -120        f
1198     3169    -120        f
1199     3169    -120        r
1200     0    0        f
1200     0    0        f
1200     0    0        f
1200     0    0        f
1200     0    0        f
1200     0    0        f
1200     0    0        f
1200     0    0        f
1200     0    0        f
1200     0    0        f
1200     0    0        f
1200     0    0        f
1200     0    0        f
1200     0    0        f
1200     0    0        f
1200     0    0        f
1200     0    0        f
1200     0    0        f
1200     0    0        f
1200     0    0        f
1200     0    0        f
1200     0    0        f
1200     0    0        f
1200     0    0        f
1200     0    0        f
1200     0    0        f
1200     0    0        f
1200     0    0        f
1200     0    0        f
1200     0    0        f
1200     0    0        f
1200     0    0        f
1200     0    0        f
1200     0    0        f
1200     0    0        f
1200     0    0        f
1200     0    0        f
1200     0    0        f
1200     0    0        f
1200     0    0        f
1200     0    0        f
1200     0    0        f
1200     0    0        f
1200     0    0        f
1200     0    0        f
1200     0    0        f
1200     0    0        f
1200     0    0        f
1200     0    0        f
1200     0    0        f
1200     0    0        f
1200     0    0        f
1200     0    0        f
1200     0    0        f
1200     0    0        f
1200     0    0        f
1200     0    0        f
1200     0    0        f
1200     0    0        f
1200     0    0        f
1200     0    0        f
1200     0    0        f
1200     0    0        f
1200     0    0        f
1200     0    0        f
1200     0    0        f
1200     0    0        f
1200     0    0        f
1200     0    0        f
1200     0    0        f
1200     0    0        f
1200     0    0        f
1200     0    0        f
1200     0    0        f
1200     0    0        f
1200     0    0        f
1200     0    0        f
1200     0    0        f
1200     0    0        f
1200     0    0        f
1200     0    0        f
1200     0    0        f
1200     0    0        f
1200     0    0        f
1200     0    0        f
1200     0    0        f
1200     0    0        f
1200     0    0        f
1200     0    0        f
1200     0    0        f
1200     0    0        f
1200     0    0        f
1200     0    0        f
1200     0    0        f
1200     0    0        f
1200     0    0        f
1200     0    0        f
1200     0    0        f
1200     0    0        f
1200     0    0        f
1200     0    0        f
1200     0    0        f
1201     0    0        f
1202     0    0        f
1203     0    0        f
1204     0    0        f
1205     0    0        f
1206     0    0        f
1207     0    0        f
1208     0    0        f
1209     0    0        f
1210     0    0        f
1211     0    0        f
1212     0    0        f
1213     0    0        f
1214     0    0        f
1215     0    0        f
1216     0    0        f
1217     0    0        f
1218     0    0        f
1219     0    0        f
1220     0    0        f
1221     0    0        f
1222     0    0        f
1223     0    0        f
1224     0    0        f
1225     0    0        f
1226     0    0        f
1227     0    0        f
1228     0    0        f
1229     0    0        f
1230     0    0        f
1231     0    0        f
1232     0    0        f
1233     0    0        f
1234     0    0        f
1235     0    0        f
1236     0    0        f
1237     0    0        f
1238     0    0        f
1239     0    0        f
1240     0    0        f
1241     0    0        f
1242     0    0        f
1243     0    0        f
1244     0    0        f
1245     0    0        f
1246     0    0        f
1247     0    0        f
1248     0    0        f
1249     0    0        f
1250     0    0        f
1251     0    0        f
1252     0    0        f
1253     0    0        f
1254     0    0        f
1255     0    0        f
1256     0    0        f
1257     0    0        f
1258     0    0        f
1259     0    0        f
1260     0    0        f
1261     0    0        f
1262     0    0        f
1263     0    0        f
1264     0    0        f
1265     0    0        f
1266     0    0        f
1267     0    0        f
1268     0    0        f
1269     0    0        f
1270     0    0        f
1271     0    0        f
1272     0    0        f
1273     0    0        f
1274     0    0        f
1275     0    0        f
1276     0    0        f
1277     0    0        f
1278     0    0        f
1279     0    0        f
1280     0    0        f
1281     0    0        f
1282     0    0        f
1283     0    0        f
1284     0    0        f
1285     0    0        f
1286     0    0        f
1287     0    0        f
1288     0    0        f
1289     0    0        f
1290     0    0        f
1291     0    0        f
1292     0    0        f
1293     0    0        f
1294     0    0        f
1295     0    0        f
1296     0    0        f
1297     0    0        f
1298     0    0        f
1299     0    0        f
1300     0    0        f
1301     0    0        f
1302     0    0        f
1303     0    0        f
1304     0    0        f
1305     0    0        r
1306     0    0        r
1307     0    0        r
1308     0    0        r
1309     0    0        r
1310     0    0        r
1311     0    0        r
1312     0    0        r
1313     0    0        r
1314     0    0        r
1315     0    0        r
1316     0    0        r
1317     0    0        r
1318     0    0        r
1319     0    0        r
1320     0    0        r
1321     0    0        r
1322     0    0        r
1323     0    0        r
1324     0    0        r
1325     0    0        r
1326     0    0        r
1327     0    0        r
1328     0    0        r
1329     0    0        r
1330     0    0        l
1331     0    0        l
1332     0    0        l
1333     0    0        l
1334     0    0        l
1335     0    0        l
1336     0    0        l
1337     0    0        l
1338     0    0        l
1339     0    0        l
1340     0    0        l
1341     0    0        r
1342     0    0        r
1343     0    0        l
1344     0    0        r
1345     0    0        l
1346     0    0        l
1347     0    0        r
1348     0    0        r
1349     0    0        r
1350     0    0        r
1351     0    0        l
1352     0    0        r
1353     0    0        r
1354     0    0        r
1355     0    0        r
1356     0    0        l
1357     0    0        r
1358     0    0        l
1359     0    0        l
1360     0    0        l
1361     0    0        l
1362     0    0        l
1363     0    0        l
1364     0    0        l
1365     0    0        l
1366     0    0        l
1367     0    0        l
1368     0    0        l
1369     0    0        l
1370     0    0        l
1371     0    0        l
1372     0    0        l
1373     0    0        l
1374     0    0        l
1375     0    0        l
1376     0    0        l
1377     0    0        l
1378     0    0        l
1379     0    0        l
1380     0    0        l
1381     0    0        f
1382     68    34        f
1383     133    67        f
1384     195    99        f
1385     254    129        f
1386     311    158        f
1387     365    186        f
1388     417    212        f
1389     466    238        f
1390     513    262        f
1391     558    285        f
1392     601    307        f
1393     642    328        f
1394     681    348        f
1395     719    367        f
1396     755    385        f
1397     789    403        f
1398     821    419        f
1399     852    434        f
1400     882    450        f
1401     910    465        f
1402     938    479        f
1403     963    492        f
1404     988    505        f
1405     1011    517        f
1406     1034    528        f
1407     1056    539        f
1408     1077    550        f
1409     1096    560        f
1410     1115    569        f
1411     1133    578        f
1412     1150    587        f
1413     1166    595        f
1414     1182    603        f
1415     1197    611        f
1416     1211    618        f
1417     1225    625        f
1418     1238    632        f
1419     1250    638        f
1420     1262    644        f
1421     1273    650        f
1422     1284    655        f
1423     1295    661        f
1424     1304    666        f
1425     1314    670        f
1426     1323    675        f
1427     1331    679        f
1428     1340    684        f
1429     1348    688        f
1430     1355    691        f
1431     1362    695        f
1432     1369    699        f
1433     1376    702        f
1434     1382    705        f
1435     1388    708        f
1436     1393    711        f
1437     1399    714        f
1438     1404    716        f
1439     1409    719        f
1440     1409    719        r
1441     1409    719        r
1442     1409    719        r
1443     1409    719        f
1444     1334    704        f
1445     1262    690        f
1446     1194    677        f
1447     1128    665        f
1448     1066    652        f
1449     1006    641        f
1450     949    630        f
1451     894    619        f
1452     842    609        f
1453     793    600        f
1454     793    600        l
1455     793    600        f
1456     863    571        f
1457     931    543        f
1458     994    516        f
1459     1057    491        f
1460     1116    467        f
1461     1172    444        f
1462     1225    422        f
1463     1276    401        f
1464     1325    381        f
1465     1372    362        f
1466     1416    343        f
1467     1459    326        f
1468     1500    309        f
1469     1539    293        f
1470     1576    278        f
1471     1611    263        f
1472     1645    249        f
1473     1677    236        f
1474     1707    223        f
1475     1738    211        f
1476     1766    199        f
1477     1793    188        f
1478     1819    178        f
1479     1843    168        f
1480     1867    158        f
1481     1889    149        f
1482     1911    140        f
1483     1930    131        f
1484     1951    123        f
1485     1969    115        f
1486     1987    108        f
1487     2004    101        f
1488     2020    95        f
1489     2036    88        f
1490     2050    82        f
1491     2065    76        f
1492     2078    71        f
1493     2091    66        f
1494     2103    61        f
1495     2115    56        f
1496     2126    51        f
1497     2137    47        f
1498     2147    42        f
1499     2157    38        f
1500     2166    35        f
1501     2175    31        f
1502     2183    27        f
1503     2192    24        f
1504     2199    21        f
1505     2207    18        f
1506     2214    15        f
1507     2220    12        f
1508     2227    9        f
1509     2233    7        f
1510     2239    4        f
1511     2245    2        f
1512     2250    0        f
1513     2255    -1        f
1514     2260    -3        f
1515     2265    -5        f
1516     2269    -7        f
1517     2273    -9        f
1518     2277    -10        f
1519     2277    -10        r
1520     2277    -10        r
1521     2277    -10        f
1522     2202    -25        f
1523     2131    -39        f
1524     2062    -52        f
1525     1997    -65        f
1526     1934    -77        f
1527     1875    -89        f
1528     1818    -100        f
1529     1763    -111        f
1530     1711    -121        f
1531     1662    -130        f
1532     1614    -140        f
1533     1569    -149        f
1534     1526    -157        f
1535     1485    -165        f
1536     1445    -173        f
1537     1408    -180        f
1538     1372    -187        f
1539     1338    -194        f
1540     1305    -200        f
1541     1274    -206        f
1542     1244    -212        f
1543     1215    -218        f
1544     1188    -223        f
1545     1162    -227        f
1546     1138    -233        f
1547     1114    -238        f
1548     1091    -242        f
1549     1070    -246        f
1550     1049    -250        f
1551     1030    -254        f
1552     1011    -258        f
1553     993    -262        f
1554     976    -265        f
1555     960    -268        f
1556     944    -271        f
1557     928    -274        f
1558     915    -277        f
1559     901    -280        f
1560     888    -282        f
1561     876    -285        f
1562     864    -287        f
1563     852    -289        f
1564     842    -291        f
1565     832    -293        f
1566     822    -295        f
1567     811    -297        f
1568     802    -299        f
1569     795    -301        f
1570     787    -302        f
1571     779    -304        f
1572     771    -305        f
1573     764    -307        f
1574     757    -308        f
1575     751    -309        f
1576     745    -311        f
1577     739    -312        f
1578     733    -313        f
1579     728    -314        f
1580     722    -315        f
1581     722    -315        r
1582     722    -315        r
1583     722    -315        r
1584     722    -315        f
1585     598    -398        f
1586     479    -478        f
1587     365    -554        f
1588     257    -627        f
1589     153    -697        f
1590     54    -763        f
1591     -40    -826        f
1592     -130    -886        f
1593     -216    -944        f
1594     -298    -999        f
1595     -377    -1052        f
1596     -451    -1102        f
1597     -523    -1150        f
1598     -591    -1196        f
1599     -657    -1240        f
1600     -719    -1282        f
1601     -779    -1322        f
1602     -836    -1360        f
1603     -890    -1397        f
1604     -942    -1432        f
1605     -992    -1465        f
1606     -1039    -1497        f
1607     -1084    -1527        f
1608     -1127    -1556        f
1609     -1168    -1583        f
1610     -1208    -1610        f
1611     -1245    -1635        f
1612     -1281    -1659        f
1613     -1315    -1682        f
1614     -1348    -1704        f
1615     -1379    -1725        f
1616     -1409    -1745        f
1617     -1437    -1764        f
1618     -1465    -1782        f
1619     -1491    -1800        f
1620     -1515    -1817        f
1621     -1539    -1832        f
1622     -1562    -1848        f
1623     -1583    -1862        f
1624     -1604    -1876        f
1625     -1623    -1889        f
1626     -1623    -1889        r
1627     -1623    -1889        r
1628     -1623    -1889        f
1629     -1700    -1889        f
1630     -1773    -1888        f
1631     -1843    -1887        f
1632     -1910    -1886        f
1633     -1973    -1885        f
1634     -2034    -1885        f
1635     -2092    -1884        f
1636     -2092    -1884        l
1637     -2092    -1884        f
1638     -2026    -1846        f
1639     -1962    -1810        f
1640     -1902    -1775        f
1641     -1844    -1742        f
1642     -1789    -1711        f
1643     -1736    -1680        f
1644     -1686    -1652        f
1645     -1638    -1623        f
1646     -1592    -1598        f
1647     -1548    -1573        f
1648     -1506    -1549        f
1649     -1466    -1526        f
1650     -1428    -1504        f
1651     -1391    -1484        f
1652     -1357    -1464        f
1653     -1323    -1445        f
1654     -1291    -1427        f
1655     -1261    -1409        f
1656     -1232    -1393        f
1657     -1204    -1377        f
1658     -1178    -1362        f
1659     -1153    -1347        f
1660     -1129    -1334        f
1661     -1106    -1320        f
1662     -1084    -1308        f
1663     -1063    -1296        f
1664     -1043    -1284        f
1665     -1023    -1274        f
1666     -1005    -1263        f
1667     -988    -1253        f
1668     -971    -1244        f
1669     -955    -1234        f
1670     -940    -1226        f
1671     -925    -1217        f
1672     -911    -1210        f
1673     -898    -1202        f
1674     -886    -1195        f
1675     -874    -1188        f
1676     -874    -1188        r
1677     -874    -1188        r
1678     -874    -1188        f
1679     -949    -1174        f
1680     -1021    -1161        f
1681     -1089    -1149        f
1682     -1155    -1137        f
1683     -1218    -1126        f
1684     -1277    -1115        f
1685     -1335    -1105        f
1686     -1389    -1095        f
1687     -1441    -1086        f
1688     -1491    -1077        f
1689     -1539    -1068        f
1690     -1584    -1060        f
1691     -1628    -1052        f
1692     -1669    -1045        f
1693     -1709    -1038        f
1694     -1747    -1031        f
1695     -1747    -1031        l
1696     -1747    -1031        l
1697     -1747    -1031        f
1698     -1673    -1008        f
1699     -1604    -986        f
1700     -1537    -967        f
1701     -1473    -947        f
1702     -1413    -927        f
1703     -1355    -911        f
1704     -1299    -894        f
1705     -1246    -877        f
1706     -1195    -861        f
1707     -1147    -847        f
1708     -1101    -833        f
1709     -1057    -819        f
1710     -1015    -806        f
1711     -974    -794        f
1712     -974    -794        l
1713     -936    -782        f
1714     -936    -782        l
1715     -936    -782        l
1716     -899    -771        f
1717     -899    -771        l
1718     -899    -771        l
1719     -864    -760        f
1720     -864    -760        l
1721     -864    -760        l
1722     -864    -760        l
1723     -864    -760        l
1724     -831    -750        f
1725     -831    -750        l
1726     -831    -750        l
1727     -831    -750        r
1728     -831    -750        l
1729     -831    -750        l
1730     -831    -750        f
1731     -907    -749        f
1732     -980    -748        f
1733     -1050    -747        f
1734     -1117    -745        f
1735     -1181    -744        f
1736     -1241    -743        f
1737     -1299    -743        f
1738     -1355    -742        f
1739     -1408    -741        f
1740     -1458    -740        f
1741     -1507    -739        f
1742     -1553    -738        f
1743     -1597    -738        f
1744     -1639    -737        f
1745     -1679    -736        f
1746     -1717    -736        f
1747     -1754    -735        f
1748     -1789    -735        f
1749     -1822    -734        f
1750     -1854    -734        f
1751     -1884    -733        f
1752     -1914    -733        f
1753     -1941    -732        f
1754     -1968    -732        f
1755     -1993    -731        f
1756     -2017    -731        f
1757     -2039    -731        f
1758     -2062    -730        f
1759     -2084    -730        f
1760     -2104    -729        f
1761     -2123    -729        f
1762     -2141    -729        f
1763     -2159    -729        f
1764     -2176    -728        f
1765     -2191    -728        f
1766     -2207    -728        f
1767     -2221    -728        f
1768     -2235    -727        f
1769     -2248    -727        f
1770     -2261    -727        f
1771     -2273    -727        f
1772     -2285    -727        f
1773     -2296    -726        f
1774     -2306    -726        f
1775     -2316    -726        f
1776     -2326    -726        f
1777     -2335    -726        f
1778     -2344    -726        f
1779     -2352    -725        f
1780     -2360    -725        f
1781     -2368    -725        f
1782     -2375    -725        f
1783     -2382    -725        f
1784     -2389    -725        f
1785     -2395    -725        f
1786     -2401    -725        f
1787     -2407    -725        f
1788     -2413    -724        f
1789     -2418    -724        f
1790     -2423    -724        f
1791     -2428    -724        f
1792     -2433    -724        f
1793     -2437    -724        f
1794     -2441    -724        f
1795     -2445    -724        f
1796     -2449    -724        f
1797     -2453    -724        f
1798     -2456    -724        f
1799     -2460    -724        f
1800     -2463    -724        f
1801     -2466    -724        f
1802     -2469    -724        f
1803     -2471    -724        f
1804     -2474    -723        f
1805     -2477    -723        f
1806     -2479    -723        f
1807     -2481    -723        f
1808     -2484    -723        f
1809     -2486    -723        f
1810     -2488    -723        f
1811     -2490    -723        f
1812     -2491    -723        f
1813     -2493    -723        f
1814     -2495    -723        f
1815     -2497    -723        f
1816     -2498    -723        f
1817     -2499    -723        f
1818     -2501    -723        f
1819     -2502    -723        f
1820     -2503    -723        f
1821     -2505    -723        f
1822     -2506    -723        f
1823     -2507    -723        f
1824     -2508    -723        f
1825     -2509    -723        f
1826     -2509    -723        l
1827     -2509    -723        l
1828     -2509    -723        f
1829     -2444    -683        f
1830     -2444    -683        r
1831     -2444    -683        f
1832     -2587    -639        f
1833     -2724    -596        f
1834     -2855    -556        f
1835     -2980    -518        f
1836     -3099    -480        f
1837     -3213    -446        f
1838     -3322    -412        f
1839     -3425    -380        f
1840     -3524    -350        f
1841     -3619    -321        f
1842     -3709    -293        f
1843     -3795    -266        f
1844     -3877    -241        f
1845     -3956    -216        f
1846     -4031    -193        f
1847     -4102    -171        f
1848     -4171    -150        f
1849     -4236    -130        f
1850     -4298    -110        f
1851     -4298    -110        l
1852     -4298    -110        l
1853     -4298    -110        f
1854     -4148    -111        f
1855     -4004    -112        f
1856     -3868    -112        f
1857     -3736    -112        f
1858     -3611    -112        f
1859     -3493    -113        f
1860     -3379    -113        f
1861     -3270    -114        f
1862     -3166    -114        f
1863     -3067    -115        f
1864     -2972    -115        f
1865     -2881    -115        f
1866     -2795    -117        f
1867     -2713    -117        f
1868     -2634    -117        f
1869     -2559    -118        f
1870     -2487    -118        f
1871     -2418    -118        f
1872     -2352    -119        f
1873     -2290    -119        f
1874     -2230    -119        f
1875     -2173    -119        f
1876     -2118    -120        f
1877     -2066    -120        f
1878     -2016    -120        f
1879     -1969    -120        f
1880     -1923    -121        f
1881     -1880    -121        f
1882     -1839    -121        f
1883     -1798    -121        f
1884     -1761    -121        f
1885     -1725    -121        f
1886     -1691    -122        f
1887     -1657    -122        f
1888     -1627    -122        f
1889     -1597    -122        f
1890     -1568    -122        f
1891     -1541    -122        f
1892     -1515    -122        f
1893     -1490    -122        f
1894     -1466    -123        f
1895     -1443    -123        f
1896     -1421    -123        f
1897     -1400    -123        f
1898     -1380    -123        f
1899     -1361    -123        f
1900     -1343    -123        f
1901     -1326    -123        f
1902     -1309    -123        f
1903     -1294    -123        f
1904     -1279    -123        f
1905     -1264    -123        f
1906     -1250    -123        f
1907     -1237    -124        f
1908     -1225    -124        f
1909     -1213    -124        f
1910     -1201    -124        f
1911     -1190    -124        f
1912     -1180    -124        f
1913     -1170    -124        f
1914     -1160    -124        f
1915     -1151    -124        f
1916     -1142    -124        f
1917     -1134    -124        f
1918     -1126    -124        f
1919     -1119    -124        f
1920     -1111    -124        f
1921     -1104    -124        f
1922     -1098    -124        f
1923     -1092    -124        f
1924     -1092    -124        r
1925     -1092    -124        r
1926     -1092    -124        f
1927     -1168    -124        f
1928     -1241    -125        f
1929     -1241    -125        l
1930     -1241    -125        l
1931     -1241    -125        f
1932     -1169    -101        f
1933     -1099    -78        f
1934     -1033    -56        f
1935     -969    -35        f
1936     -909    -15        f
1937     -852    3        f
1938     -796    22        f
1939     -744    39        f
1940     -694    56        f
1941     -646    72        f
1942     -600    87        f
1943     -556    101        f
1944     -514    114        f
1945     -474    128        f
1946     -436    141        f
1947     -400    153        f
1948     -365    164        f
1949     -332    175        f
1950     -300    186        f
1951     -270    196        f
1952     -241    206        f
1953     -213    215        f
1954     -187    223        f
1955     -162    231        f
1956     -138    240        f
1957     -114    247        f
1958     -93    254        f
1959     -72    261        f
1960     -52    268        f
1961     -33    274        f
1962     -15    280        f
1963     2    286        f
1964     18    292        f
1965     34    297        f
1966     49    302        f
1967     64    307        f
1968     78    311        f
1969     91    316        f
1970     104    320        f
1971     115    324        f
1972     127    328        f
1973     138    331        f
1974     149    335        f
1975     159    338        f
1976     168    341        f
1977     177    344        f
1978     186    347        f
1979     194    350        f
1980     202    353        f
1981     202    353        r
1982     202    353        r
1983     202    353        r
1984     202    353        r
1985     202    353        f
1986     127    365        f
1987     55    377        f
1988     -13    389        f
1989     -79    400        f
1990     -142    409        f
1991     -202    420        f
1992     -259    430        f
1993     -314    438        f
1994     -366    448        f
1995     -416    455        f
1996     -463    463        f
1997     -509    472        f
1998     -552    479        f
1999     -594    486        f
2000     -634    493        f
2001     -671    499        f
2002     -708    505        f
2003     -742    511        f
2004     -775    516        f
2005     -807    522        f
2006     -836    527        f
2007     -866    532        f
2008     -893    536        f
2009     -919    541        f
2010     -944    545        f
2011     -969    549        f
2012     -992    553        f
2013     -1014    556        f
2014     -1035    560        f
2015     -1055    563        f
2016     -1074    566        f
2017     -1092    569        f
2018     -1109    572        f
2019     -1126    575        f
2020     -1126    575        l
2021     -1126    575        l
2022     -1126    575        f
2023     -1049    580        f
2024     -977    585        f
2025     -907    590        f
2026     -840    594        f
2027     -777    598        f
2028     -716    602        f
2029     -658    606        f
2030     -603    610        f
2031     -550    613        f
2032     -500    617        f
2033     -451    620        f
2034     -405    623        f
2035     -362    626        f
2036     -320    629        f
2037     -280    631        f
2038     -241    634        f
2039     -204    636        f
2040     -170    639        f
2041     -136    641        f
2042     -104    643        f
2043     -74    645        f
2044     -45    647        f
2045     -17    649        f
2046     9    651        f
2047     34    652        f
2048     57    654        f
2049     82    656        f
2050     104    657        f
2051     125    658        f
2052     145    660        f
2053     164    661        f
2054     182    662        f
2055     200    663        f
2056     217    665        f
2057     233    666        f
2058     248    667        f
2059     263    668        f
2060     277    668        f
2061     290    669        f
2062     303    670        f
2063     315    671        f
2064     326    672        f
2065     337    673        f
2066     348    673        f
2067     358    674        f
2068     368    675        f
2069     377    675        f
2070     386    676        f
2071     394    676        f
2072     401    677        f
2073     409    677        f
2074     417    678        f
2075     424    678        f
2076     430    679        f
2077     437    679        f
2078     443    680        f
2079     443    680        l
2080     443    680        l
2081     443    680        l
2082     443    680        f
2083     504    633        f
2084     562    589        f
2085     618    547        f
2086     671    507        f
2087     722    468        f
2088     770    432        f
2089     816    397        f
2090     861    363        f
2091     902    331        f
2092     943    301        f
2093     981    271        f
2094     1018    243        f
2095     1053    217        f
2096     1087    191        f
2097     1118    167        f
2098     1149    144        f
2099     1178    122        f
2100     1206    101        f
2101     1232    80        f
2102     1257    61        f
2103     1282    43        f
2104     1305    25        f
2105     1327    8        f
2106     1348    -7        f
2107     1368    -22        f
2108     1387    -37        f
2109     1406    -51        f
2110     1423    -64        f
2111     1440    -77        f
2112     1456    -89        f
2113     1471    -101        f
2114     1486    -112        f
2115     1500    -122        f
2116     1513    -132        f
2117     1526    -142        f
2118     1538    -151        f
2119     1549    -160        f
2120     1561    -168        f
2121     1571    -176        f
2122     1581    -184        f
2123     1591    -191        f
2124     1600    -198        f
2125     1609    -204        f
2126     1609    -204        l
2127     1609    -204        r
2128     1609    -204        l
2129     1609    -204        r
2130     1609    -204        r
2131     1609    -204        r
2132     1609    -204        r
2133     1609    -204        r
2134     1609    -204        r
2135     1609    -204        r
2136     1609    -204        r
2137     1609    -204        r
2138     1609    -204        r
2139     1609    -204        r
2140     1609    -204        r
2141     1609    -204        r
2142     1609    -204        r
2143     1609    -204        r
2144     1609    -204        r
2145     1609    -204        r
2146     1609    -204        r
2147     1609    -204        r
2148     1609    -204        r
2149     1609    -204        r
2150     1609    -204        r
2151     1609    -204        r
2152     1609    -204        r
2153     1609    -204        r
2154     1609    -204        r
2155     1609    -204        r
2156     1609    -204        r
2157     1609    -204        r
2158     1609    -204        r
2159     1609    -204        r
2160     1609    -204        r
2161     1609    -204        r
2162     1609    -204        r
2163     1609    -204        r
2164     1609    -204        r
2165     1609    -204        r
2166     1609    -204        r
2167     1609    -204        r
2168     1609    -204        r
2169     1609    -204        r
2170     1609    -204        r
2171     1609    -204        r
2172     1609    -204        r
2173     1609    -204        r
2174     1609    -204        r
2175     1609    -204        r
2176     1609    -204        r
2177     1609    -204        r
2178     1609    -204        l
2179     1609    -204        l
2180     1609    -204        r
2181     1609    -204        r
2182     1609    -204        r
2183     1609    -204        r
2184     1609    -204        r
2185     1609    -204        r
2186     1609    -204        r
2187     1609    -204        r
2188     1609    -204        r
2189     1609    -204        r
2190     1609    -204        r
2191     1609    -204        r
2192     1609    -204        r
2193     1609    -204        r
2194     1609    -204        f
2195     1682    -183        f
2196     1752    -161        f
2197     1818    -141        f
2198     1882    -121        f
2199     1943    -103        f
2200     2001    -85        f
2201     2057    -68        f
2202     2110    -52        f
2203     2160    -36        f
2204     2208    -22        f
2205     2255    -7        f
2206     2299    5        f
2207     2341    18        f
2208     2381    30        f
2209     2419    42        f
2210     2456    53        f
2211     2491    64        f
2212     2524    74        f
2213     2556    84        f
2214     2587    93        f
2215     2616    102        f
2216     2644    111        f
2217     2671    119        f
2218     2696    127        f
2219     2720    134        f
2220     2743    141        f
2221     2766    148        f
2222     2787    154        f
2223     2807    161        f
2224     2826    167        f
2225     2845    172        f
2226     2862    178        f
2227     2879    183        f
2228     2895    188        f
2229     2911    192        f
2230     2925    197        f
2231     2939    200        f
2232     2953    204        f
2233     2966    209        f
2234     2978    213        f
2235     2989    216        f
2236     3000    220        f
2237     3011    223        f
2238     3021    225        f
2239     3031    229        f
2240     3040    231        f
2241     3049    235        f
2242     3057    237        f
2243     3065    240        f
2244     3073    242        f
2245     3080    244        f
2246     3087    247        f
2247     3094    249        f
2248     3100    250        f
2249     3107    252        f
2250     3112    254        f
2251     3118    256        f
2252     3123    258        f
2253     3128    259        f
2254     3133    261        f
2255     3138    262        f
2256     3138    262        r
2257     3138    262        r
2258     3138    262        r
2259     3138    262        r
2260     3138    262        f
2261     3063    276        f
2262     2991    289        f
2263     2922    301        f
2264     2857    313        f
2265     2794    324        f
2266     2735    335        f
2267     2678    345        f
2268     2623    355        f
2269     2571    364        f
2270     2521    373        f
2271     2474    382        f
2272     2429    390        f
2273     2385    398        f
2274     2344    405        f
2275     2305    413        f
2276     2267    419        f
2277     2231    426        f
2278     2197    432        f
2279     2164    438        f
2280     2133    444        f
2281     2103    449        f
2282     2074    454        f
2283     2047    459        f
2284     2021    463        f
2285     1996    468        f
2286     1973    473        f
2287     1950    476        f
2288     1928    480        f
2289     1907    484        f
2290     1888    488        f
2291     1869    491        f
2292     1851    495        f
2293     1834    498        f
2294     1818    501        f
2295     1802    503        f
2296     1787    505        f
2297     1773    509        f
2298     1759    511        f
2299     1746    514        f
2300     1734    516        f
2301     1722    518        f
2302     1710    520        f
2303     1700    522        f
2304     1689    524        f
2305     1679    526        f
2306     1670    527        f
2307     1661    529        f
2308     1652    531        f
2309     1644    532        f
2310     1636    533        f
2311     1629    535        f
2312     1621    536        f
2313     1614    537        f
2314     1614    537        r
2315     1614    537        r
2316     1614    537        r
2317     1614    537        r
2318     1614    537        f
2319     1540    554        f
2320     1469    570        f
2321     1400    585        f
2322     1335    599        f
2323     1273    613        f
2324     1214    626        f
2325     1158    638        f
2326     1103    650        f
2327     1052    662        f
2328     1002    673        f
2329     955    683        f
2330     910    693        f
2331     867    703        f
2332     826    712        f
2333     787    720        f
2334     750    729        f
2335     714    737        f
2336     680    744        f
2337     647    751        f
2338     616    758        f
2339     586    765        f
2340     558    771        f
2341     530    777        f
2342     504    783        f
2343     480    788        f
2344     455    794        f
2345     433    799        f
2346     412    802        f
2347     391    808        f
2348     372    811        f
2349     353    816        f
2350     335    819        f
2351     318    824        f
2352     301    827        f
2353     286    831        f
2354     271    834        f
2355     256    838        f
2356     243    841        f
2357     229    843        f
2358     217    846        f
2359     206    849        f
2360     194    851        f
2361     183    853        f
2362     173    856        f
2363     163    858        f
2364     154    860        f
2365     145    861        f
2366     136    864        f
2367     128    866        f
2368     120    868        f
2369     112    869        f
2370     105    871        f
2371     99    872        f
2372     92    874        f
2373     86    875        f
2374     80    877        f
2375     74    877        f
2376     69    878        f
2377     64    880        f
2378     59    881        f
2379     59    881        r
2380     59    881        r
2381     59    881        r
2382     59    881        f
2383     -10    849        f
2384     -76    819        f
2385     -139    789        f
2386     -200    762        f
2387     -258    735        f
2388     -313    709        f
2389     -365    685        f
2390     -416    662        f
2391     -463    640        f
2392     -509    619        f
2393     -553    598        f
2394     -595    579        f
2395     -635    561        f
2396     -673    543        f
2397     -710    526        f
2398     -744    509        f
2399     -777    495        f
