step   ball_X    ball_Y    side
423     768    -114        f
424     768    -112        f
425     768    -111        f
426     768    -109        f
427     768    -107        f
428     768    -106        f
429     768    -104        f
430     768    -102        f
431     768    -101        f
432     768    -99        f
433     768    -98        f
434     768    -96        f
435     768    -95        f
436     768    -94        f
437     768    -93        f
438     768    -91        f
439     768    -90        f
440     768    -90        l
441     768    -90        l
442     768    -90        l
443     768    -90        l
444     768    -90        l
445     768    -90        l
446     768    -90        l
447     768    -90        l
448     768    -90        l
449     768    -90        l
450     768    -90        l
451     768    -90        l
452     768    -90        l
453     768    -90        l
454     768    -90        l
455     768    -90        l
456     768    -90        l
457     768    -90        l
458     768    -90        l
459     768    -90        l
460     768    -90        l
461     768    -90        f
462     880    -107        f
463     880    -107        r
464     880    -107        r
465     880    -107        r
466     880    -107        r
467     880    -107        r
468     880    -107        r
469     880    -107        r
470     880    -107        r
471     880    -107        r
472     880    -107        r
473     880    -107        r
474     880    -107        r
475     880    -107        r
476     880    -107        r
477     880    -107        r
478     880    -107        r
479     880    -107        r
480     880    -107        r
481     880    -107        r
482     880    -107        r
483     880    -107        r
484     880    -107        r
485     880    -107        r
486     880    -107        r
487     880    -107        r
488     880    -107        r
489     880    -107        r
490     880    -107        r
491     880    -107        r
492     880    -107        r
493     880    -107        r
494     880    -107        r
495     880    -107        r
496     880    -107        r
497     880    -107        r
498     880    -107        r
499     880    -107        r
500     880    -107        r
501     880    -107        f
502     809    -77        f
503     742    -48        f
504     678    -21        f
505     616    4        f
506     558    28        f
507     501    53        f
508     448    75        f
509     397    97        f
510     348    118        f
511     302    138        f
512     257    156        f
513     215    175        f
514     174    192        f
515     135    208        f
516     98    224        f
517     63    239        f
518     28    252        f
519     -2    267        f
520     -33    280        f
521     -62    292        f
522     -91    304        f
523     -117    316        f
524     -143    327        f
525     -168    337        f
526     -191    347        f
527     -213    356        f
528     -235    365        f
529     -254    374        f
530     -275    382        f
531     -293    390        f
532     -311    398        f
533     -328    405        f
534     -344    412        f
535     -360    418        f
536     -375    424        f
537     -389    430        f
538     -401    436        f
539     -415    442        f
540     -426    447        f
541     -438    451        f
542     -450    457        f
543     -461    461        f
544     -471    465        f
545     -480    469        f
546     -490    473        f
547     -499    476        f
548     -508    480        f
549     -516    484        f
550     -524    487        f
551     -531    491        f
552     -538    494        f
553     -545    496        f
554     -552    499        f
555     -558    501        f
556     -564    504        f
557     -569    507        f
558     -575    509        f
559     -580    511        f
560     -585    513        f
561     -589    515        f
562     -594    517        f
563     -598    519        f
564     -602    520        f
565     -606    522        f
566     -610    524        f
567     -613    525        f
568     -617    527        f
569     -620    528        f
570     -623    529        f
571     -626    531        f
572     -629    532        f
573     -631    533        f
574     -634    534        f
575     -636    535        f
576     -639    536        f
577     -641    537        f
578     -643    538        f
579     -645    539        f
580     -647    539        f
581     -649    540        f
582     -651    541        f
583     -653    542        f
584     -654    542        f
585     -656    543        f
586     -657    544        f
587     -659    544        f
588     -660    545        f
589     -661    545        f
590     -662    546        f
591     -664    546        f
592     -665    547        f
593     -666    547        f
594     -667    548        f
595     -668    548        f
596     -669    549        f
597     -670    549        f
598     -671    549        f
599     -671    550        f
600     -672    550        f
601     -673    550        f
602     -674    551        f
603     -674    551        f
604     -675    551        f
605     -675    551        f
606     -676    552        f
607     -677    552        f
608     -677    552        f
609     -678    552        f
610     -678    552        f
611     -679    553        f
612     -679    553        f
613     -680    553        f
614     -680    553        f
615     -680    553        f
616     -681    554        f
617     -681    554        f
618     -681    554        f
619     -682    554        f
620     -682    554        f
621     -682    554        f
622     -683    554        f
623     -683    554        f
624     -683    555        f
625     -683    555        f
626     -684    555        f
627     -684    555        f
628     -684    555        f
629     -684    555        f
630     -684    555        f
631     -685    555        f
632     -685    555        f
633     -685    555        f
634     -685    555        f
635     -685    555        f
636     -685    556        f
637     -686    556        f
638     -686    556        f
639     -686    556        f
640     -686    556        f
641     -686    556        f
642     -686    556        f
643     -686    556        f
644     -686    556        f
645     -686    556        f
646     -687    556        f
647     -687    556        f
648     -687    556        f
649     -687    556        f
650     -687    556        f
651     -687    556        f
652     -687    556        f
653     -687    556        f
654     -687    556        f
655     -687    556        f
656     -687    556        f
657     -687    556        f
658     -687    556        f
659     -687    556        f
660     -687    556        f
661     -688    556        f
662     -688    556        f
663     -688    556        f
664     -688    556        f
665     -688    556        f
666     -688    557        f
667     -688    557        f
668     -688    557        f
669     -688    557        f
670     -688    557        f
671     -688    557        f
672     -688    557        f
673     -688    557        f
674     -688    557        f
675     -688    557        f
676     -688    557        f
677     -688    557        f
678     -688    557        f
679     -688    557        f
680     -688    557        f
681     -688    557        f
682     -688    557        f
683     -688    557        f
684     -688    557        f
685     -688    557        f
686     -688    557        f
687     -688    557        f
688     -688    557        r
689     -688    557        r
690     -688    557        r
691     -688    557        r
692     -688    557        r
693     -688    557        r
694     -688    557        r
695     -688    557        r
696     -688    557        r
697     -688    557        r
698     -688    557        r
699     -688    557        r
700     -688    557        r
701     -688    557        r
702     -688    557        r
703     -688    557        r
704     -688    557        r
705     -688    557        r
706     -688    557        f
707     -688    557        f
708     -688    557        f
709     -688    557        f
710     -688    557        f
711     -688    557        f
712     -688    557        f
713     -688    557        f
714     -688    557        f
715     -688    557        f
716     -688    557        f
717     -688    557        f
718     -688    557        f
719     -688    557        f
720     -688    557        f
721     -688    557        f
722     -688    557        f
723     -688    557        f
724     -688    557        f
725     -688    557        f
726     -688    557        f
727     -688    557        f
728     -688    557        f
729     -688    557        f
730     -688    557        f
731     -688    557        f
732     -688    557        f
733     -688    557        f
734     -688    557        f
735     -688    557        f
736     -688    557        f
737     -688    557        f
738     -688    557        f
739     -688    557        f
740     -688    557        f
741     -688    557        f
742     -688    557        f
743     -688    557        f
744     -688    557        f
745     -688    557        f
746     -688    557        f
747     -688    557        f
748     -688    557        f
749     -688    557        f
750     -688    557        f
751     -688    557        f
752     -688    557        f
753     -689    557        f
754     -689    557        f
755     -689    557        f
756     -689    557        f
757     -689    557        f
758     -689    557        f
759     -689    557        f
760     -689    557        f
761     -689    557        f
762     -689    557        f
763     -689    557        f
764     -689    557        f
765     -689    557        f
766     -689    557        f
767     -689    557        f
768     -689    557        f
769     -689    557        f
770     -689    557        f
771     -689    557        f
772     -689    557        f
773     -689    557        f
774     -689    557        f
775     -689    557        f
776     -689    557        f
777     -689    557        f
778     -689    557        f
779     -689    557        f
780     -689    557        f
781     -689    557        f
782     -689    557        f
783     -689    557        f
784     -689    557        f
785     -689    557        f
786     -689    557        f
787     -689    557        f
788     -689    557        f
789     -689    557        f
790     -689    557        f
791     -689    557        f
792     -689    557        f
793     -689    557        f
794     -689    557        f
795     -689    557        f
796     -689    557        f
797     -689    557        f
798     -689    557        f
799     -689    557        f
800     -689    557        f
801     -689    557        f
802     -689    557        f
803     -689    557        f
804     -689    557        f
805     -689    557        f
806     -689    557        f
807     -689    557        f
808     -689    557        f
809     -689    557        f
810     -689    557        f
811     -689    557        f
812     -689    557        f
813     -689    557        f
814     -689    557        f
815     -689    557        f
816     -689    557        f
817     -689    557        f
818     -689    557        f
819     -689    557        f
820     -689    557        f
821     -689    557        f
822     -689    557        r
823     -689    557        r
824     -689    557        f
825     -750    511        f
826     -809    468        f
827     -865    426        f
828     -918    387        f
829     -969    349        f
830     -1018    313        f
831     -1065    278        f
832     -1110    245        f
833     -1152    213        f
834     -1193    183        f
835     -1232    155        f
836     -1269    127        f
837     -1304    101        f
838     -1338    76        f
839     -1370    52        f
840     -1401    28        f
841     -1430    8        f
842     -1458    -12        f
843     -1485    -32        f
844     -1511    -51        f
845     -1535    -69        f
846     -1559    -86        f
847     -1581    -103        f
848     -1602    -119        f
849     -1623    -134        f
850     -1642    -148        f
851     -1661    -162        f
852     -1678    -175        f
853     -1695    -187        f
854     -1711    -199        f
855     -1727    -211        f
856     -1742    -222        f
857     -1755    -231        f
858     -1769    -242        f
859     -1782    -252        f
860     -1794    -261        f
861     -1805    -270        f
862     -1817    -278        f
863     -1828    -286        f
864     -1838    -293        f
865     -1848    -301        f
866     -1857    -308        f
867     -1866    -314        f
868     -1873    -321        f
869     -1882    -327        f
870     -1889    -332        f
871     -1897    -338        f
872     -1904    -343        f
873     -1911    -348        f
874     -1918    -353        f
875     -1923    -357        f
876     -1930    -362        f
877     -1935    -366        f
878     -1939    -370        f
879     -1946    -374        f
880     -1950    -377        f
881     -1955    -381        f
882     -1959    -384        f
883     -1964    -387        f
884     -1968    -390        f
885     -1972    -393        f
886     -1975    -396        f
887     -1979    -399        f
888     -1982    -401        f
889     -1985    -403        f
890     -1988    -405        f
891     -1991    -408        f
892     -1994    -409        f
893     -1997    -412        f
894     -1998    -413        f
895     -2002    -416        f
896     -2004    -417        f
897     -2005    -419        f
898     -2009    -421        f
899     -2011    -422        f
900     -2012    -424        f
901     -2014    -425        f
902     -2016    -426        f
903     -2018    -428        f
904     -2019    -429        f
905     -2021    -430        f
906     -2022    -430        f
907     -2023    -432        f
908     -2025    -433        f
909     -2026    -434        f
910     -2028    -434        f
911     -2029    -436        f
912     -2030    -437        f
913     -2030    -437        f
914     -2032    -438        f
915     -2032    -438        f
916     -2034    -440        f
917     -2035    -440        f
918     -2036    -441        f
919     -2036    -442        f
920     -2037    -442        f
921     -2038    -443        f
922     -2039    -443        f
923     -2039    -444        f
924     -2039    -444        f
925     -2041    -445        f
926     -2041    -445        f
927     -2042    -445        f
928     -2042    -446        f
929     -2043    -446        f
930     -2043    -447        f
931     -2044    -447        f
932     -2044    -447        f
933     -2045    -448        f
934     -2045    -448        f
935     -2045    -448        f
936     -2046    -448        f
937     -2046    -448        l
938     -2046    -448        l
939     -2046    -448        l
940     -2046    -448        l
941     -2046    -448        l
942     -2046    -448        l
943     -2046    -448        l
944     -2046    -448        l
945     -2046    -448        l
946     -2046    -448        l
947     -2046    -448        l
948     -2046    -448        l
949     -2046    -448        l
950     -2046    -448        l
951     -2046    -448        l
952     -2046    -448        l
953     -2046    -448        l
954     -2046    -448        l
955     -2046    -448        l
956     -2046    -448        l
957     -2046    -448        l
958     -2046    -448        l
959     -2046    -448        l
960     -2046    -448        l
961     -2046    -448        l
962     -2046    -448        l
963     -2046    -449        f
964     -2046    -449        f
965     -2047    -449        f
966     -2047    -449        f
967     -2047    -450        f
968     -2048    -450        f
969     -2048    -450        f
970     -2048    -450        f
971     -2048    -450        f
972     -2049    -451        f
973     -2049    -451        f
974     -2049    -451        f
975     -2049    -451        f
976     -2049    -451        f
977     -2050    -451        f
978     -2050    -451        f
979     -2050    -451        f
980     -2050    -451        f
981     -2050    -451        f
982     -2050    -451        f
983     -2050    -451        r
984     -2050    -451        r
985     -2050    -451        r
986     -2050    -451        r
987     -2050    -451        r
988     -2050    -451        r
989     -2050    -451        r
990     -2050    -451        r
991     -2050    -451        r
992     -2050    -451        r
993     -2050    -451        r
994     -2050    -451        r
995     -2050    -451        r
996     -2050    -451        r
997     -2050    -451        r
998     -2050    -451        r
999     -2050    -451        r
1000     -2050    -451        r
1001     -2051    -451        f
1002     -2051    -451        f
1003     -2051    -451        f
1004     -2051    -451        f
1005     -2051    -451        f
1006     -2051    -453        f
1007     -2051    -453        f
1008     -2051    -453        f
1009     -2051    -453        f
1010     -2052    -453        f
1011     -2052    -453        f
1012     -2052    -453        f
1013     -2052    -453        f
1014     -2052    -453        f
1015     -2052    -453        f
1016     -2052    -453        f
1017     -2052    -453        f
1018     -2052    -453        f
1019     -2052    -453        f
1020     -2052    -453        f
1021     -2052    -453        f
1022     -2052    -453        f
1023     -2052    -453        f
1024     -2053    -454        f
1025     -2053    -454        f
1026     -2053    -454        f
1027     -2053    -454        f
1028     -2053    -454        f
1029     -2053    -454        f
1030     -2053    -454        f
1031     -2053    -454        f
1032     -2053    -454        f
1033     -2053    -454        f
1034     -2053    -454        f
1035     -2053    -454        f
1036     -2053    -454        f
1037     -2053    -454        f
1038     -2053    -454        f
1039     -2053    -454        f
1040     -2053    -454        f
1041     -2053    -454        f
1042     -2053    -454        f
1043     -2053    -454        f
1044     -2053    -454        f
1045     -2053    -454        f
1046     -2053    -454        f
1047     -2053    -454        f
1048     -2053    -454        f
1049     -2053    -454        f
1050     -2053    -454        f
1051     -2053    -454        f
1052     -2053    -454        f
1053     -2053    -454        f
1054     -2053    -454        f
1055     -2053    -454        f
1056     -2053    -454        f
1057     -2053    -454        f
1058     -2053    -454        f
1059     -2053    -454        f
1060     -2053    -454        f
1061     -2053    -454        f
1062     -2053    -454        f
1063     -2053    -454        f
1064     -2053    -454        f
1065     -2053    -454        f
1066     -2053    -454        f
1067     -2053    -454        f
1068     -2053    -454        f
1069     -2053    -454        f
1070     -2053    -454        f
1071     -2053    -454        f
1072     -2053    -454        f
1073     -2053    -454        f
1074     -2053    -454        f
1075     -2053    -454        f
1076     -2053    -454        f
1077     -2053    -454        f
1078     -2053    -454        f
1079     -2053    -454        f
1080     -2053    -454        f
1081     -2053    -454        f
1082     -2053    -454        f
1083     -2053    -454        f
1084     -2053    -454        l
1085     -2053    -454        l
1086     -2053    -454        l
1087     -2053    -454        l
1088     -2053    -454        l
1089     -2053    -454        l
1090     -2053    -454        l
1091     -2053    -454        l
1092     -2053    -454        l
1093     -2053    -454        l
1094     -2053    -454        l
1095     -2053    -454        f
1096     -2053    -454        f
1097     -2053    -454        f
1098     -2053    -454        f
1099     -2053    -454        f
1100     -2053    -454        f
1101     -2053    -454        f
1102     -2054    -454        f
1103     -2054    -454        f
1104     -2054    -454        f
1105     -2054    -454        f
1106     -2054    -454        f
1107     -2054    -454        f
1108     -2054    -454        f
1109     -2054    -454        f
1110     -2054    -454        f
1111     -2054    -454        f
1112     -2054    -454        f
1113     -2054    -454        r
1114     -2054    -454        r
1115     -2054    -454        r
1116     -2054    -454        r
1117     -2054    -454        r
1118     -2054    -454        r
1119     -2054    -454        r
1120     -2054    -454        r
1121     -2054    -454        r
1122     -2054    -454        r
1123     -2054    -454        r
1124     -2054    -454        r
1125     -2054    -454        r
1126     -2054    -454        r
1127     -2054    -454        r
1128     -2054    -454        r
1129     -2054    -454        r
1130     -2054    -454        r
1131     -2054    -454        r
1132     -2054    -454        r
1133     -2054    -454        f
1134     -2054    -454        f
1135     -2054    -454        f
1136     -2054    -454        f
1137     -2054    -454        f
1138     -2054    -454        f
1139     -2054    -454        f
1140     -2054    -454        f
1141     -2054    -454        f
1142     -2054    -454        f
1143     -2054    -454        f
1144     -2054    -454        f
1145     -2054    -454        f
1146     -2054    -454        f
1147     -2054    -454        f
1148     -2054    -454        f
1149     -2054    -454        f
1150     -2054    -454        f
1151     -2054    -454        f
1152     -2054    -454        f
1153     -2054    -454        f
1154     -2054    -454        f
1155     -2054    -454        f
1156     -2054    -454        f
1157     -2054    -454        f
1158     -2054    -454        f
1159     -2054    -454        f
1160     -2054    -454        f
1161     -2054    -454        f
1162     -2054    -454        f
1163     -2054    -454        f
1164     -2054    -454        f
1165     -2054    -454        f
1166     -2054    -454        f
1167     -2054    -454        f
1168     -2054    -454        f
1169     -2054    -454        f
1170     -2054    -454        f
1171     -2054    -454        f
1172     -2054    -454        f
1173     -2054    -454        f
1174     -2054    -454        f
1175     -2054    -454        f
1176     -2054    -454        f
1177     -2054    -454        f
1178     -2054    -454        f
1179     -2054    -454        f
1180     -2054    -454        f
1181     -2054    -454        f
1182     -2054    -454        f
1183     -2054    -454        f
1184     -2054    -454        f
1185     -2054    -454        f
1186     -2054    -454        f
1187     -2054    -454        f
1188     -2054    -454        f
1189     -2054    -454        f
1190     -2054    -454        f
1191     -2054    -454        f
1192     -2054    -454        f
1193     -2054    -454        f
1194     -2054    -454        f
1195     -2054    -454        f
1196     -2054    -454        f
1197     -2054    -454        f
1198     -2054    -454        f
1199     -2054    -454        f
1200     0    0        f
1200     0    0        f
1200     0    0        f
1200     0    0        f
1200     0    0        f
1200     0    0        f
1200     0    0        f
1200     0    0        f
1200     0    0        f
1200     0    0        f
1200     0    0        f
1200     0    0        f
1200     0    0        f
1200     0    0        f
1200     0    0        f
1200     0    0        f
1200     0    0        f
1200     0    0        f
1200     0    0        f
1200     0    0        f
1200     0    0        f
1200     0    0        f
1200     0    0        f
1200     0    0        f
1200     0    0        f
1200     0    0        f
1200     0    0        f
1200     0    0        f
1200     0    0        f
1200     0    0        f
1200     0    0        f
1200     0    0        f
1200     0    0        f
1200     0    0        f
1200     0    0        f
1200     0    0        f
1200     0    0        f
1200     0    0        f
1200     0    0        f
1200     0    0        f
1200     0    0        f
1200     0    0        f
1200     0    0        f
1200     0    0        f
1200     0    0        f
1200     0    0        f
1200     0    0        f
1200     0    0        f
1200     0    0        f
1200     0    0        f
1200     0    0        f
1200     0    0        f
1200     0    0        f
1200     0    0        f
1200     0    0        f
1200     0    0        f
1200     0    0        f
1200     0    0        f
1200     0    0        f
1200     0    0        f
1200     0    0        f
1200     0    0        f
1200     0    0        f
1200     0    0        f
1200     0    0        f
1200     0    0        f
1200     0    0        f
1200     0    0        f
1200     0    0        f
1200     0    0        f
1200     0    0        f
1200     0    0        f
1200     0    0        f
1200     0    0        f
1200     0    0        f
1200     0    0        f
1200     0    0        f
1200     0    0        f
1200     0    0        f
1200     0    0        f
1200     0    0        f
1200     0    0        f
1200     0    0        f
1200     0    0        f
1200     0    0        f
1200     0    0        f
1200     0    0        f
1200     0    0        f
1200     0    0        f
1200     0    0        f
1200     0    0        f
1200     0    0        f
1200     0    0        f
1200     0    0        f
1200     0    0        f
1200     0    0        f
1200     0    0        f
1200     0    0        f
1200     0    0        f
1200     0    0        f
1200     0    0        f
1200     0    0        f
1201     0    0        f
1202     0    0        f
1203     0    0        f
1204     0    0        f
1205     0    0        f
1206     0    0        f
1207     0    0        f
1208     0    0        f
1209     0    0        f
1210     0    0        f
1211     0    0        f
1212     0    0        f
1213     0    0        f
1214     0    0        f
1215     0    0        f
1216     0    0        f
1217     0    0        f
1218     0    0        f
1219     0    0        f
1220     0    0        f
1221     0    0        f
1222     0    0        f
1223     0    0        f
1224     0    0        f
1225     0    0        f
1226     0    0        f
1227     0    0        f
1228     0    0        f
1229     0    0        f
1230     0    0        f
1231     0    0        f
1232     0    0        f
1233     0    0        f
1234     0    0        f
1235     0    0        f
1236     0    0        f
1237     0    0        f
1238     0    0        f
1239     0    0        f
1240     0    0        f
1241     0    0        f
1242     0    0        f
1243     0    0        f
1244     0    0        f
1245     0    0        f
1246     0    0        f
1247     0    0        f
1248     0    0        f
1249     0    0        f
1250     0    0        f
1251     0    0        f
1252     0    0        f
1253     0    0        f
1254     0    0        f
1255     0    0        f
1256     0    0        f
1257     0    0        f
1258     0    0        f
1259     0    0        f
1260     0    0        f
1261     0    0        f
1262     0    0        f
1263     0    0        f
1264     0    0        f
1265     0    0        f
1266     0    0        f
1267     0    0        f
1268     0    0        f
1269     0    0        f
1270     0    0        f
1271     0    0        f
1272     0    0        f
1273     0    0        f
1274     0    0        f
1275     0    0        f
1276     0    0        f
1277     0    0        f
1278     0    0        f
1279     0    0        f
1280     0    0        f
1281     0    0        f
1282     0    0        f
1283     0    0        f
1284     0    0        f
1285     0    0        f
1286     0    0        f
1287     0    0        f
1288     0    0        f
1289     0    0        f
1290     0    0        f
1291     0    0        f
1292     0    0        f
1293     0    0        f
1294     0    0        f
1295     0    0        f
1296     0    0        f
1297     0    0        f
1298     0    0        f
1299     0    0        f
1300     0    0        f
1301     0    0        f
1302     0    0        f
1303     0    0        f
1304     0    0        f
1305     0    0        f
1306     0    0        r
1307     0    0        r
1308     0    0        r
1309     0    0        r
1310     0    0        r
1311     0    0        r
1312     0    0        r
1313     0    0        r
1314     0    0        f
1315     -76    3        f
1316     -149    6        f
1317     -219    9        f
1318     -285    12        f
1319     -349    14        f
1320     -349    14        l
1321     -349    14        l
1322     -349    14        l
1323     -349    14        l
1324     -349    14        l
1325     -349    14        l
1326     -349    14        l
1327     -349    14        l
1328     -349    14        l
1329     -349    14        l
1330     -349    14        l
1331     -349    14        l
1332     -349    14        f
1333     -273    23        f
1334     -200    31        f
1335     -131    39        f
1336     -65    47        f
1337     -2    54        f
1338     57    61        f
1339     114    67        f
1340     170    73        f
1341     223    79        f
1342     273    85        f
1343     321    91        f
1344     366    96        f
1345     409    101        f
1346     451    106        f
1347     491    110        f
1348     529    113        f
1349     566    118        f
1350     600    122        f
1351     634    126        f
1352     665    130        f
1353     695    133        f
1354     724    137        f
1355     751    140        f
1356     778    143        f
1357     802    146        f
1358     827    148        f
1359     850    151        f
1360     872    153        f
1361     893    156        f
1362     913    158        f
1363     932    160        f
1364     950    162        f
1365     967    164        f
1366     984    166        f
1367     1000    168        f
1368     1015    170        f
1369     1029    171        f
1370     1043    173        f
1371     1056    174        f
1372     1069    176        f
1373     1081    177        f
1374     1092    178        f
1375     1103    180        f
1376     1114    181        f
1377     1124    182        f
1378     1133    183        f
1379     1143    184        f
1380     1151    185        f
1381     1160    186        f
1382     1168    187        f
1383     1175    188        f
1384     1182    189        f
1385     1189    189        f
1386     1196    190        f
1387     1202    191        f
1388     1208    192        f
1389     1214    192        f
1390     1220    193        f
1391     1225    193        f
1392     1230    194        f
1393     1235    195        f
1394     1239    195        f
1395     1244    196        f
1396     1248    196        f
1397     1252    196        f
1398     1256    197        f
1399     1259    197        f
1400     1263    198        f
1401     1266    198        f
1402     1269    198        f
1403     1272    199        f
1404     1275    199        f
1405     1278    199        f
1406     1280    200        f
1407     1283    200        f
1408     1285    200        f
1409     1288    200        f
1410     1290    200        f
1411     1292    200        f
1412     1292    200        r
1413     1292    200        r
1414     1292    200        r
1415     1292    200        f
1416     1223    234        f
1417     1223    234        l
1418     1223    234        l
1419     1223    234        l
1420     1223    234        l
1421     1223    234        l
1422     1223    234        l
1423     1223    234        l
1424     1223    234        l
1425     1223    234        l
1426     1223    234        l
1427     1223    234        l
1428     1223    234        l
1429     1223    234        l
1430     1223    234        f
1431     1295    209        f
1432     1364    185        f
1433     1430    163        f
1434     1493    141        f
1435     1554    120        f
1436     1554    120        r
1437     1554    120        r
1438     1554    120        r
1439     1554    120        f
1440     1441    21        f
1441     1334    -73        f
1442     1231    -163        f
1443     1133    -250        f
1444     1039    -332        f
1445     950    -411        f
1446     864    -486        f
1447     783    -558        f
1448     705    -627        f
1449     631    -693        f
1450     560    -755        f
1451     492    -815        f
1452     426    -873        f
1453     365    -927        f
1454     306    -978        f
1455     250    -1029        f
1456     196    -1077        f
1457     144    -1122        f
1458     95    -1166        f
1459     48    -1207        f
1460     3    -1247        f
1461     -38    -1285        f
1462     -79    -1321        f
1463     -118    -1355        f
1464     -156    -1388        f
1465     -191    -1420        f
1466     -225    -1450        f
1467     -258    -1478        f
1468     -289    -1506        f
1469     -319    -1532        f
1470     -347    -1557        f
1471     -374    -1581        f
1472     -400    -1604        f
1473     -424    -1626        f
1474     -448    -1646        f
1475     -470    -1666        f
1476     -492    -1685        f
1477     -512    -1703        f
1478     -532    -1721        f
1479     -551    -1737        f
1480     -569    -1753        f
1481     -586    -1768        f
1482     -602    -1782        f
1483     -618    -1796        f
1484     -633    -1809        f
1485     -647    -1822        f
1486     -661    -1834        f
1487     -674    -1845        f
1488     -686    -1855        f
1489     -698    -1867        f
1490     -709    -1877        f
1491     -720    -1886        f
1492     -731    -1895        f
1493     -740    -1904        f
1494     -750    -1912        f
1495     -759    -1920        f
1496     -767    -1928        f
1497     -776    -1935        f
1498     -784    -1942        f
1499     -791    -1948        f
1500     -798    -1954        f
1501     -805    -1960        f
1502     -811    -1966        f
1503     -818    -1972        f
1504     -824    -1977        f
1505     -828    -1982        f
1506     -835    -1987        f
1507     -840    -1991        f
1508     -844    -1996        f
1509     -850    -2000        f
1510     -853    -2004        f
1511     -853    -2004        r
1512     -853    -2004        l
1513     -853    -2004        r
1514     -853    -2004        r
1515     -853    -2004        r
1516     -853    -2004        r
1517     -853    -2004        r
1518     -853    -2004        l
1519     -853    -2004        r
1520     -853    -2004        r
1521     -853    -2004        l
1522     -853    -2004        l
1523     -853    -2004        r
1524     -853    -2004        l
1525     -853    -2004        r
1526     -853    -2004        r
1527     -853    -2004        f
1528     -781    -1980        f
1529     -781    -1980        r
1530     -781    -1980        r
1531     -781    -1980        r
1532     -781    -1980        r
1533     -781    -1980        r
1534     -781    -1980        f
1535     -857    -1985        f
1536     -930    -1988        f
1537     -1000    -1991        f
1538     -1000    -1991        l
1539     -1000    -1991        l
1540     -1000    -1991        l
1541     -1000    -1991        l
1542     -1000    -1991        l
1543     -1000    -1991        l
1544     -1000    -1991        l
1545     -1000    -1991        l
1546     -1000    -1991        f
1547     -971    -1909        f
1548     -943    -1830        f
1549     -917    -1755        f
1550     -892    -1685        f
1551     -868    -1616        f
1552     -844    -1551        f
1553     -823    -1489        f
1554     -802    -1430        f
1555     -782    -1373        f
1556     -763    -1319        f
1557     -745    -1267        f
1558     -745    -1267        l
1559     -745    -1267        l
1560     -745    -1267        f
1561     -694    -1126        f
1562     -645    -991        f
1563     -599    -863        f
1564     -554    -740        f
1565     -512    -623        f
1566     -471    -511        f
1567     -433    -404        f
1568     -396    -302        f
1569     -361    -204        f
1570     -327    -111        f
1571     -295    -22        f
1572     -264    62        f
1573     -235    143        f
1574     -235    143        l
1575     -235    143        l
1576     -235    143        l
1577     -235    143        f
1578     -186    234        f
1579     -138    321        f
1580     -94    404        f
1581     -51    483        f
1582     -10    558        f
1583     28    631        f
1584     65    699        f
1585     101    765        f
1586     135    827        f
1587     168    888        f
1588     199    944        f
1589     227    1000        f
1590     257    1052        f
1591     284    1102        f
1592     309    1150        f
1593     334    1196        f
1594     358    1239        f
1595     380    1281        f
1596     401    1321        f
1597     422    1359        f
1598     442    1395        f
1599     459    1430        f
1600     478    1463        f
1601     495    1494        f
1602     511    1524        f
1603     527    1553        f
1604     542    1581        f
1605     556    1607        f
1606     570    1632        f
1607     582    1655        f
1608     595    1679        f
1609     607    1701        f
1610     607    1701        r
1611     607    1701        f
1612     600    1582        f
1613     595    1469        f
1614     589    1362        f
1615     584    1259        f
1616     578    1160        f
1617     574    1066        f
1618     569    977        f
1619     564    891        f
1620     560    809        f
1621     556    731        f
1622     552    656        f
1623     548    585        f
1624     545    517        f
1625     541    451        f
1626     538    390        f
1627     535    330        f
1628     532    274        f
1629     529    220        f
1630     527    168        f
1631     527    168        r
1632     527    168        f
1633     463    126        f
1634     401    85        f
1635     344    46        f
1636     289    9        f
1637     236    -25        f
1638     186    -59        f
1639     138    -91        f
1640     91    -122        f
1641     47    -151        f
1642     5    -180        f
1643     -34    -206        f
1644     -72    -231        f
1645     -109    -256        f
1646     -144    -280        f
1647     -177    -302        f
1648     -209    -323        f
1649     -240    -344        f
1650     -269    -363        f
1651     -296    -382        f
1652     -323    -399        f
1653     -348    -416        f
1654     -348    -416        l
1655     -348    -416        l
1656     -348    -416        l
1657     -373    -432        f
1658     -373    -432        l
1659     -373    -432        l
1660     -396    -448        f
1661     -396    -448        l
1662     -396    -448        l
1663     -396    -448        l
1664     -418    -462        f
1665     -418    -462        l
1666     -418    -462        f
1667     -418    -462        f
1668     -418    -462        f
1669     -418    -462        f
1670     -418    -462        f
1671     -418    -462        f
1672     -418    -462        f
1673     -418    -462        f
1674     -418    -462        f
1675     -418    -462        f
1676     -418    -462        f
1677     -418    -462        f
1678     -418    -462        f
1679     -418    -462        f
1680     -418    -462        f
1681     -418    -462        f
1682     -418    -462        f
1683     -418    -462        f
1684     -418    -462        f
1685     -418    -462        f
1686     -418    -462        f
1687     -418    -462        f
1688     -418    -462        f
1689     -418    -462        f
1690     -418    -462        f
1691     -418    -462        f
1692     -418    -462        f
1693     -418    -462        f
1694     -418    -462        f
1695     -418    -462        f
1696     -418    -462        f
1697     -418    -462        f
1698     -418    -462        f
1699     -418    -462        f
1700     -418    -462        f
1701     -418    -462        f
1702     -418    -462        r
1703     -418    -462        r
1704     -418    -462        r
1705     -418    -462        f
1706     -494    -462        f
1707     -567    -461        f
1708     -637    -459        f
1709     -704    -459        f
1710     -767    -459        f
1711     -827    -458        f
1712     -886    -458        f
1713     -942    -457        f
1714     -994    -457        f
1715     -1046    -455        f
1716     -1094    -455        f
1717     -1140    -455        f
1718     -1184    -455        f
1719     -1226    -454        f
1720     -1266    -454        f
1721     -1305    -454        f
1722     -1341    -453        f
1723     -1376    -453        f
1724     -1410    -453        f
1725     -1442    -451        f
1726     -1472    -451        f
1727     -1501    -451        f
1728     -1529    -451        f
1729     -1556    -451        f
1730     -1581    -451        f
1731     -1605    -451        f
1732     -1629    -450        f
1733     -1651    -450        f
1734     -1672    -450        f
1735     -1692    -450        f
1736     -1711    -450        f
1737     -1730    -449        f
1738     -1747    -449        f
1739     -1764    -449        f
1740     -1780    -449        f
1741     -1796    -449        f
1742     -1810    -449        f
1743     -1823    -449        f
1744     -1838    -448        f
1745     -1851    -448        f
1746     -1863    -448        f
1747     -1873    -448        f
1748     -1885    -448        f
1749     -1896    -448        f
1750     -1905    -448        f
1751     -1916    -448        f
1752     -1925    -448        f
1753     -1934    -447        f
1754     -1942    -447        f
1755     -1950    -447        f
1756     -1957    -447        f
1757     -1964    -447        f
1758     -1972    -447        f
1759     -1979    -447        f
1760     -1985    -447        f
1761     -1992    -447        f
1762     -1997    -447        f
1763     -2003    -447        f
1764     -2007    -447        f
1765     -2013    -447        f
1766     -2018    -447        f
1767     -2023    -447        f
1768     -2027    -447        f
1769     -2032    -446        f
1770     -2036    -446        f
1771     -2039    -446        f
1772     -2043    -446        f
1773     -2047    -446        f
1774     -2047    -446        l
1775     -2047    -446        l
1776     -2047    -446        l
1777     -2047    -446        l
1778     -2047    -446        l
1779     -2047    -446        l
1780     -2047    -446        l
1781     -2047    -446        f
1782     -1938    -343        f
1783     -1835    -244        f
1784     -1736    -149        f
1785     -1641    -59        f
1786     -1551    26        f
1787     -1465    109        f
1788     -1382    187        f
1789     -1304    262        f
1790     -1229    334        f
1791     -1157    401        f
1792     -1088    468        f
1793     -1023    530        f
1794     -960    590        f
1795     -900    647        f
1796     -843    701        f
1797     -789    753        f
1798     -737    802        f
1799     -687    850        f
1800     -639    894        f
1801     -594    939        f
1802     -551    980        f
1803     -509    1019        f
1804     -470    1057        f
1805     -432    1093        f
1806     -396    1127        f
1807     -361    1160        f
1808     -328    1191        f
1809     -297    1221        f
1810     -267    1249        f
1811     -238    1277        f
1812     -211    1303        f
1813     -185    1327        f
1814     -160    1351        f
1815     -136    1374        f
1816     -112    1395        f
1817     -92    1416        f
1818     -71    1436        f
1819     -71    1436        l
1820     -71    1436        l
1821     -71    1436        l
1822     -71    1436        f
1823     37    1341        f
1824     141    1251        f
1825     240    1165        f
1826     335    1083        f
1827     426    1005        f
1828     512    930        f
1829     595    859        f
1830     674    790        f
1831     749    725        f
1832     821    663        f
1833     821    663        l
1834     821    663        f
1835     901    626        f
1836     977    590        f
1837     1051    557        f
1838     1121    525        f
1839     1188    494        f
1840     1252    465        f
1841     1313    437        f
1842     1371    409        f
1843     1427    384        f
1844     1480    360        f
1845     1531    337        f
1846     1579    314        f
1847     1625    293        f
1848     1670    273        f
1849     1712    254        f
1850     1752    235        f
1851     1752    235        l
1852     1752    235        l
1853     1791    218        f
1854     1791    218        l
1855     1828    200        f
1856     1828    200        l
1857     1828    200        l
1858     1863    185        f
1859     1863    185        l
1860     1863    185        l
1861     1896    169        f
1862     1896    169        l
1863     1896    169        l
1864     1928    155        f
1865     1928    155        l
1866     1959    141        f
1867     1988    127        f
1868     2016    113        f
1869     2043    102        f
1870     2068    91        f
1871     2092    79        f
1872     2116    69        f
1873     2138    59        f
1874     2159    49        f
1875     2179    40        f
1876     2198    31        f
1877     2217    23        f
1878     2235    15        f
1879     2251    7        f
1880     2267    0        f
1881     2283    -6        f
1882     2297    -13        f
1883     2311    -20        f
1884     2325    -26        f
1885     2337    -31        f
1886     2350    -37        f
1887     2361    -42        f
1888     2372    -47        f
1889     2383    -52        f
1890     2393    -56        f
1891     2403    -61        f
1892     2412    -65        f
1893     2421    -70        f
1894     2429    -73        f
1895     2437    -77        f
1896     2445    -81        f
1897     2453    -84        f
1898     2460    -87        f
1899     2466    -90        f
1900     2473    -93        f
1901     2479    -96        f
1902     2485    -99        f
1903     2490    -101        f
1904     2490    -101        l
1905     2490    -101        l
1906     2490    -101        f
1907     2640    -89        f
1908     2640    -89        r
1909     2640    -89        r
1910     2640    -89        r
1911     2640    -89        f
1912     2582    -55        f
1913     2526    -22        f
1914     2473    8        f
1915     2423    38        f
1916     2374    66        f
1917     2328    94        f
1918     2284    120        f
1919     2284    120        r
1920     2242    144        f
1921     2242    144        r
1922     2202    168        f
1923     2163    191        f
1924     2127    212        f
1925     2092    233        f
1926     2058    252        f
1927     2026    272        f
1928     1996    290        f
1929     1967    307        f
1930     1939    323        f
1931     1912    339        f
1932     1887    354        f
1933     1863    368        f
1934     1839    382        f
1935     1817    395        f
1936     1796    407        f
1937     1776    419        f
1938     1757    430        f
1939     1738    442        f
1940     1721    451        f
1941     1704    462        f
1942     1688    471        f
1943     1673    480        f
1944     1657    488        f
1945     1644    497        f
1946     1630    505        f
1947     1618    512        f
1948     1618    512        l
1949     1618    512        f
1950     1682    455        f
1951     1745    399        f
1952     1804    347        f
1953     1861    296        f
1954     1914    248        f
1955     1966    202        f
1956     2014    159        f
1957     2062    117        f
1958     2107    77        f
1959     2150    39        f
1960     2150    39        l
1961     2150    39        f
1962     2300    44        f
1963     2443    49        f
1964     2580    53        f
1965     2711    57        f
1966     2835    62        f
1967     2954    66        f
1968     3068    70        f
1969     3176    73        f
1970     3279    77        f
1971     3379    80        f
1972     3474    83        f
1973     3564    86        f
1974     3650    89        f
1975     3733    92        f
1976     3811    95        f
1977     3886    97        f
1978     3958    100        f
1979     4027    102        f
1980     4092    104        f
1981     4154    106        f
1982     4214    108        f
1983     4271    110        f
1984     4271    110        r
1985     4271    110        r
1986     4271    110        r
1987     4271    110        r
1988     4271    110        f
1989     4157    30        f
1990     4047    -46        f
1991     3944    -119        f
1992     3845    -190        f
1993     3750    -257        f
1994     3660    -321        f
1995     3572    -382        f
1996     3490    -440        f
1997     3411    -496        f
1998     3336    -549        f
1999     3265    -600        f
2000     3196    -649        f
2001     3130    -695        f
2002     3067    -739        f
2003     3008    -781        f
2004     2951    -822        f
2005     2896    -860        f
2006     2844    -897        f
2007     2794    -932        f
2008     2794    -932        r
2009     2794    -932        r
2010     2794    -932        r
2011     2747    -965        f
2012     2747    -965        r
2013     2747    -965        r
2014     2747    -965        r
2015     2747    -965        r
2016     2701    -997        f
2017     2701    -997        r
2018     2701    -997        r
2019     2701    -997        r
2020     2701    -997        r
2021     2701    -997        r
2022     2658    -1028        f
2023     2658    -1028        r
2024     2658    -1028        f
2025     2528    -997        f
2026     2404    -968        f
2027     2286    -940        f
2028     2172    -913        f
2029     2064    -886        f
2030     1961    -863        f
2031     1863    -840        f
2032     1768    -817        f
2033     1679    -796        f
2034     1593    -776        f
2035     1511    -756        f
2036     1432    -738        f
2037     1358    -720        f
2038     1286    -703        f
2039     1218    -687        f
2040     1153    -672        f
2041     1091    -657        f
2042     1032    -643        f
2043     975    -629        f
2044     975    -629        r
2045     975    -629        r
2046     921    -616        f
2047     921    -616        r
2048     921    -616        r
2049     921    -616        r
2050     869    -604        f
2051     869    -604        r
2052     869    -604        r
2053     869    -604        r
2054     869    -604        r
2055     821    -592        f
2056     821    -592        r
2057     821    -592        r
2058     821    -592        r
2059     821    -592        r
2060     821    -592        r
2061     821    -592        f
2062     744    -536        f
2063     672    -483        f
2064     602    -432        f
2065     536    -384        f
2066     472    -337        f
2067     412    -293        f
2068     354    -250        f
2069     299    -210        f
2070     246    -171        f
2071     196    -134        f
2072     148    -99        f
2073     102    -65        f
2074     57    -33        f
2075     16    -3        f
2076     -23    26        f
2077     -61    54        f
2078     -97    80        f
2079     -132    106        f
2080     -165    130        f
2081     -197    153        f
2082     -227    176        f
2083     -256    197        f
2084     -284    217        f
2085     -310    236        f
2086     -310    236        l
2087     -310    236        l
2088     -310    236        l
2089     -310    236        l
2090     -310    236        l
2091     -336    254        f
2092     -336    254        l
2093     -336    254        l
2094     -336    254        l
2095     -360    272        f
2096     -360    272        l
2097     -360    272        l
2098     -360    272        l
2099     -360    272        l
2100     -383    289        f
2101     -383    289        l
2102     -383    289        l
2103     -383    289        l
2104     -383    289        l
2105     -405    305        f
2106     -405    305        l
2107     -405    305        l
2108     -405    305        l
2109     -405    305        l
2110     -405    305        l
2111     -405    305        f
2112     -264    283        f
2113     -130    262        f
2114     -1    243        f
2115     120    224        f
2116     238    204        f
2117     350    188        f
2118     457    171        f
2119     559    156        f
2120     656    140        f
2121     750    126        f
2122     839    112        f
2123     924    99        f
2124     1005    87        f
2125     1082    75        f
2126     1156    63        f
2127     1227    52        f
2128     1294    42        f
2129     1359    32        f
2130     1420    22        f
2131     1479    13        f
2132     1535    4        f
2133     1589    -3        f
2134     1639    -11        f
2135     1689    -19        f
2136     1735    -26        f
2137     1780    -33        f
2138     1823    -39        f
2139     1863    -46        f
2140     1902    -52        f
2141     1939    -57        f
2142     1975    -63        f
2143     2007    -68        f
2144     2041    -73        f
2145     2072    -78        f
2146     2101    -83        f
2147     2129    -87        f
2148     2156    -91        f
2149     2182    -95        f
2150     2206    -99        f
2151     2230    -103        f
2152     2252    -106        f
2153     2273    -109        f
2154     2294    -112        f
2155     2313    -115        f
2156     2332    -118        f
2157     2350    -121        f
2158     2367    -124        f
2159     2383    -126        f
2160     2398    -129        f
2161     2413    -131        f
2162     2427    -133        f
2163     2441    -135        f
2164     2454    -137        f
2165     2466    -139        f
2166     2478    -141        f
2167     2489    -143        f
2168     2500    -144        f
2169     2510    -146        f
2170     2519    -147        f
2171     2519    -147        r
2172     2519    -147        r
2173     2519    -147        r
2174     2519    -147        r
2175     2519    -147        f
2176     2371    -127        f
2177     2371    -127        l
2178     2371    -127        l
2179     2371    -127        l
2180     2371    -127        f
2181     2521    -129        f
2182     2664    -131        f
2183     2801    -134        f
2184     2931    -136        f
2185     3056    -137        f
2186     3174    -139        f
2187     3288    -141        f
2188     3396    -143        f
2189     3500    -144        f
2190     3599    -146        f
2191     3693    -147        f
2192     3784    -148        f
2193     3870    -150        f
2194     3952    -151        f
2195     4031    -152        f
2196     4106    -153        f
2197     4177    -154        f
2198     4246    -155        f
2199     4246    -155        r
2200     4246    -155        r
2201     4246    -155        r
2202     4246    -155        f
2203     4117    -78        f
2204     3995    -3        f
2205     3878    67        f
2206     3767    135        f
2207     3660    199        f
2208     3559    261        f
2209     3461    320        f
2210     3369    376        f
2211     3281    430        f
2212     3196    480        f
2213     3115    530        f
2214     3038    577        f
2215     2965    622        f
2216     2894    665        f
2217     2828    705        f
2218     2764    744        f
2219     2702    782        f
2220     2644    817        f
2221     2588    851        f
2222     2535    883        f
2223     2484    914        f
2224     2436    944        f
2225     2389    972        f
2226     2345    999        f
2227     2303    1025        f
2228     2262    1050        f
2229     2223    1073        f
2230     2187    1096        f
2231     2151    1117        f
2232     2118    1137        f
2233     2086    1157        f
2234     2055    1176        f
2235     2026    1193        f
2236     1998    1210        f
2237     1971    1227        f
2238     1945    1242        f
2239     1921    1257        f
2240     1898    1271        f
2241     1875    1285        f
2242     1854    1297        f
2243     1834    1310        f
2244     1814    1321        f
2245     1796    1333        f
2246     1779    1343        f
2247     1762    1354        f
2248     1746    1363        f
2249     1730    1373        f
2250     1716    1382        f
2251     1702    1390        f
2252     1689    1398        f
2253     1676    1406        f
2254     1664    1413        f
2255     1652    1421        f
2256     1641    1427        f
2257     1630    1434        f
2258     1621    1440        f
2259     1611    1446        f
2260     1602    1451        f
2261     1593    1457        f
2262     1584    1462        f
2263     1576    1467        f
2264     1576    1467        r
2265     1576    1467        r
2266     1576    1467        r
2267     1576    1467        r
2268     1576    1467        r
2269     1576    1467        r
2270     1576    1467        r
2271     1576    1467        r
2272     1576    1467        r
2273     1576    1467        r
2274     1576    1467        r
2275     1576    1467        r
2276     1576    1467        r
2277     1576    1467        r
2278     1576    1467        r
2279     1576    1467        r
2280     1576    1467        r
2281     1576    1467        r
2282     1576    1467        f
2283     1459    1373        f
2284     1347    1284        f
2285     1240    1199        f
2286     1138    1118        f
2287     1040    1040        f
2288     947    966        f
2289     858    894        f
2290     773    827        f
2291     692    763        f
2292     615    701        f
2293     541    642        f
2294     470    586        f
2295     403    532        f
2296     339    480        f
2297     277    432        f
2298     218    385        f
2299     162    340        f
2300     109    297        f
2301     57    257        f
2302     9    218        f
2303     -37    181        f
2304     -81    145        f
2305     -124    111        f
2306     -164    79        f
2307     -202    48        f
2308     -240    18        f
2309     -275    -9        f
2310     -309    -36        f
2311     -342    -61        f
2312     -372    -86        f
2313     -401    -109        f
2314     -430    -132        f
2315     -457    -153        f
2316     -482    -174        f
2317     -507    -193        f
2318     -530    -212        f
2319     -552    -229        f
2320     -573    -246        f
2321     -594    -263        f
2322     -613    -278        f
2323     -632    -293        f
2324     -649    -307        f
2325     -666    -321        f
2326     -682    -334        f
2327     -698    -346        f
2328     -713    -358        f
2329     -727    -369        f
2330     -740    -380        f
2331     -753    -390        f
2332     -765    -400        f
2333     -777    -409        f
2334     -788    -418        f
2335     -798    -426        f
2336     -809    -434        f
2337     -818    -443        f
2338     -827    -450        f
2339     -836    -457        f
2340     -844    -463        f
2341     -852    -471        f
2342     -861    -476        f
2343     -868    -483        f
2344     -868    -483        r
2345     -868    -483        r
2346     -868    -483        r
2347     -868    -483        r
2348     -868    -483        l
2349     -868    -483        l
2350     -868    -483        l
2351     -868    -483        r
2352     -868    -483        r
2353     -868    -483        r
2354     -868    -483        r
2355     -868    -483        r
2356     -868    -483        l
2357     -868    -483        l
2358     -868    -483        l
2359     -868    -483        r
2360     -868    -483        l
2361     -868    -483        l
2362     -868    -483        l
2363     -868    -483        l
2364     -868    -483        l
2365     -868    -483        l
2366     -868    -483        l
2367     -868    -483        l
2368     -868    -483        l
2369     -868    -483        l
2370     -868    -483        l
2371     -868    -483        l
2372     -868    -483        f
2373     -784    -420        f
2374     -704    -359        f
2375     -627    -302        f
2376     -554    -247        f
2377     -484    -195        f
2378     -417    -145        f
2379     -354    -97        f
2380     -293    -51        f
2381     -235    -8        f
2382     -179    33        f
2383     -126    73        f
2384     -76    111        f
2385     -27    147        f
2386     18    182        f
2387     62    215        f
2388     104    247        f
2389     144    277        f
2390     182    306        f
2391     219    333        f
2392     219    333        l
2393     219    333        l
2394     219    333        l
2395     219    333        f
2396     295    337        f
2397     368    340        f
2398     438    343        f
2399     504    346        f
