step   ball_X    ball_Y    side
269     2274    706        f
270     2291    692        f
271     2307    679        f
272     2323    666        f
273     2338    654        f
274     2352    643        f
275     2366    632        f
276     2379    621        f
277     2391    611        f
278     2403    602        f
279     2414    593        f
280     2425    584        f
281     2435    576        f
282     2445    568        f
283     2455    560        f
284     2464    553        f
285     2472    546        f
286     2480    539        f
287     2488    533        f
288     2496    527        f
289     2503    521        f
290     2510    516        f
291     2516    509        f
292     2516    509        r
293     2516    509        f
294     2397    419        f
295     2283    333        f
296     2174    250        f
297     2070    170        f
298     1971    95        f
299     1876    22        f
300     0    0        f
300     0    0        f
300     0    0        f
300     0    0        f
300     0    0        f
300     0    0        f
300     0    0        f
300     0    0        f
300     0    0        f
300     0    0        f
300     0    0        f
300     0    0        f
300     0    0        f
300     0    0        f
300     0    0        f
300     0    0        f
300     0    0        f
300     0    0        f
300     0    0        f
300     0    0        f
300     0    0        f
300     0    0        f
300     0    0        f
300     0    0        f
300     0    0        f
300     0    0        f
300     0    0        f
300     0    0        f
300     0    0        f
300     0    0        f
300     0    0        f
300     0    0        f
300     0    0        f
300     0    0        f
300     0    0        f
300     0    0        f
300     0    0        f
300     0    0        f
300     0    0        f
300     0    0        f
300     0    0        f
300     0    0        f
300     0    0        f
300     0    0        f
300     0    0        f
300     0    0        f
300     0    0        f
300     0    0        f
300     0    0        f
300     0    0        f
300     0    0        f
300     0    0        f
300     0    0        f
300     0    0        f
300     0    0        f
300     0    0        f
300     0    0        f
300     0    0        f
300     0    0        f
300     0    0        f
300     0    0        f
300     0    0        f
300     0    0        f
300     0    0        f
300     0    0        f
300     0    0        f
300     0    0        f
300     0    0        f
300     0    0        f
300     0    0        f
300     0    0        f
300     0    0        f
300     0    0        f
300     0    0        f
300     0    0        f
300     0    0        f
300     0    0        f
300     0    0        f
300     0    0        f
300     0    0        f
300     0    0        f
300     0    0        f
300     0    0        f
300     0    0        f
300     0    0        f
300     0    0        f
300     0    0        f
300     0    0        f
300     0    0        f
300     0    0        f
300     0    0        f
300     0    0        f
300     0    0        f
300     0    0        f
300     0    0        f
300     0    0        f
300     0    0        f
300     0    0        f
300     0    0        f
300     0    0        f
300     0    0        f
300     0    0        f
301     0    0        f
302     0    0        f
303     0    0        f
304     0    0        f
305     0    0        f
306     0    0        f
307     0    0        f
308     0    0        f
309     0    0        f
310     0    0        f
311     0    0        f
312     0    0        f
313     0    0        f
314     0    0        f
315     0    0        f
316     0    0        f
317     0    0        f
318     0    0        f
319     0    0        f
320     0    0        f
321     0    0        f
322     0    0        f
323     0    0        f
324     0    0        f
325     0    0        f
326     0    0        f
327     0    0        f
328     0    0        f
329     0    0        f
330     0    0        f
331     0    0        f
332     0    0        f
333     0    0        f
334     0    0        f
335     0    0        f
336     0    0        f
337     0    0        f
338     0    0        f
339     0    0        f
340     0    0        f
341     0    0        f
342     0    0        f
343     0    0        f
344     0    0        f
345     0    0        f
346     0    0        f
347     0    0        f
348     0    0        f
349     0    0        f
350     0    0        f
351     0    0        f
352     0    0        f
353     0    0        f
354     0    0        f
355     0    0        f
356     0    0        f
357     0    0        f
358     0    0        f
359     0    0        f
360     0    0        f
361     0    0        f
362     0    0        f
363     0    0        f
364     0    0        f
365     0    0        f
366     0    0        f
367     0    0        f
368     0    0        f
369     0    0        f
370     0    0        f
371     0    0        f
372     0    0        f
373     0    0        f
374     0    0        f
375     0    0        f
376     0    0        f
377     0    0        f
378     0    0        f
379     0    0        f
380     0    0        f
381     0    0        f
382     0    0        f
383     0    0        f
384     0    0        f
385     0    0        f
386     0    0        f
387     0    0        f
388     0    0        f
389     0    0        f
390     0    0        f
391     0    0        f
392     0    0        f
393     0    0        f
394     0    0        f
395     0    0        f
396     0    0        f
397     0    0        f
398     0    0        f
399     0    0        f
400     0    0        f
401     0    0        f
402     0    0        f
403     0    0        f
404     0    0        f
405     0    0        r
406     0    0        r
407     0    0        f
408     -73    -21        f
409     -143    -41        f
410     -210    -60        f
411     -274    -79        f
412     -335    -96        f
413     -335    -96        l
414     -335    -96        f
415     -263    -120        f
416     -193    -143        f
417     -127    -164        f
418     -63    -185        f
419     -3    -204        f
420     54    -224        f
421     109    -242        f
422     162    -259        f
423     213    -275        f
424     261    -291        f
425     307    -306        f
426     351    -320        f
427     393    -334        f
428     433    -347        f
429     471    -359        f
430     507    -371        f
431     542    -383        f
432     576    -393        f
433     607    -404        f
434     638    -413        f
435     667    -423        f
436     694    -432        f
437     721    -441        f
438     746    -449        f
439     770    -457        f
440     793    -463        f
441     815    -471        f
442     836    -478        f
443     856    -484        f
444     875    -491        f
445     894    -497        f
446     911    -503        f
447     927    -508        f
448     944    -513        f
449     959    -518        f
450     973    -523        f
451     986    -528        f
452     1000    -532        f
453     1013    -536        f
454     1025    -540        f
455     1037    -544        f
456     1048    -547        f
457     1058    -551        f
458     1068    -554        f
459     1078    -557        f
460     1087    -560        f
461     1096    -563        f
462     1104    -566        f
463     1112    -568        f
464     1119    -571        f
465     1127    -573        f
466     1134    -575        f
467     1140    -578        f
468     1147    -580        f
469     1153    -582        f
470     1159    -583        f
471     1164    -585        f
472     1169    -587        f
473     1174    -589        f
474     1179    -590        f
475     1179    -590        r
476     1179    -590        r
477     1179    -590        f
478     1104    -578        f
479     1032    -566        f
480     963    -555        f
481     897    -544        f
482     834    -534        f
483     774    -524        f
484     717    -515        f
485     717    -515        l
486     717    -515        f
487     788    -486        f
488     856    -459        f
489     919    -434        f
490     982    -409        f
491     1042    -386        f
492     1098    -363        f
493     1152    -342        f
494     1204    -321        f
495     1204    -321        r
496     1204    -321        r
497     1204    -321        f
498     1055    -303        f
499     913    -286        f
500     777    -269        f
501     648    -252        f
502     524    -238        f
503     405    -223        f
504     293    -209        f
505     186    -196        f
506     83    -183        f
507     -14    -171        f
508     -108    -159        f
509     -198    -148        f
510     -283    -138        f
511     -365    -128        f
512     -443    -118        f
513     -517    -109        f
514     -588    -100        f
515     -656    -92        f
516     -656    -92        r
517     -656    -92        f
518     -723    -55        f
519     -787    -19        f
520     -848    14        f
521     -906    46        f
522     -961    77        f
523     -1015    106        f
524     -1066    135        f
525     -1114    161        f
526     -1160    187        f
527     -1205    212        f
528     -1247    235        f
529     -1287    257        f
530     -1325    279        f
531     -1362    299        f
532     -1397    319        f
533     -1431    337        f
534     -1463    355        f
535     -1493    372        f
536     -1522    388        f
537     -1550    404        f
538     -1577    418        f
539     -1602    432        f
540     -1626    446        f
541     -1648    459        f
542     -1672    471        f
543     -1693    483        f
544     -1713    494        f
545     -1732    505        f
546     -1750    515        f
547     -1768    525        f
548     -1785    534        f
549     -1801    543        f
550     -1816    551        f
551     -1830    559        f
552     -1844    567        f
553     -1857    575        f
554     -1870    582        f
555     -1882    588        f
556     -1894    595        f
557     -1905    601        f
558     -1914    607        f
559     -1926    612        f
560     -1935    618        f
561     -1944    623        f
562     -1953    628        f
563     -1962    632        f
564     -1970    637        f
565     -1977    641        f
566     -1985    645        f
567     -1992    649        f
568     -1992    649        l
569     -1992    649        l
570     -1992    649        l
571     -1992    649        l
572     -1992    649        l
573     -1992    649        l
574     -1992    649        l
575     -1992    649        l
576     -1992    649        l
577     -1992    649        l
578     -1992    649        l
579     -1992    649        r
580     -1992    649        r
581     -1992    649        l
582     -1992    649        l
583     -1992    649        l
584     -1992    649        r
585     -1992    649        r
586     -1992    649        r
587     -1992    649        r
588     -1992    649        r
589     -1992    649        r
590     -1992    649        r
591     -1998    653        f
592     -1998    653        r
593     -1998    653        r
594     -1998    653        r
595     -1998    653        r
596     -1998    653        r
597     -1998    653        r
598     -1998    653        r
599     -1998    653        r
