step   ball_X    ball_Y    side
46     0    0        f
47     0    0        f
48     0    0        f
49     0    0        f
50     0    0        f
51     0    0        f
52     0    0        f
53     0    0        f
54     0    0        f
55     0    0        f
56     0    0        f
57     0    0        f
58     0    0        f
59     0    0        f
60     0    0        f
61     0    0        f
62     0    0        f
63     0    0        f
64     0    0        f
65     0    0        f
66     0    0        f
67     0    0        f
68     0    0        f
69     0    0        f
70     0    0        f
71     0    0        f
72     0    0        f
73     0    0        f
74     0    0        f
75     0    0        f
76     0    0        f
77     0    0        f
78     0    0        f
79     0    0        f
80     0    0        f
81     0    0        f
82     0    0        f
83     0    0        f
84     0    0        f
85     0    0        f
86     0    0        f
87     0    0        f
88     0    0        f
89     0    0        f
90     0    0        f
91     0    0        f
92     0    0        f
93     0    0        f
94     0    0        f
95     0    0        f
96     0    0        f
97     0    0        f
98     0    0        f
99     0    0        f
100     0    0        f
101     0    0        f
102     0    0        f
103     0    0        f
104     0    0        f
105     0    0        l
106     0    0        l
107     0    0        l
108     0    0        l
109     0    0        l
110     0    0        f
111     76    -6        f
112     149    -12        f
113     218    -17        f
114     285    -23        f
115     348    -28        f
116     409    -33        f
117     467    -38        f
118     522    -42        f
119     575    -46        f
120     625    -50        f
121     673    -54        f
122     719    -57        f
123     763    -62        f
124     805    -65        f
125     844    -68        f
126     883    -71        f
127     919    -74        f
128     953    -77        f
129     988    -80        f
130     1019    -83        f
131     1050    -85        f
132     1079    -87        f
133     1106    -90        f
134     1133    -92        f
135     1158    -94        f
136     1182    -96        f
137     1205    -98        f
138     1227    -100        f
139     1248    -101        f
140     1268    -103        f
141     1287    -104        f
142     1306    -106        f
143     1323    -107        f
144     1340    -109        f
145     1356    -110        f
146     1371    -111        f
147     1386    -112        f
148     1400    -113        f
149     1413    -114        f
150     1425    -115        f
151     1438    -117        f
152     1449    -118        f
153     1460    -118        f
154     1471    -119        f
155     1481    -120        f
156     1490    -121        f
157     1500    -122        f
158     1508    -122        f
159     1517    -123        f
160     1525    -124        f
161     1532    -124        f
162     1540    -125        f
163     1547    -125        f
164     1553    -126        f
165     1560    -127        f
166     1566    -127        f
167     1571    -128        f
168     1577    -128        f
169     1582    -128        f
170     1587    -129        f
171     1592    -129        f
172     1597    -130        f
173     1601    -130        f
174     1605    -130        f
175     1609    -131        f
176     1613    -131        f
177     1617    -131        f
178     1620    -131        f
179     1623    -132        f
180     1627    -132        f
181     1630    -132        f
182     1632    -133        f
183     1632    -133        r
184     1632    -133        r
185     1632    -133        f
186     1558    -117        f
187     1486    -101        f
188     1418    -87        f
189     1353    -73        f
190     1291    -60        f
191     1231    -47        f
192     1174    -35        f
193     1120    -24        f
194     1068    -13        f
195     1019    -2        f
196     972    7        f
197     926    17        f
198     926    17        l
199     926    17        f
200     1002    10        f
201     1075    3        f
202     1145    -2        f
203     1211    -8        f
204     1274    -14        f
205     1335    -19        f
206     1393    -25        f
207     1393    -25        r
208     1393    -25        f
209     1287    -131        f
210     1186    -231        f
211     1089    -329        f
212     997    -422        f
213     909    -511        f
214     824    -595        f
215     744    -676        f
216     667    -753        f
217     594    -827        f
218     524    -897        f
219     457    -964        f
220     393    -1028        f
221     332    -1089        f
222     274    -1148        f
223     218    -1204        f
224     165    -1257        f
225     113    -1308        f
226     66    -1357        f
227     20    -1403        f
228     -23    -1448        f
229     -65    -1490        f
230     -106    -1531        f
231     -144    -1569        f
232     -181    -1605        f
233     -216    -1641        f
234     -249    -1675        f
235     -281    -1707        f
236     -312    -1738        f
237     -341    -1767        f
238     -369    -1795        f
239     -395    -1822        f
240     -421    -1847        f
241     -445    -1871        f
242     -468    -1895        f
243     -490    -1917        f
244     -511    -1938        f
245     -531    -1957        f
246     -551    -1977        f
247     -569    -1996        f
248     -587    -2013        f
249     -603    -2030        f
250     -620    -2046        f
251     -635    -2062        f
252     -649    -2076        f
253     -663    -2090        f
254     -677    -2104        f
255     -689    -2116        f
256     -702    -2129        f
257     -713    -2140        f
258     -724    -2151        f
259     -735    -2162        f
260     -745    -2172        f
261     -755    -2182        f
262     -764    -2191        f
263     -773    -2200        f
264     -781    -2208        f
265     -789    -2216        f
266     -797    -2224        f
267     -803    -2231        f
268     -811    -2238        f
269     -818    -2245        f
270     -824    -2251        f
271     -830    -2257        f
272     -836    -2263        f
273     -841    -2269        f
274     -847    -2274        f
275     -852    -2279        f
276     -856    -2284        f
277     -861    -2289        f
278     -865    -2293        f
279     -865    -2293        r
280     -865    -2293        r
281     -865    -2293        f
282     -884    -2199        f
283     -902    -2109        f
284     -919    -2023        f
285     -936    -1941        f
286     -952    -1863        f
287     -967    -1788        f
288     -981    -1717        f
289     -994    -1648        f
290     -1008    -1584        f
291     -1021    -1522        f
292     -1033    -1463        f
293     -1044    -1406        f
294     -1055    -1352        f
295     -1065    -1300        f
296     -1075    -1251        f
297     -1075    -1251        r
298     -1075    -1251        f
299     -1126    -1110        f
300     0    0        r
300     0    0        f
300     0    0        f
300     0    0        f
300     0    0        f
300     0    0        f
300     0    0        f
300     0    0        f
300     0    0        f
300     0    0        f
300     0    0        f
300     0    0        f
300     0    0        f
300     0    0        f
300     0    0        f
300     0    0        f
300     0    0        f
300     0    0        f
300     0    0        f
300     0    0        f
300     0    0        f
300     0    0        f
300     0    0        f
300     0    0        f
300     0    0        f
300     0    0        f
300     0    0        f
300     0    0        f
300     0    0        f
300     0    0        f
300     0    0        f
300     0    0        f
300     0    0        f
300     0    0        f
300     0    0        f
300     0    0        f
300     0    0        f
300     0    0        f
300     0    0        f
300     0    0        f
300     0    0        f
300     0    0        f
300     0    0        f
300     0    0        f
300     0    0        f
300     0    0        f
300     0    0        f
300     0    0        f
300     0    0        f
300     0    0        f
300     0    0        f
300     0    0        f
300     0    0        f
300     0    0        f
300     0    0        f
300     0    0        f
300     0    0        f
300     0    0        f
300     0    0        f
300     0    0        f
300     0    0        f
300     0    0        f
300     0    0        f
300     0    0        f
300     0    0        f
300     0    0        f
300     0    0        f
300     0    0        f
300     0    0        f
300     0    0        f
300     0    0        f
300     0    0        f
300     0    0        f
300     0    0        f
300     0    0        f
300     0    0        f
300     0    0        f
300     0    0        f
300     0    0        f
300     0    0        f
300     0    0        f
300     0    0        f
300     0    0        f
300     0    0        f
300     0    0        f
300     0    0        f
300     0    0        f
300     0    0        f
300     0    0        f
300     0    0        f
300     0    0        f
300     0    0        f
300     0    0        f
300     0    0        f
300     0    0        f
300     0    0        f
300     0    0        f
300     0    0        f
300     0    0        f
300     0    0        f
300     0    0        f
300     0    0        f
301     0    0        f
302     0    0        f
303     0    0        f
304     0    0        f
305     0    0        f
306     0    0        f
307     0    0        f
308     0    0        f
309     0    0        f
310     0    0        f
311     0    0        f
312     0    0        f
313     0    0        f
314     0    0        f
315     0    0        f
316     0    0        f
317     0    0        f
318     0    0        f
319     0    0        f
320     0    0        f
321     0    0        f
322     0    0        f
323     0    0        f
324     0    0        f
325     0    0        f
326     0    0        f
327     0    0        f
328     0    0        f
329     0    0        f
330     0    0        f
331     0    0        f
332     0    0        f
333     0    0        f
334     0    0        f
335     0    0        f
336     0    0        f
337     0    0        f
338     0    0        f
339     0    0        f
340     0    0        f
341     0    0        f
342     0    0        f
343     0    0        f
344     0    0        f
345     0    0        f
346     0    0        f
347     0    0        f
348     0    0        f
349     0    0        f
350     0    0        f
351     0    0        f
352     0    0        f
353     0    0        f
354     0    0        f
355     0    0        f
356     0    0        f
357     0    0        f
358     0    0        f
359     0    0        f
360     0    0        f
361     0    0        f
362     0    0        f
363     0    0        f
364     0    0        f
365     0    0        f
366     0    0        f
367     0    0        f
368     0    0        f
369     0    0        f
370     0    0        f
371     0    0        f
372     0    0        f
373     0    0        f
374     0    0        f
375     0    0        f
376     0    0        f
377     0    0        f
378     0    0        f
379     0    0        f
380     0    0        f
381     0    0        f
382     0    0        f
383     0    0        f
384     0    0        f
385     0    0        f
386     0    0        f
387     0    0        f
388     0    0        f
389     0    0        f
390     0    0        f
391     0    0        f
392     0    0        f
393     0    0        f
394     0    0        f
395     0    0        f
396     0    0        f
397     0    0        f
398     0    0        f
399     0    0        f
400     0    0        f
401     0    0        f
402     0    0        f
403     0    0        f
404     0    0        f
405     0    0        r
406     0    0        r
407     0    0        f
408     -68    -33        f
409     -133    -66        f
410     -196    -97        f
411     -256    -126        f
412     -313    -155        f
413     -313    -155        l
414     -313    -155        l
415     -313    -155        f
416     -242    -125        f
417     -175    -96        f
418     -111    -69        f
419     -49    -43        f
420     -49    -43        r
421     -49    -43        f
422     -125    -57        f
423     -196    -72        f
424     -196    -72        l
425     -196    -72        l
426     -196    -72        f
427     -120    -70        f
428     -47    -69        f
429     22    -68        f
430     22    -68        r
431     22    -68        r
432     22    -68        f
433     -23    -211        f
434     -66    -348        f
435     -108    -478        f
436     -147    -602        f
437     -185    -721        f
438     -221    -835        f
439     -256    -943        f
440     -289    -1047        f
441     -321    -1145        f
442     -351    -1240        f
443     -380    -1330        f
444     -407    -1416        f
445     -433    -1498        f
446     -458    -1576        f
447     -482    -1651        f
448     -505    -1722        f
449     -527    -1789        f
450     -548    -1855        f
451     -568    -1918        f
452     -568    -1918        l
453     -568    -1918        f
454     -550    -1769        f
455     -534    -1626        f
456     -518    -1490        f
457     -501    -1361        f
458     -488    -1237        f
459     -474    -1119        f
460     -459    -1006        f
461     -448    -898        f
462     -436    -795        f
463     -424    -697        f
464     -413    -603        f
465     -401    -513        f
466     -392    -428        f
467     -383    -346        f
468     -374    -268        f
469     -365    -194        f
470     -356    -123        f
471     -348    -55        f
472     -348    -55        r
473     -348    -55        f
474     -424    -43        f
475     -496    -32        f
476     -565    -21        f
477     -631    -11        f
478     -694    -1        f
479     -754    7        f
480     -811    16        f
481     -866    24        f
482     -918    33        f
483     -968    40        f
484     -1016    48        f
485     -1062    55        f
486     -1105    61        f
487     -1147    68        f
488     -1186    74        f
489     -1224    80        f
490     -1260    86        f
491     -1295    91        f
492     -1328    96        f
493     -1359    101        f
494     -1389    106        f
495     -1418    110        f
496     -1446    113        f
497     -1472    118        f
498     -1497    122        f
499     -1520    126        f
500     -1543    129        f
501     -1565    133        f
502     -1586    136        f
503     -1605    139        f
504     -1625    142        f
505     -1643    145        f
506     -1660    148        f
507     -1676    150        f
508     -1692    153        f
509     -1707    155        f
510     -1721    157        f
511     -1735    159        f
512     -1748    161        f
513     -1761    163        f
514     -1773    165        f
515     -1784    167        f
516     -1795    169        f
517     -1805    170        f
518     -1814    172        f
519     -1825    173        f
520     -1834    175        f
521     -1842    176        f
522     -1851    177        f
523     -1851    177        l
524     -1851    177        l
525     -1851    177        f
526     -1782    211        f
527     -1717    244        f
528     -1654    275        f
529     -1654    275        r
530     -1654    275        f
531     -1728    295        f
532     -1798    314        f
533     -1866    332        f
534     -1930    349        f
535     -1992    366        f
536     -2051    382        f
537     -2107    397        f
538     -2160    411        f
539     -2212    425        f
540     -2260    438        f
541     -2307    451        f
542     -2352    463        f
543     -2394    474        f
544     -2435    484        f
545     -2474    495        f
546     -2511    505        f
547     -2546    515        f
548     -2580    524        f
549     -2612    533        f
550     -2643    541        f
551     -2672    549        f
552     -2700    556        f
553     -2727    564        f
554     -2753    571        f
555     -2777    577        f
556     -2801    584        f
557     -2823    590        f
558     -2844    595        f
559     -2865    601        f
560     -2884    606        f
561     -2903    611        f
562     -2921    616        f
563     -2938    620        f
564     -2954    625        f
565     -2969    629        f
566     -2984    633        f
567     -2998    637        f
568     -3012    640        f
569     -3025    644        f
570     -3037    647        f
571     -3049    650        f
572     -3060    653        f
573     -3071    656        f
574     -3081    659        f
575     -3091    661        f
576     -3100    664        f
577     -3109    666        f
578     -3117    669        f
579     -3126    671        f
580     -3133    673        f
581     -3141    675        f
582     -3148    677        f
583     -3155    679        f
584     -3161    680        f
585     -3167    682        f
586     -3173    684        f
587     -3179    685        f
588     -3184    686        f
589     -3189    688        f
590     -3194    689        f
591     -3199    690        f
592     -3203    692        f
593     -3208    693        f
594     -3211    694        f
595     -3215    695        f
596     -3219    696        f
597     -3222    697        f
598     -3226    698        f
599     -3229    699        f
