step   ball_X    ball_Y    side
50     0    0        f
51     0    0        f
52     0    0        f
53     0    0        f
54     0    0        f
55     0    0        f
56     0    0        f
57     0    0        f
58     0    0        f
59     0    0        f
60     0    0        f
61     0    0        f
62     0    0        f
63     0    0        f
64     0    0        f
65     0    0        f
66     0    0        f
67     0    0        f
68     0    0        f
69     0    0        f
70     0    0        f
71     0    0        f
72     0    0        f
73     0    0        f
74     0    0        f
75     0    0        f
76     0    0        f
77     0    0        f
78     0    0        f
79     0    0        f
80     0    0        f
81     0    0        f
82     0    0        f
83     0    0        f
84     0    0        f
85     0    0        f
86     0    0        f
87     0    0        f
88     0    0        f
89     0    0        f
90     0    0        f
91     0    0        f
92     0    0        f
93     0    0        f
94     0    0        f
95     0    0        f
96     0    0        f
97     0    0        f
98     0    0        f
99     0    0        f
100     0    0        f
101     0    0        f
102     0    0        f
103     0    0        f
104     0    0        f
105     0    0        l
106     0    0        l
107     0    0        l
108     0    0        l
109     0    0        l
110     0    0        f
111     71    27        f
112     139    53        f
113     204    78        f
114     266    102        f
115     325    125        f
116     382    147        f
117     436    168        f
118     488    188        f
119     537    206        f
120     584    225        f
121     629    242        f
122     672    259        f
123     713    275        f
124     753    290        f
125     790    304        f
126     826    318        f
127     860    331        f
128     892    344        f
129     924    356        f
130     952    367        f
131     982    378        f
132     1009    389        f
133     1035    399        f
134     1059    408        f
135     1083    417        f
136     1105    426        f
137     1127    434        f
138     1147    442        f
139     1167    450        f
140     1185    457        f
141     1203    463        f
142     1220    471        f
143     1237    476        f
144     1252    483        f
145     1267    488        f
146     1281    494        f
147     1295    500        f
148     1295    500        r
149     1295    500        r
150     1295    500        f
151     1195    599        f
152     1100    694        f
153     1008    785        f
154     922    872        f
155     839    955        f
156     759    1034        f
157     684    1109        f
158     611    1181        f
159     542    1250        f
160     476    1316        f
161     413    1378        f
162     353    1438        f
163     296    1496        f
164     241    1550        f
165     188    1603        f
166     138    1652        f
167     91    1700        f
168     45    1745        f
169     1    1789        f
170     -39    1830        f
171     -39    1830        l
172     -39    1830        f
173     77    1862        f
174     189    1893        f
175     296    1922        f
176     398    1950        f
177     495    1977        f
178     588    2002        f
179     677    2026        f
180     762    2050        f
181     843    2072        f
182     921    2093        f
183     994    2113        f
184     1065    2133        f
185     1133    2151        f
186     1133    2151        l
187     1133    2151        f
188     1195    2106        f
189     1254    2064        f
190     1311    2023        f
191     1365    1984        f
192     1416    1947        f
193     1466    1911        f
194     1513    1877        f
195     1558    1845        f
196     1601    1814        f
197     1642    1784        f
198     1680    1755        f
199     1718    1729        f
200     1754    1703        f
201     1788    1678        f
202     1821    1655        f
203     1852    1632        f
204     1882    1611        f
205     1910    1591        f
206     1938    1571        f
207     1963    1552        f
208     1988    1535        f
209     2012    1518        f
210     2034    1501        f
211     2056    1486        f
212     2077    1471        f
213     2096    1457        f
214     2115    1443        f
215     2133    1430        f
216     2150    1418        f
217     2166    1406        f
218     2182    1395        f
219     2197    1384        f
220     2211    1374        f
221     2225    1364        f
222     2238    1355        f
223     2250    1346        f
224     2262    1337        f
225     2273    1329        f
226     2284    1321        f
227     2294    1314        f
228     2304    1307        f
229     2313    1300        f
230     2313    1300        r
231     2313    1300        f
232     2281    1169        f
233     2249    1044        f
234     2220    925        f
235     2191    811        f
236     2164    702        f
237     2138    598        f
238     2138    598        r
239     2138    598        f
240     2067    570        f
241     1998    544        f
242     1934    518        f
243     1872    494        f
244     1813    471        f
245     1755    449        f
246     1703    426        f
247     1651    407        f
248     1602    388        f
249     1555    369        f
250     1510    352        f
251     1468    335        f
252     1427    319        f
253     1388    304        f
254     1350    289        f
255     1315    275        f
256     1281    261        f
257     1248    249        f
258     1217    236        f
259     1188    225        f
260     1159    214        f
261     1132    202        f
262     1107    193        f
263     1082    183        f
264     1059    174        f
265     1036    165        f
266     1015    157        f
267     994    149        f
268     975    141        f
269     956    133        f
270     938    126        f
271     921    120        f
272     905    112        f
273     889    107        f
274     874    101        f
275     860    96        f
276     847    90        f
277     834    85        f
278     821    80        f
279     810    76        f
280     798    71        f
281     788    67        f
282     777    63        f
283     768    59        f
284     758    55        f
285     749    52        f
286     741    49        f
287     733    45        f
288     725    42        f
289     717    39        f
290     710    36        f
291     703    34        f
292     697    31        f
293     697    31        r
294     697    31        r
295     697    31        f
296     597    -79        f
297     501    -186        f
298     409    -287        f
299     322    -385        f
300     0    0        f
300     0    0        f
300     0    0        f
300     0    0        f
300     0    0        f
300     0    0        f
300     0    0        f
300     0    0        f
300     0    0        f
300     0    0        f
300     0    0        f
300     0    0        f
300     0    0        f
300     0    0        f
300     0    0        f
300     0    0        f
300     0    0        f
300     0    0        f
300     0    0        f
300     0    0        f
300     0    0        f
300     0    0        f
300     0    0        f
300     0    0        f
300     0    0        f
300     0    0        f
300     0    0        f
300     0    0        f
300     0    0        f
300     0    0        f
300     0    0        f
300     0    0        f
300     0    0        f
300     0    0        f
300     0    0        f
300     0    0        f
300     0    0        f
300     0    0        f
300     0    0        f
300     0    0        f
300     0    0        f
300     0    0        f
300     0    0        f
300     0    0        f
300     0    0        f
300     0    0        f
300     0    0        f
300     0    0        f
300     0    0        f
300     0    0        f
300     0    0        f
300     0    0        f
300     0    0        f
300     0    0        f
300     0    0        f
300     0    0        f
300     0    0        f
300     0    0        f
300     0    0        f
300     0    0        f
300     0    0        f
300     0    0        f
300     0    0        f
300     0    0        f
300     0    0        f
300     0    0        f
300     0    0        f
300     0    0        f
300     0    0        f
300     0    0        f
300     0    0        f
300     0    0        f
300     0    0        f
300     0    0        f
300     0    0        f
300     0    0        f
300     0    0        f
300     0    0        f
300     0    0        f
300     0    0        f
300     0    0        f
300     0    0        f
300     0    0        f
300     0    0        f
300     0    0        f
300     0    0        f
300     0    0        f
300     0    0        f
300     0    0        f
300     0    0        f
300     0    0        f
300     0    0        f
300     0    0        f
300     0    0        f
300     0    0        f
300     0    0        f
300     0    0        f
300     0    0        f
300     0    0        f
300     0    0        f
300     0    0        f
300     0    0        f
301     0    0        f
302     0    0        f
303     0    0        f
304     0    0        f
305     0    0        f
306     0    0        f
307     0    0        f
308     0    0        f
309     0    0        f
310     0    0        f
311     0    0        f
312     0    0        f
313     0    0        f
314     0    0        f
315     0    0        f
316     0    0        f
317     0    0        f
318     0    0        f
319     0    0        f
320     0    0        f
321     0    0        f
322     0    0        f
323     0    0        f
324     0    0        f
325     0    0        f
326     0    0        f
327     0    0        f
328     0    0        f
329     0    0        f
330     0    0        f
331     0    0        f
332     0    0        f
333     0    0        f
334     0    0        f
335     0    0        f
336     0    0        f
337     0    0        f
338     0    0        f
339     0    0        f
340     0    0        f
341     0    0        f
342     0    0        f
343     0    0        f
344     0    0        f
345     0    0        f
346     0    0        f
347     0    0        f
348     0    0        f
349     0    0        f
350     0    0        f
351     0    0        f
352     0    0        f
353     0    0        f
354     0    0        f
355     0    0        f
356     0    0        f
357     0    0        f
358     0    0        f
359     0    0        f
360     0    0        f
361     0    0        f
362     0    0        f
363     0    0        f
364     0    0        f
365     0    0        f
366     0    0        f
367     0    0        f
368     0    0        f
369     0    0        f
370     0    0        f
371     0    0        f
372     0    0        f
373     0    0        f
374     0    0        f
375     0    0        f
376     0    0        f
377     0    0        f
378     0    0        f
379     0    0        f
380     0    0        f
381     0    0        f
382     0    0        f
383     0    0        f
384     0    0        f
385     0    0        f
386     0    0        f
387     0    0        f
388     0    0        f
389     0    0        f
390     0    0        f
391     0    0        f
392     0    0        f
393     0    0        f
394     0    0        f
395     0    0        f
396     0    0        f
397     0    0        f
398     0    0        f
399     0    0        f
400     0    0        f
401     0    0        f
402     0    0        f
403     0    0        f
404     0    0        f
405     0    0        r
406     0    0        r
407     0    0        f
408     -76    -6        f
409     -149    -13        f
410     -218    -19        f
411     -285    -25        f
412     -348    -30        f
413     -409    -36        f
414     -409    -36        l
415     -409    -36        l
416     -409    -36        f
417     -338    -66        f
418     -271    -95        f
419     -206    -123        f
420     -146    -149        f
421     -88    -174        f
422     -32    -199        f
423     20    -222        f
424     71    -244        f
425     120    -265        f
426     166    -285        f
427     210    -304        f
428     252    -322        f
429     293    -340        f
430     332    -356        f
431     368    -372        f
432     403    -388        f
433     437    -401        f
434     469    -416        f
435     500    -429        f
436     529    -442        f
437     557    -454        f
438     583    -466        f
439     609    -476        f
440     633    -488        f
441     656    -498        f
442     679    -507        f
443     700    -516        f
444     720    -525        f
445     739    -534        f
446     758    -542        f
447     775    -549        f
448     792    -557        f
449     808    -564        f
450     824    -570        f
451     838    -577        f
452     852    -583        f
453     866    -589        f
454     878    -594        f
455     891    -599        f
456     902    -604        f
457     914    -609        f
458     924    -614        f
459     934    -618        f
460     944    -623        f
461     953    -627        f
462     961    -630        f
463     971    -634        f
464     978    -638        f
465     986    -641        f
466     994    -644        f
467     1001    -647        f
468     1008    -650        f
469     1014    -653        f
470     1019    -656        f
471     1026    -658        f
472     1032    -661        f
473     1037    -663        f
474     1042    -665        f
475     1047    -667        f
476     1052    -669        f
477     1056    -671        f
478     1061    -673        f
479     1061    -673        r
480     1061    -673        r
481     1061    -673        f
482     923    -643        f
483     791    -615        f
484     666    -588        f
485     545    -562        f
486     430    -538        f
487     321    -514        f
488     217    -492        f
489     117    -470        f
490     22    -450        f
491     -68    -430        f
492     -155    -412        f
493     -238    -394        f
494     -317    -377        f
495     -393    -360        f
496     -465    -345        f
497     -534    -330        f
498     -600    -316        f
499     -663    -302        f
500     -723    -289        f
501     -781    -277        f
502     -836    -265        f
503     -888    -254        f
504     -888    -254        r
505     -888    -254        r
506     -938    -243        f
507     -938    -243        r
508     -938    -243        r
509     -986    -233        f
510     -986    -233        r
511     -986    -233        r
512     -986    -233        r
513     -986    -233        r
514     -1032    -223        f
515     -1032    -223        r
516     -1032    -223        r
517     -1032    -223        r
518     -1032    -223        r
519     -1032    -223        r
520     -1032    -223        r
521     -1075    -214        f
522     -1075    -214        r
523     -1075    -214        r
524     -1075    -214        r
525     -1075    -214        r
526     -1075    -214        f
527     -1140    -172        f
528     -1201    -133        f
529     -1260    -95        f
530     -1316    -57        f
531     -1369    -24        f
532     -1420    8        f
533     -1469    40        f
534     -1516    70        f
535     -1560    99        f
536     -1603    126        f
537     -1644    152        f
538     -1682    178        f
539     -1719    200        f
540     -1755    224        f
541     -1788    246        f
542     -1821    267        f
543     -1852    287        f
544     -1880    306        f
545     -1909    324        f
546     -1936    342        f
547     -1961    358        f
548     -1986    374        f
549     -2009    389        f
550     -2032    404        f
551     -2053    418        f
552     -2073    430        f
553     -2093    444        f
554     -2111    455        f
555     -2129    467        f
556     -2146    478        f
557     -2162    488        f
558     -2177    499        f
559     -2192    508        f
560     -2206    517        f
561     -2220    526        f
562     -2232    534        f
563     -2245    542        f
564     -2256    550        f
565     -2267    557        f
566     -2278    564        f
567     -2288    571        f
568     -2298    577        f
569     -2307    583        f
570     -2316    589        f
571     -2325    594        f
572     -2325    594        r
573     -2325    594        r
574     -2325    594        f
575     -2471    562        f
576     -2471    562        l
577     -2471    562        f
578     -2408    653        f
579     -2348    740        f
580     -2290    823        f
581     -2235    902        f
582     -2182    978        f
583     -2132    1051        f
584     -2084    1121        f
585     -2038    1187        f
586     -1995    1250        f
587     -1953    1310        f
588     -1913    1368        f
589     -1875    1423        f
590     -1839    1475        f
591     -1839    1475        l
592     -1839    1475        f
593     -1768    1446        f
594     -1700    1419        f
595     -1636    1392        f
596     -1574    1367        f
597     -1515    1343        f
598     -1459    1320        f
599     -1406    1298        f
