step   ball_X    ball_Y    side
152     1267    -425        f
153     1286    -430        f
154     1303    -434        f
155     1320    -438        f
156     1337    -442        f
157     1352    -446        f
158     1367    -449        f
159     1381    -453        f
160     1394    -455        f
161     1407    -459        f
162     1420    -462        f
163     1431    -465        f
164     1431    -465        r
165     1431    -465        r
166     1431    -465        f
167     1315    -370        f
168     1205    -279        f
169     1099    -192        f
170     998    -109        f
171     902    -30        f
172     810    45        f
173     722    117        f
174     638    186        f
175     558    252        f
176     482    314        f
177     409    374        f
178     339    432        f
179     273    487        f
180     209    539        f
181     148    589        f
182     90    636        f
183     35    682        f
184     -17    726        f
185     -67    767        f
186     -115    807        f
187     -162    844        f
188     -206    881        f
189     -248    915        f
190     -288    948        f
191     -326    980        f
192     -363    1010        f
193     -398    1039        f
194     -430    1066        f
195     -463    1093        f
196     -493    1118        f
197     -522    1141        f
198     -550    1164        f
199     -577    1186        f
200     -602    1207        f
201     -626    1227        f
202     -649    1246        f
203     -671    1264        f
204     -692    1281        f
205     -712    1298        f
206     -732    1314        f
207     -750    1329        f
208     -767    1343        f
209     -784    1357        f
210     -800    1370        f
211     -815    1383        f
212     -830    1395        f
213     -844    1406        f
214     -857    1417        f
215     -869    1427        f
216     -882    1437        f
217     -893    1447        f
218     -903    1456        f
219     -915    1465        f
220     -925    1473        f
221     -935    1481        f
222     -944    1488        f
223     -952    1496        f
224     -961    1503        f
225     -969    1509        f
226     -969    1509        l
227     -969    1509        l
228     -969    1509        f
229     -827    1558        f
230     -692    1605        f
231     -692    1605        r
232     -692    1605        f
233     -755    1563        f
234     -816    1522        f
235     -873    1482        f
236     -927    1445        f
237     -927    1445        l
238     -927    1445        l
239     -927    1445        f
240     -795    1376        f
241     -668    1310        f
242     -547    1247        f
243     -430    1186        f
244     -320    1129        f
245     -214    1074        f
246     -113    1021        f
247     -17    971        f
248     74    923        f
249     162    877        f
250     246    834        f
251     326    792        f
252     401    752        f
253     475    714        f
254     545    678        f
255     612    643        f
256     675    610        f
257     736    578        f
258     794    548        f
259     850    519        f
260     902    492        f
261     952    465        f
262     1002    440        f
263     1048    416        f
264     1092    393        f
265     1134    371        f
266     1174    350        f
267     1213    330        f
268     1249    311        f
269     1284    293        f
270     1318    276        f
271     1350    259        f
272     1380    243        f
273     1409    227        f
274     1437    214        f
275     1463    200        f
276     1489    187        f
277     1513    174        f
278     1536    162        f
279     1558    150        f
280     1579    139        f
281     1600    129        f
282     1619    119        f
283     1637    109        f
284     1655    100        f
285     1672    91        f
286     1688    83        f
287     1703    75        f
288     1718    68        f
289     1732    60        f
290     1745    53        f
291     1757    47        f
292     1770    40        f
293     1782    34        f
294     1793    28        f
295     1803    23        f
296     1813    18        f
297     1823    13        f
298     1832    8        f
299     1841    3        f
300     0    0        f
300     0    0        f
300     0    0        f
300     0    0        f
300     0    0        f
300     0    0        f
300     0    0        f
300     0    0        f
300     0    0        f
300     0    0        f
300     0    0        f
300     0    0        f
300     0    0        f
300     0    0        f
300     0    0        f
300     0    0        f
300     0    0        f
300     0    0        f
300     0    0        f
300     0    0        f
300     0    0        f
300     0    0        f
300     0    0        f
300     0    0        f
300     0    0        f
300     0    0        f
300     0    0        f
300     0    0        f
300     0    0        f
300     0    0        f
300     0    0        f
300     0    0        f
300     0    0        f
300     0    0        f
300     0    0        f
300     0    0        f
300     0    0        f
300     0    0        f
300     0    0        f
300     0    0        f
300     0    0        f
300     0    0        f
300     0    0        f
300     0    0        f
300     0    0        f
300     0    0        f
300     0    0        f
300     0    0        f
300     0    0        f
300     0    0        f
300     0    0        f
300     0    0        f
300     0    0        f
300     0    0        f
300     0    0        f
300     0    0        f
300     0    0        f
300     0    0        f
300     0    0        f
300     0    0        f
300     0    0        f
300     0    0        f
300     0    0        f
300     0    0        f
300     0    0        f
300     0    0        f
300     0    0        f
300     0    0        f
300     0    0        f
300     0    0        f
300     0    0        f
300     0    0        f
300     0    0        f
300     0    0        f
300     0    0        f
300     0    0        f
300     0    0        f
300     0    0        f
300     0    0        f
300     0    0        f
300     0    0        f
300     0    0        f
300     0    0        f
300     0    0        f
300     0    0        f
300     0    0        f
300     0    0        f
300     0    0        f
300     0    0        f
300     0    0        f
300     0    0        f
300     0    0        f
300     0    0        f
300     0    0        f
300     0    0        f
300     0    0        f
300     0    0        f
300     0    0        f
300     0    0        f
300     0    0        f
300     0    0        f
300     0    0        f
301     0    0        f
302     0    0        f
303     0    0        f
304     0    0        f
305     0    0        f
306     0    0        f
307     0    0        f
308     0    0        f
309     0    0        f
310     0    0        f
311     0    0        f
312     0    0        f
313     0    0        f
314     0    0        f
315     0    0        f
316     0    0        f
317     0    0        f
318     0    0        f
319     0    0        f
320     0    0        f
321     0    0        f
322     0    0        f
323     0    0        f
324     0    0        f
325     0    0        f
326     0    0        f
327     0    0        f
328     0    0        f
329     0    0        f
330     0    0        f
331     0    0        f
332     0    0        f
333     0    0        f
334     0    0        f
335     0    0        f
336     0    0        f
337     0    0        f
338     0    0        f
339     0    0        f
340     0    0        f
341     0    0        f
342     0    0        f
343     0    0        f
344     0    0        f
345     0    0        f
346     0    0        f
347     0    0        f
348     0    0        f
349     0    0        f
350     0    0        f
351     0    0        f
352     0    0        f
353     0    0        f
354     0    0        f
355     0    0        f
356     0    0        f
357     0    0        f
358     0    0        f
359     0    0        f
360     0    0        f
361     0    0        f
362     0    0        f
363     0    0        f
364     0    0        f
365     0    0        f
366     0    0        f
367     0    0        f
368     0    0        f
369     0    0        f
370     0    0        f
371     0    0        f
372     0    0        f
373     0    0        f
374     0    0        f
375     0    0        f
376     0    0        f
377     0    0        f
378     0    0        f
379     0    0        f
380     0    0        f
381     0    0        f
382     0    0        f
383     0    0        f
384     0    0        f
385     0    0        f
386     0    0        f
387     0    0        f
388     0    0        f
389     0    0        f
390     0    0        f
391     0    0        f
392     0    0        f
393     0    0        f
394     0    0        f
395     0    0        f
396     0    0        f
397     0    0        f
398     0    0        f
399     0    0        f
400     0    0        f
401     0    0        f
402     0    0        f
403     0    0        f
404     0    0        f
405     0    0        r
406     0    0        r
407     0    0        f
408     -72    -25        f
409     -141    -48        f
410     -206    -71        f
411     -270    -93        f
412     -330    -113        f
413     -388    -134        f
414     -443    -153        f
415     -495    -171        f
416     -545    -188        f
417     -593    -204        f
418     -639    -220        f
419     -682    -235        f
420     -724    -250        f
421     -763    -263        f
422     -801    -277        f
423     -836    -289        f
424     -872    -301        f
425     -905    -312        f
426     -936    -323        f
427     -967    -334        f
428     -994    -344        f
429     -1023    -353        f
430     -1049    -362        f
431     -1074    -371        f
432     -1098    -379        f
433     -1121    -387        f
434     -1143    -395        f
435     -1163    -401        f
436     -1183    -409        f
437     -1202    -415        f
438     -1220    -422        f
439     -1238    -428        f
440     -1254    -433        f
441     -1270    -438        f
442     -1285    -444        f
443     -1300    -449        f
444     -1313    -454        f
445     -1326    -458        f
446     -1339    -463        f
447     -1351    -467        f
448     -1362    -471        f
449     -1373    -475        f
450     -1373    -475        l
451     -1373    -475        f
452     -1252    -563        f
453     -1136    -647        f
454     -1025    -727        f
455     -919    -803        f
456     -818    -877        f
457     -722    -947        f
458     -629    -1014        f
459     -542    -1078        f
460     -458    -1139        f
461     -377    -1197        f
462     -301    -1253        f
463     -227    -1306        f
464     -158    -1357        f
465     -91    -1405        f
466     -28    -1452        f
467     32    -1496        f
468     90    -1538        f
469     145    -1579        f
470     198    -1617        f
471     249    -1654        f
472     249    -1654        r
473     249    -1654        f
474     179    -1544        f
475     112    -1438        f
476     49    -1338        f
477     -11    -1242        f
478     -69    -1150        f
479     -124    -1062        f
480     -177    -978        f
481     -227    -899        f
482     -276    -822        f
483     -322    -749        f
484     -366    -680        f
485     -408    -613        f
486     -448    -550        f
487     -486    -488        f
488     -523    -430        f
489     -558    -376        f
490     -591    -323        f
491     -623    -272        f
492     -654    -224        f
493     -683    -178        f
494     -710    -134        f
495     -737    -92        f
496     -762    -52        f
497     -787    -14        f
498     -810    22        f
499     -832    56        f
500     -852    90        f
501     -873    122        f
502     -892    152        f
503     -911    181        f
504     -927    209        f
505     -944    235        f
506     -961    261        f
507     -976    285        f
508     -991    308        f
509     -1005    330        f
510     -1018    351        f
511     -1018    351        l
512     -1018    351        l
513     -1018    351        f
514     -942    356        f
515     -869    361        f
516     -799    366        f
517     -733    370        f
518     -669    374        f
519     -608    379        f
520     -550    382        f
521     -495    386        f
522     -442    390        f
523     -392    393        f
524     -344    396        f
525     -298    399        f
526     -254    401        f
527     -212    405        f
528     -171    408        f
529     -133    409        f
530     -97    413        f
531     -62    415        f
532     -28    417        f
533     3    420        f
534     33    422        f
535     62    424        f
536     90    425        f
537     115    426        f
538     142    429        f
539     166    430        f
540     189    432        f
541     211    434        f
542     231    434        f
543     252    436        f
544     271    438        f
545     290    438        f
546     307    440        f
547     324    441        f
548     340    442        f
549     355    443        f
550     370    444        f
551     384    445        f
552     397    446        f
553     409    447        f
554     422    448        f
555     422    448        r
556     422    448        r
557     422    448        f
558     312    550        f
559     206    647        f
560     106    740        f
561     10    828        f
562     -80    914        f
563     -168    994        f
564     -250    1073        f
565     -331    1147        f
566     -407    1218        f
567     -480    1285        f
568     -550    1350        f
569     -616    1411        f
570     -679    1470        f
571     -740    1526        f
572     -797    1580        f
573     -852    1630        f
574     -905    1680        f
575     -956    1727        f
576     -1003    1772        f
577     -1050    1814        f
578     -1093    1855        f
579     -1093    1855        l
580     -1093    1855        f
581     -1011    1747        f
582     -932    1643        f
583     -856    1544        f
584     -784    1450        f
585     -716    1360        f
586     -650    1273        f
587     -587    1191        f
588     -527    1113        f
589     -470    1038        f
590     -416    967        f
591     -364    899        f
592     -314    833        f
593     -266    771        f
594     -221    712        f
595     -177    655        f
596     -136    601        f
597     -96    549        f
598     -96    549        l
599     -96    549        f
