step   ball_X    ball_Y    side
468     1547    -684        r
469     1547    -684        r
470     1547    -684        r
471     1547    -684        r
472     1547    -684        r
473     1548    -684        f
474     1548    -684        f
475     1548    -684        f
476     1548    -684        f
477     1548    -684        f
478     1548    -684        f
479     1549    -684        f
480     1549    -684        f
481     1549    -684        f
482     1549    -684        f
483     1549    -685        f
484     1549    -685        f
485     1549    -685        f
486     1549    -685        f
487     1550    -685        f
488     1550    -685        f
489     1550    -685        f
490     1550    -685        f
491     1550    -685        f
492     1550    -685        f
493     1550    -685        f
494     1550    -685        f
495     1550    -685        f
496     1550    -685        f
497     1550    -685        f
498     1550    -685        f
499     1550    -685        f
500     1550    -685        f
501     1551    -685        f
502     1551    -685        f
503     1551    -685        f
504     1551    -685        f
505     1551    -685        f
506     1551    -685        f
507     1551    -685        r
508     1551    -685        r
509     1551    -685        r
510     1551    -685        r
511     1551    -685        r
512     1551    -685        r
513     1551    -685        r
514     1551    -685        r
515     1551    -685        r
516     1551    -685        r
517     1551    -685        r
518     1551    -685        r
519     1551    -685        r
520     1551    -685        r
521     1551    -685        r
522     1551    -685        r
523     1551    -685        r
524     1551    -685        f
525     1511    -544        f
526     1473    -408        f
527     1437    -279        f
528     1403    -156        f
529     1370    -38        f
530     1338    74        f
531     1308    181        f
532     1279    284        f
533     1252    382        f
534     1226    475        f
535     1201    565        f
536     1177    650        f
537     1154    732        f
538     1132    809        f
539     1111    884        f
540     1091    955        f
541     1072    1022        f
542     1054    1087        f
543     1037    1149        f
544     1019    1208        f
545     1003    1264        f
546     989    1318        f
547     975    1370        f
548     961    1419        f
549     948    1466        f
550     935    1511        f
551     923    1553        f
552     911    1594        f
553     901    1632        f
554     890    1670        f
555     880    1705        f
556     871    1739        f
557     861    1773        f
558     852    1804        f
559     844    1832        f
560     836    1862        f
561     828    1889        f
562     822    1914        f
563     815    1939        f
564     808    1963        f
565     802    1985        f
566     796    2007        f
567     790    2027        f
568     785    2047        f
569     780    2066        f
570     775    2083        f
571     770    2101        f
572     765    2117        f
573     761    2132        f
574     757    2147        f
575     753    2161        f
576     749    2175        f
577     745    2188        f
578     742    2200        f
579     739    2212        f
580     735    2223        f
581     732    2234        f
582     730    2244        f
583     727    2254        f
584     724    2263        f
585     722    2272        f
586     719    2281        f
587     717    2289        f
588     715    2297        f
589     713    2304        f
590     711    2311        f
591     709    2318        f
592     707    2325        f
593     705    2331        f
594     704    2337        f
595     702    2342        f
596     700    2348        f
597     699    2353        f
598     698    2358        f
599     696    2362        f
600     695    2367        f
601     694    2371        f
602     693    2375        f
603     692    2379        f
604     691    2383        f
605     690    2386        f
606     689    2390        f
607     688    2393        f
608     687    2396        f
609     686    2399        f
610     685    2402        f
611     684    2404        f
612     684    2407        f
613     683    2409        f
614     682    2412        f
615     682    2414        f
616     681    2416        f
617     681    2418        f
618     680    2420        f
619     680    2422        f
620     679    2424        f
621     679    2425        f
622     678    2427        f
623     678    2429        f
624     677    2430        f
625     677    2432        f
626     676    2433        f
627     676    2434        f
628     676    2435        f
629     675    2437        f
630     675    2438        f
631     675    2439        f
632     675    2440        f
633     674    2441        f
634     674    2442        f
635     674    2443        f
636     673    2443        f
637     673    2444        f
638     673    2445        f
639     673    2446        f
640     673    2446        f
641     672    2447        f
642     672    2447        r
643     672    2447        r
644     672    2447        r
645     672    2447        r
646     672    2447        r
647     672    2447        r
648     672    2447        r
649     672    2447        r
650     672    2447        r
651     672    2447        r
652     672    2447        r
653     672    2447        r
654     672    2447        r
655     672    2447        r
656     672    2447        r
657     672    2447        r
658     672    2447        r
659     672    2447        r
660     672    2448        f
661     672    2448        f
662     672    2449        f
663     672    2450        f
664     672    2450        f
665     671    2451        f
666     671    2451        f
667     671    2452        f
668     671    2452        f
669     671    2452        f
670     671    2453        f
671     671    2453        f
672     671    2454        f
673     671    2454        f
674     670    2454        f
675     670    2455        f
676     670    2455        f
677     670    2455        f
678     670    2456        f
679     670    2456        f
680     670    2456        f
681     670    2456        l
682     670    2456        l
683     670    2456        l
684     670    2456        l
685     670    2456        l
686     670    2456        l
687     670    2456        l
688     670    2456        l
689     670    2456        l
690     670    2456        l
691     670    2456        l
692     670    2456        l
693     670    2456        l
694     670    2456        l
695     670    2456        l
696     670    2456        l
697     670    2456        l
698     670    2456        l
699     670    2456        l
700     670    2456        l
701     670    2456        l
702     670    2456        l
703     670    2456        l
704     670    2456        l
705     670    2456        l
706     670    2456        f
707     670    2457        f
708     670    2457        f
709     670    2457        f
710     670    2457        f
711     670    2457        f
712     670    2458        f
713     669    2458        f
714     669    2458        f
715     669    2458        f
716     669    2458        f
717     669    2458        f
718     669    2459        f
719     669    2459        f
720     669    2459        f
721     669    2459        f
722     669    2459        f
723     669    2459        f
724     669    2459        f
725     669    2459        f
726     669    2460        f
727     669    2460        f
728     669    2460        f
729     669    2460        f
730     669    2460        f
731     669    2460        f
732     669    2460        f
733     669    2460        f
734     669    2460        f
735     669    2460        f
736     669    2460        f
737     669    2460        f
738     669    2460        f
739     669    2460        f
740     669    2460        f
741     669    2461        f
742     669    2461        l
743     669    2461        l
744     669    2461        f
745     642    2313        f
746     616    2172        f
747     591    2037        f
748     568    1907        f
749     545    1786        f
750     523    1668        f
751     503    1556        f
752     483    1449        f
753     465    1347        f
754     447    1249        f
755     430    1156        f
756     413    1066        f
757     398    981        f
758     383    900        f
759     369    822        f
760     355    748        f
761     342    677        f
762     330    610        f
763     318    545        f
764     306    483        f
765     296    424        f
766     285    368        f
767     275    314        f
768     266    263        f
769     257    214        f
770     248    167        f
771     240    123        f
772     231    80        f
773     225    39        f
774     218    0        f
775     211    -36        f
776     204    -71        f
777     198    -105        f
778     192    -137        f
779     187    -168        f
780     181    -198        f
781     176    -225        f
782     171    -252        f
783     166    -279        f
784     162    -303        f
785     157    -327        f
786     153    -349        f
787     149    -370        f
788     146    -391        f
789     142    -409        f
790     139    -429        f
791     135    -447        f
792     132    -463        f
793     129    -480        f
794     126    -495        f
795     124    -509        f
796     121    -524        f
797     118    -538        f
798     115    -551        f
799     113    -563        f
800     112    -575        f
801     110    -586        f
802     108    -597        f
803     106    -607        f
804     104    -617        f
805     102    -626        f
806     101    -635        f
807     99    -644        f
808     97    -652        f
809     96    -660        f
810     95    -667        f
811     93    -675        f
812     92    -681        f
813     91    -688        f
814     90    -694        f
815     89    -700        f
816     88    -706        f
817     87    -711        f
818     86    -716        f
819     85    -721        f
820     84    -726        f
821     83    -730        f
822     82    -735        f
823     82    -739        f
824     81    -743        f
825     80    -746        f
826     80    -750        f
827     80    -750        r
828     80    -750        r
829     80    -750        r
830     80    -750        r
831     80    -750        r
832     80    -750        r
833     80    -750        r
834     80    -750        r
835     80    -750        r
836     80    -750        r
837     80    -750        r
838     80    -750        r
839     80    -750        r
840     80    -750        r
841     80    -750        r
842     80    -750        r
843     80    -750        l
844     80    -750        l
845     80    -750        l
846     80    -750        r
847     80    -750        l
848     80    -750        l
849     80    -750        l
850     80    -750        l
851     80    -750        r
852     80    -750        r
853     80    -750        r
854     80    -750        r
855     80    -750        r
856     80    -750        r
857     80    -750        l
858     80    -750        r
859     80    -750        l
860     80    -750        r
861     80    -750        r
862     80    -750        r
863     80    -750        l
864     80    -750        l
865     80    -750        l
866     80    -750        r
867     80    -750        l
868     80    -750        l
869     80    -750        l
870     80    -750        l
871     80    -750        l
872     80    -750        l
873     80    -750        l
874     80    -750        l
875     80    -750        f
876     147    -713        f
877     211    -678        f
878     272    -644        f
879     330    -612        f
880     386    -582        f
881     438    -553        f
882     490    -525        f
883     539    -498        f
884     585    -473        f
885     629    -448        f
886     672    -425        f
887     712    -403        f
888     751    -382        f
889     788    -361        f
890     823    -342        f
891     856    -324        f
892     888    -306        f
893     919    -289        f
894     948    -273        f
895     976    -258        f
896     1002    -243        f
897     1028    -229        f
898     1052    -216        f
899     1076    -202        f
900     1098    -191        f
901     1119    -179        f
902     1139    -168        f
903     1159    -157        f
904     1177    -147        f
905     1195    -137        f
906     1212    -128        f
907     1228    -119        f
908     1243    -111        f
909     1258    -103        f
910     1272    -95        f
911     1285    -88        f
912     1298    -81        f
913     1310    -74        f
914     1322    -68        f
915     1333    -61        f
916     1344    -56        f
917     1354    -50        f
918     1364    -45        f
919     1373    -40        f
920     1382    -35        f
921     1390    -30        f
922     1398    -26        f
923     1406    -21        f
924     1414    -17        f
925     1421    -13        f
926     1427    -10        f
927     1434    -6        f
928     1440    -3        f
929     1446    0        f
930     1451    2        f
931     1457    5        f
932     1462    8        f
933     1467    11        f
934     1471    13        f
935     1476    16        f
936     1480    18        f
937     1484    20        f
938     1488    22        f
939     1492    25        f
940     1495    26        f
941     1499    28        f
942     1502    30        f
943     1505    32        f
944     1508    33        f
945     1511    35        f
946     1514    36        f
947     1516    38        f
948     1519    39        f
949     1521    40        f
950     1523    42        f
951     1525    43        f
952     1527    44        f
953     1529    45        f
954     1531    46        f
955     1533    47        f
956     1535    48        f
957     1536    49        f
958     1538    50        f
959     1539    51        f
960     1541    51        f
961     1542    52        f
962     1543    53        f
963     1545    53        f
964     1546    54        f
965     1547    55        f
966     1548    55        f
967     1549    56        f
968     1550    56        f
969     1550    56        r
970     1550    56        r
971     1550    56        r
972     1550    56        r
973     1550    56        r
974     1550    56        r
975     1550    56        r
976     1550    56        r
977     1550    56        r
978     1550    56        r
979     1550    56        r
980     1550    56        r
981     1550    56        r
982     1550    56        r
983     1550    56        r
984     1550    56        r
985     1550    56        r
986     1550    56        r
987     1550    56        r
988     1550    56        r
989     1550    56        r
990     1550    56        r
991     1550    56        r
992     1550    56        r
993     1550    56        f
994     1430    147        f
995     1316    234        f
996     1208    317        f
997     1104    396        f
998     1003    471        f
999     909    543        f
1000     819    612        f
1001     733    678        f
1002     650    740        f
1003     571    800        f
1004     496    857        f
1005     424    911        f
1006     355    964        f
1007     290    1014        f
1008     227    1062        f
1009     167    1108        f
1010     110    1151        f
1011     56    1193        f
1012     3    1232        f
1013     -45    1270        f
1014     -93    1307        f
1015     -138    1341        f
1016     -182    1374        f
1017     -223    1406        f
1018     -263    1436        f
1019     -301    1465        f
1020     -337    1492        f
1021     -371    1518        f
1022     -404    1543        f
1023     -436    1567        f
1024     -466    1590        f
1025     -494    1612        f
1026     -522    1632        f
1027     -548    1653        f
1028     -573    1672        f
1029     -597    1689        f
1030     -620    1707        f
1031     -642    1723        f
1032     -662    1739        f
1033     -682    1754        f
1034     -701    1769        f
1035     -719    1782        f
1036     -737    1796        f
1037     -753    1807        f
1038     -769    1820        f
1039     -784    1832        f
1040     -799    1842        f
1041     -811    1853        f
1042     -811    1853        l
1043     -811    1853        l
1044     -811    1853        l
1045     -811    1853        l
1046     -826    1863        f
1047     -826    1863        l
1048     -826    1863        l
1049     -826    1863        l
1050     -838    1872        f
1051     -838    1872        l
1052     -838    1872        l
1053     -838    1872        l
1054     -850    1880        f
1055     -850    1880        l
1056     -850    1880        f
1057     -850    1880        f
1058     -850    1880        f
1059     -850    1880        f
1060     -850    1880        f
1061     -850    1880        f
1062     -850    1880        f
1063     -850    1880        f
1064     -850    1880        f
1065     -850    1880        f
1066     -850    1880        f
1067     -850    1880        f
1068     -850    1880        f
1069     -850    1880        f
1070     -850    1880        f
1071     -850    1880        f
1072     -850    1880        f
1073     -850    1880        f
1074     -850    1880        f
1075     -850    1880        f
1076     -850    1880        f
1077     -850    1880        f
1078     -850    1880        f
1079     -850    1880        f
1080     -850    1880        f
1081     -850    1880        f
1082     -850    1880        l
1083     -850    1880        l
1084     -850    1880        l
1085     -850    1880        l
1086     -850    1880        l
1087     -850    1880        l
1088     -850    1880        l
1089     -850    1880        l
1090     -850    1880        l
1091     -850    1880        l
1092     -850    1880        l
1093     -850    1880        l
1094     -850    1880        l
1095     -850    1880        f
1096     -824    1794        f
1097     -800    1710        f
1098     -777    1629        f
1099     -754    1553        f
1100     -733    1480        f
1101     -713    1410        f
1102     -693    1343        f
1103     -675    1279        f
1104     -657    1218        f
1105     -640    1160        f
1106     -624    1105        f
1107     -624    1105        l
1108     -624    1105        l
1109     -624    1105        l
1110     -609    1052        f
1111     -609    1052        l
1112     -609    1052        l
1113     -594    1001        f
1114     -580    952        f
1115     -567    907        f
1116     -554    863        f
1117     -542    821        f
1118     -530    780        f
1119     -519    742        f
1120     -508    705        f
1121     -498    670        f
1122     -488    637        f
1123     -479    605        f
1124     -470    574        f
1125     -462    545        f
1126     -453    517        f
1127     -446    490        f
1128     -438    465        f
1129     -430    441        f
1130     -425    418        f
1131     -418    396        f
1132     -412    374        f
1133     -405    354        f
1134     -401    335        f
1135     -395    317        f
1136     -390    299        f
1137     -385    282        f
1138     -381    266        f
1139     -376    250        f
1140     -372    236        f
1141     -368    222        f
1142     -364    209        f
1143     -360    196        f
1144     -357    184        f
1145     -354    172        f
1146     -350    161        f
1147     -347    150        f
1148     -344    140        f
1149     -342    130        f
1150     -339    121        f
1151     -336    112        f
1152     -334    104        f
1153     -332    96        f
1154     -329    88        f
1155     -327    81        f
1156     -325    74        f
1157     -323    67        f
1158     -321    61        f
1159     -320    55        f
1160     -318    49        f
1161     -316    43        f
1162     -315    38        f
1163     -313    33        f
1164     -312    28        f
1165     -311    23        f
1166     -309    19        f
1167     -308    15        f
1168     -307    11        f
1169     -306    7        f
1170     -305    3        f
1171     -304    0        f
1172     -303    -3        f
1173     -302    -6        f
1174     -301    -9        f
1175     -300    -12        f
1176     -299    -15        f
1177     -299    -17        f
1178     -298    -20        f
1179     -297    -22        f
1180     -296    -25        f
1181     -296    -27        f
1182     -295    -28        f
1183     -295    -31        f
1184     -294    -33        f
1185     -294    -35        f
1186     -293    -36        f
1187     -293    -38        f
1188     -292    -40        f
1189     -292    -41        f
1190     -291    -43        f
1191     -291    -44        f
1192     -290    -45        f
1193     -290    -47        f
1194     -290    -48        f
1195     -289    -49        f
1196     -289    -50        f
1197     -289    -51        f
1198     -288    -52        f
1199     -288    -53        f
1200     0    0        f
1200     0    0        f
1200     0    0        f
1200     0    0        f
1200     0    0        f
1200     0    0        f
1200     0    0        f
1200     0    0        f
1200     0    0        f
1200     0    0        f
1200     0    0        f
1200     0    0        f
1200     0    0        f
1200     0    0        f
1200     0    0        f
1200     0    0        f
1200     0    0        f
1200     0    0        f
1200     0    0        f
1200     0    0        f
1200     0    0        f
1200     0    0        f
1200     0    0        f
1200     0    0        f
1200     0    0        f
1200     0    0        f
1200     0    0        f
1200     0    0        f
1200     0    0        f
1200     0    0        f
1200     0    0        f
1200     0    0        f
1200     0    0        f
1200     0    0        f
1200     0    0        f
1200     0    0        f
1200     0    0        f
1200     0    0        f
1200     0    0        f
1200     0    0        f
1200     0    0        f
1200     0    0        f
1200     0    0        f
1200     0    0        f
1200     0    0        f
1200     0    0        f
1200     0    0        f
1200     0    0        f
1200     0    0        f
1200     0    0        f
1200     0    0        f
1200     0    0        f
1200     0    0        f
1200     0    0        f
1200     0    0        f
1200     0    0        f
1200     0    0        f
1200     0    0        f
1200     0    0        f
1200     0    0        f
1200     0    0        f
1200     0    0        f
1200     0    0        f
1200     0    0        f
1200     0    0        f
1200     0    0        f
1200     0    0        f
1200     0    0        f
1200     0    0        f
1200     0    0        f
1200     0    0        f
1200     0    0        f
1200     0    0        f
1200     0    0        f
1200     0    0        f
1200     0    0        f
1200     0    0        f
1200     0    0        f
1200     0    0        f
1200     0    0        f
1200     0    0        f
1200     0    0        f
1200     0    0        f
1200     0    0        f
1200     0    0        f
1200     0    0        f
1200     0    0        f
1200     0    0        f
1200     0    0        f
1200     0    0        f
1200     0    0        f
1200     0    0        f
1200     0    0        f
1200     0    0        f
1200     0    0        f
1200     0    0        f
1200     0    0        f
1200     0    0        f
1200     0    0        f
1200     0    0        f
1200     0    0        f
1200     0    0        f
1201     0    0        f
1202     0    0        f
1203     0    0        f
1204     0    0        f
1205     0    0        f
1206     0    0        f
1207     0    0        f
1208     0    0        f
1209     0    0        f
1210     0    0        f
1211     0    0        f
1212     0    0        f
1213     0    0        f
1214     0    0        f
1215     0    0        f
1216     0    0        f
1217     0    0        f
1218     0    0        f
1219     0    0        f
1220     0    0        f
1221     0    0        f
1222     0    0        f
1223     0    0        f
1224     0    0        f
1225     0    0        f
1226     0    0        f
1227     0    0        f
1228     0    0        f
1229     0    0        f
1230     0    0        f
1231     0    0        f
1232     0    0        f
1233     0    0        f
1234     0    0        f
1235     0    0        f
1236     0    0        f
1237     0    0        f
1238     0    0        f
1239     0    0        f
1240     0    0        f
1241     0    0        f
1242     0    0        f
1243     0    0        f
1244     0    0        f
1245     0    0        f
1246     0    0        f
1247     0    0        f
1248     0    0        f
1249     0    0        f
1250     0    0        f
1251     0    0        f
1252     0    0        f
1253     0    0        f
1254     0    0        f
1255     0    0        f
1256     0    0        f
1257     0    0        f
1258     0    0        f
1259     0    0        f
1260     0    0        f
1261     0    0        f
1262     0    0        f
1263     0    0        f
1264     0    0        f
1265     0    0        f
1266     0    0        f
1267     0    0        f
1268     0    0        f
1269     0    0        f
1270     0    0        f
1271     0    0        f
1272     0    0        f
1273     0    0        f
1274     0    0        f
1275     0    0        f
1276     0    0        f
1277     0    0        f
1278     0    0        f
1279     0    0        f
1280     0    0        f
1281     0    0        f
1282     0    0        f
1283     0    0        f
1284     0    0        f
1285     0    0        f
1286     0    0        f
1287     0    0        f
1288     0    0        f
1289     0    0        f
1290     0    0        f
1291     0    0        f
1292     0    0        f
1293     0    0        f
1294     0    0        f
1295     0    0        f
1296     0    0        f
1297     0    0        f
1298     0    0        f
1299     0    0        f
1300     0    0        f
1301     0    0        f
1302     0    0        f
1303     0    0        f
1304     0    0        f
1305     0    0        r
1306     0    0        r
1307     0    0        r
1308     0    0        r
1309     0    0        r
1310     0    0        r
1311     0    0        r
1312     0    0        f
1313     -67    36        f
1314     -131    70        f
1315     -193    103        f
1316     -250    135        f
1317     -250    135        l
1318     -250    135        l
1319     -250    135        l
1320     -250    135        l
1321     -250    135        l
1322     -250    135        f
1323     -184    98        f
1324     -120    63        f
1325     -59    28        f
1326     -1    -2        f
1327     54    -33        f
1328     107    -62        f
1329     158    -90        f
1330     206    -117        f
1331     252    -142        f
1332     297    -167        f
1333     339    -190        f
1334     380    -212        f
1335     418    -233        f
1336     455    -254        f
1337     490    -273        f
1338     524    -292        f
1339     556    -309        f
1340     586    -326        f
1341     616    -343        f
1342     644    -358        f
1343     670    -373        f
1344     696    -387        f
1345     720    -400        f
1346     744    -413        f
1347     766    -425        f
1348     787    -437        f
1349     807    -448        f
1350     827    -459        f
1351     844    -469        f
1352     863    -479        f
1353     880    -488        f
1354     896    -497        f
1355     911    -505        f
1356     926    -513        f
1357     940    -521        f
1358     952    -528        f
1359     966    -535        f
1360     977    -542        f
1361     990    -548        f
1362     1001    -555        f
1363     1011    -560        f
1364     1022    -566        f
1365     1031    -571        f
1366     1041    -577        f
1367     1049    -581        f
1368     1058    -586        f
1369     1066    -590        f
1370     1074    -595        f
1371     1081    -599        f
1372     1088    -603        f
1373     1095    -606        f
1374     1101    -610        f
1375     1107    -613        f
1376     1113    -616        f
1377     1118    -619        f
1378     1124    -622        f
1379     1129    -625        f
1380     1133    -628        f
1381     1138    -630        f
1382     1142    -633        f
1383     1147    -635        f
1384     1151    -637        f
1385     1151    -637        r
1386     1151    -637        r
1387     1151    -637        r
1388     1151    -637        r
1389     1151    -637        f
1390     1003    -604        f
1391     1003    -604        l
1392     1003    -604        l
1393     1003    -604        l
1394     1003    -604        l
1395     1003    -604        l
1396     1003    -604        l
1397     1003    -604        l
1398     1003    -604        l
1399     1003    -604        l
1400     1003    -604        l
1401     1003    -604        l
1402     1003    -604        l
1403     1003    -604        f
1404     1081    -608        f
1405     1154    -611        f
1406     1223    -615        f
1407     1290    -618        f
1408     1353    -621        f
1409     1414    -624        f
1410     1472    -626        f
1411     1527    -629        f
1412     1580    -631        f
1413     1630    -634        f
1414     1679    -636        f
1415     1725    -638        f
1416     1769    -640        f
1417     1811    -642        f
1418     1851    -644        f
1419     1889    -646        f
1420     1926    -647        f
1421     1961    -649        f
1422     1994    -651        f
1423     2026    -652        f
1424     2056    -654        f
1425     2085    -655        f
1426     2113    -656        f
1427     2139    -657        f
1428     2165    -659        f
1429     2189    -660        f
1430     2212    -661        f
1431     2234    -662        f
1432     2255    -663        f
1433     2275    -664        f
1434     2294    -665        f
1435     2312    -666        f
1436     2330    -666        f
1437     2346    -667        f
1438     2362    -668        f
1439     2377    -669        f
1440     2392    -669        f
1441     2406    -670        f
1442     2419    -671        f
1443     2432    -671        f
1444     2444    -672        f
1445     2455    -672        f
1446     2466    -673        f
1447     2477    -673        f
1448     2487    -674        f
1449     2497    -674        f
1450     2506    -675        f
1451     2514    -675        f
1452     2523    -675        f
1453     2531    -676        f
1454     2538    -676        f
1455     2546    -676        f
1456     2553    -677        f
1457     2559    -677        f
1458     2566    -677        f
1459     2572    -678        f
1460     2578    -678        f
1461     2583    -678        f
1462     2588    -678        f
1463     2593    -679        f
1464     2598    -679        f
1465     2603    -679        f
1466     2607    -679        f
1467     2612    -680        f
1468     2616    -680        f
1469     2619    -680        f
1470     2623    -680        f
1471     2627    -680        f
1472     2630    -680        f
1473     2633    -681        f
1474     2636    -681        f
1475     2639    -681        f
1476     2642    -681        f
1477     2644    -681        f
1478     2647    -681        f
1479     2649    -681        f
1480     2652    -681        f
1481     2654    -682        f
1482     2656    -682        f
1483     2658    -682        f
1484     2658    -682        r
1485     2658    -682        r
1486     2658    -682        r
1487     2658    -682        r
1488     2658    -682        r
1489     2658    -682        r
1490     2658    -682        r
1491     2658    -682        r
1492     2658    -682        r
1493     2658    -682        r
1494     2658    -682        r
1495     2658    -682        r
1496     2658    -682        r
1497     2658    -682        r
1498     2658    -682        r
1499     2658    -682        r
1500     2658    -682        r
1501     2658    -682        r
1502     2658    -682        r
1503     2658    -682        r
1504     2658    -682        r
1505     2658    -682        r
1506     2658    -682        r
1507     2658    -682        r
1508     2658    -682        r
1509     2658    -682        f
1510     2547    -580        f
1511     2442    -484        f
1512     2340    -392        f
1513     2244    -303        f
1514     2152    -219        f
1515     2063    -139        f
1516     1979    -62        f
1517     1898    10        f
1518     1822    81        f
1519     1748    147        f
1520     1679    211        f
1521     1612    272        f
1522     1548    331        f
1523     1487    386        f
1524     1428    438        f
1525     1373    490        f
1526     1320    539        f
1527     1269    585        f
1528     1221    629        f
1529     1174    671        f
1530     1130    712        f
1531     1088    750        f
1532     1048    787        f
1533     1009    822        f
1534     973    856        f
1535     936    888        f
1536     903    918        f
1537     872    948        f
1538     841    976        f
1539     811    1002        f
1540     784    1028        f
1541     757    1052        f
1542     732    1075        f
1543     708    1098        f
1544     684    1119        f
1545     662    1139        f
1546     641    1158        f
1547     621    1177        f
1548     602    1194        f
1549     583    1211        f
1550     565    1227        f
1551     549    1242        f
1552     533    1257        f
1553     517    1271        f
1554     517    1271        r
1555     517    1271        r
1556     517    1271        r
1557     517    1271        r
1558     517    1271        f
1559     430    1219        f
1560     349    1170        f
1561     271    1122        f
1562     196    1077        f
1563     125    1034        f
1564     56    993        f
1565     -8    952        f
1566     -70    916        f
1567     -130    880        f
1568     -187    844        f
1569     -241    813        f
1570     -293    781        f
1571     -342    752        f
1572     -390    723        f
1573     -434    696        f
1574     -478    670        f
1575     -519    645        f
1576     -559    621        f
1577     -596    599        f
1578     -632    577        f
1579     -666    556        f
1580     -699    537        f
1581     -731    518        f
1582     -760    500        f
1583     -789    483        f
1584     -816    467        f
1585     -842    451        f
1586     -867    436        f
1587     -891    422        f
1588     -914    408        f
1589     -935    395        f
1590     -956    383        f
1591     -976    371        f
1592     -994    359        f
1593     -1013    349        f
1594     -1030    338        f
1595     -1046    328        f
1596     -1062    319        f
1597     -1077    310        f
1598     -1091    301        f
1599     -1105    293        f
1600     -1118    285        f
1601     -1130    278        f
1602     -1142    271        f
1603     -1154    264        f
1604     -1164    257        f
1605     -1175    250        f
1606     -1175    250        r
1607     -1175    250        r
1608     -1175    250        r
1609     -1175    250        r
1610     -1175    250        r
1611     -1175    250        f
1612     -1250    252        f
1613     -1321    254        f
1614     -1390    254        f
1615     -1390    254        l
1616     -1390    254        l
1617     -1390    254        f
1618     -1318    229        f
1619     -1249    204        f
1620     -1183    182        f
1621     -1120    160        f
1622     -1060    138        f
1623     -1002    118        f
1624     -948    99        f
1625     -896    81        f
1626     -846    63        f
1627     -798    46        f
1628     -753    30        f
1629     -709    15        f
1630     -668    0        f
1631     -628    -13        f
1632     -591    -26        f
1633     -591    -26        l
1634     -591    -26        f
1635     -515    -38        f
1636     -443    -49        f
1637     -374    -59        f
1638     -308    -69        f
1639     -245    -79        f
1640     -185    -88        f
1641     -128    -97        f
1642     -73    -105        f
1643     -21    -112        f
1644     28    -120        f
1645     76    -128        f
1646     121    -135        f
1647     165    -141        f
1648     206    -148        f
1649     246    -154        f
1650     284    -159        f
1651     320    -165        f
1652     355    -170        f
1653     388    -175        f
1654     419    -180        f
1655     450    -185        f
1656     478    -189        f
1657     505    -193        f
1658     532    -197        f
1659     557    -200        f
1660     581    -204        f
1661     604    -208        f
1662     626    -211        f
1663     647    -215        f
1664     667    -218        f
1665     686    -221        f
1666     704    -223        f
1667     721    -225        f
1668     738    -227        f
1669     754    -231        f
1670     769    -233        f
1671     783    -235        f
1672     797    -237        f
1673     810    -239        f
1674     823    -241        f
1675     835    -243        f
1676     846    -245        f
1677     857    -247        f
1678     868    -248        f
1679     877    -250        f
1680     886    -250        f
1681     896    -252        f
1682     905    -254        f
1683     913    -254        f
1684     921    -256        f
1685     928    -257        f
1686     936    -259        f
1687     943    -260        f
1688     949    -261        f
1689     949    -261        r
1690     956    -262        f
1691     961    -262        f
1692     968    -263        f
1693     973    -264        f
1694     977    -265        f
1695     983    -266        f
1696     988    -266        f
1697     993    -267        f
1698     997    -268        f
1699     1001    -268        f
1700     1005    -269        f
1701     1009    -270        f
1702     1013    -270        f
1703     1016    -271        f
1704     1019    -271        f
1705     1023    -272        f
1706     1026    -272        f
1707     1028    -273        f
1708     1031    -273        f
1709     1034    -273        f
1710     1036    -274        f
1711     1039    -274        f
1712     1041    -274        f
1713     1043    -275        f
1714     1045    -275        f
1715     1047    -275        f
1716     1049    -276        f
1717     1051    -276        f
1718     1053    -276        f
1719     1054    -277        f
1720     1056    -277        f
1721     1058    -277        f
1722     1059    -277        f
1723     1060    -277        f
1724     1062    -278        f
1725     1063    -278        f
1726     1064    -278        f
1727     1065    -278        f
1728     1066    -278        f
1729     1068    -278        f
1730     1069    -279        f
1731     1069    -279        f
1732     1070    -279        f
1733     1071    -279        f
1734     1072    -279        f
1735     1073    -279        f
1736     1074    -279        f
1737     1074    -280        f
1738     1075    -280        f
1739     1076    -280        f
1740     1076    -280        f
1741     1077    -280        f
1742     1078    -280        f
1743     1078    -280        f
1744     1079    -280        f
1745     1079    -280        l
1746     1079    -280        l
1747     1079    -280        r
1748     1079    -280        r
1749     1079    -280        f
1750     944    -254        f
1751     817    -231        f
1752     694    -206        f
1753     578    -185        f
1754     467    -164        f
1755     361    -144        f
1756     259    -124        f
1757     162    -106        f
1758     69    -88        f
1759     -18    -72        f
1760     -102    -55        f
1761     -183    -40        f
1762     -260    -25        f
1763     -334    -11        f
1764     -404    1        f
1765     -471    14        f
1766     -535    26        f
1767     -596    38        f
1768     -655    49        f
1769     -711    59        f
1770     -711    59        r
1771     -711    59        r
1772     -711    59        r
1773     -711    59        f
1774     -787    64        f
1775     -860    69        f
1776     -930    73        f
1777     -996    77        f
1778     -1060    81        f
1779     -1120    85        f
1780     -1178    88        f
1781     -1234    92        f
1782     -1287    95        f
1783     -1337    98        f
1784     -1385    101        f
1785     -1431    104        f
1786     -1475    106        f
1787     -1517    109        f
1788     -1557    111        f
1789     -1595    113        f
1790     -1632    115        f
1791     -1667    118        f
1792     -1700    120        f
1793     -1732    122        f
1794     -1762    124        f
1795     -1791    126        f
1796     -1819    128        f
1797     -1846    129        f
1798     -1871    131        f
1799     -1895    132        f
1800     -1918    134        f
1801     -1939    135        f
1802     -1961    136        f
1803     -1982    137        f
1804     -2001    139        f
1805     -2019    140        f
1806     -2036    141        f
1807     -2053    142        f
1808     -2069    143        f
1809     -2084    144        f
1810     -2099    145        f
1811     -2113    146        f
1812     -2126    146        f
1813     -2139    147        f
1814     -2151    148        f
1815     -2162    149        f
1816     -2173    149        f
1817     -2184    150        f
1818     -2194    151        f
1819     -2203    151        f
1820     -2213    152        f
1821     -2221    152        f
1822     -2230    153        f
1823     -2238    153        f
1824     -2245    154        f
1825     -2253    154        f
1826     -2260    155        f
1827     -2266    155        f
1828     -2273    155        f
1829     -2279    156        f
1830     -2279    156        l
1831     -2279    156        l
1832     -2279    156        l
1833     -2279    156        l
1834     -2279    156        l
1835     -2279    156        f
1836     -2158    245        f
1837     -2043    331        f
1838     -1934    413        f
1839     -1829    491        f
1840     -1729    566        f
1841     -1632    637        f
1842     -1541    705        f
1843     -1454    770        f
1844     -1371    832        f
1845     -1291    892        f
1846     -1215    948        f
1847     -1142    1002        f
1848     -1072    1054        f
1849     -1006    1103        f
1850     -942    1150        f
1851     -882    1195        f
1852     -824    1238        f
1853     -769    1279        f
1854     -716    1319        f
1855     -665    1356        f
1856     -617    1392        f
1857     -571    1426        f
1858     -527    1459        f
1859     -484    1490        f
1860     -445    1520        f
1861     -407    1548        f
1862     -371    1575        f
1863     -336    1601        f
1864     -303    1626        f
1865     -271    1650        f
1866     -241    1672        f
1867     -212    1694        f
1868     -184    1714        f
1869     -157    1734        f
1870     -132    1753        f
1871     -108    1771        f
1872     -85    1788        f
1873     -63    1804        f
1874     -42    1820        f
1875     -22    1835        f
1876     -22    1835        l
1877     -22    1835        l
1878     -22    1835        f
1879     75    1862        f
1880     169    1887        f
1881     259    1912        f
1882     345    1936        f
1883     426    1957        f
1884     505    1979        f
1885     580    2000        f
1886     651    2019        f
1887     719    2038        f
1888     784    2056        f
1889     846    2073        f
1890     906    2089        f
1891     961    2105        f
1892     1017    2120        f
1893     1068    2134        f
1894     1118    2147        f
1895     1165    2160        f
1896     1210    2172        f
1897     1253    2184        f
1898     1294    2196        f
1899     1294    2196        l
1900     1334    2206        f
1901     1334    2206        l
1902     1334    2206        f
1903     1383    2148        f
1904     1431    2093        f
1905     1476    2039        f
1906     1519    1989        f
1907     1561    1941        f
1908     1600    1894        f
1909     1638    1850        f
1910     1673    1807        f
1911     1707    1768        f
1912     1741    1729        f
1913     1772    1693        f
1914     1802    1657        f
1915     1830    1623        f
1916     1857    1592        f
1917     1884    1562        f
1918     1909    1533        f
1919     1932    1505        f
1920     1955    1478        f
1921     1978    1453        f
1922     1998    1428        f
1923     1998    1428        r
1924     1998    1428        f
1925     1888    1371        f
1926     1782    1315        f
1927     1682    1263        f
1928     1586    1212        f
1929     1494    1164        f
1930     1407    1118        f
1931     1323    1074        f
1932     1243    1032        f
1933     1167    992        f
1934     1094    953        f
1935     1024    917        f
1936     958    883        f
1937     894    849        f
1938     834    818        f
1939     776    787        f
1940     721    758        f
1941     668    731        f
1942     618    704        f
1943     570    679        f
1944     524    655        f
1945     480    632        f
1946     438    610        f
1947     398    589        f
1948     360    569        f
1949     323    550        f
1950     288    532        f
1951     254    514        f
1952     223    498        f
1953     193    482        f
1954     164    466        f
1955     164    466        r
1956     136    451        f
1957     136    451        r
1958     136    451        r
1959     136    451        r
1960     110    438        f
1961     110    438        r
1962     110    438        r
1963     110    438        r
1964     110    438        r
1965     84    425        f
1966     84    425        r
1967     84    425        f
1968     8    430        f
1969     -64    436        f
1970     -133    441        f
1971     -200    445        f
1972     -263    450        f
1973     -323    454        f
1974     -381    458        f
1975     -436    462        f
1976     -488    466        f
1977     -539    470        f
1978     -588    473        f
1979     -633    476        f
1980     -677    480        f
1981     -719    483        f
1982     -759    486        f
1983     -797    488        f
1984     -834    491        f
1985     -869    494        f
1986     -902    496        f
1987     -934    498        f
1988     -964    500        f
1989     -993    503        f
1990     -1021    505        f
1991     -1047    505        f
1992     -1072    508        f
1993     -1097    509        f
1994     -1120    512        f
1995     -1142    513        f
1996     -1163    515        f
1997     -1183    516        f
1998     -1202    518        f
1999     -1220    519        f
2000     -1238    520        f
2001     -1255    521        f
2002     -1271    523        f
2003     -1286    524        f
2004     -1300    525        f
2005     -1314    526        f
2006     -1328    527        f
2007     -1340    528        f
2008     -1353    528        f
2009     -1364    529        f
2010     -1375    530        f
2011     -1386    531        f
2012     -1396    532        f
2013     -1405    532        f
2014     -1415    533        f
2015     -1423    534        f
2016     -1432    534        f
2017     -1440    535        f
2018     -1447    535        f
2019     -1455    536        f
2020     -1461    536        f
2021     -1468    537        f
2022     -1474    537        f
2023     -1480    538        f
2024     -1486    538        f
2025     -1492    538        f
2026     -1497    539        f
2027     -1502    539        f
2028     -1507    540        f
2029     -1512    540        f
2030     -1516    540        f
2031     -1520    541        f
2032     -1524    541        f
2033     -1528    541        f
2034     -1532    541        f
2035     -1535    542        f
2036     -1539    542        f
2037     -1542    542        f
2038     -1545    542        f
2039     -1548    543        f
2040     -1550    543        f
2041     -1553    543        f
2042     -1556    543        f
2043     -1558    543        f
2044     -1560    543        f
2045     -1560    543        l
2046     -1560    543        l
2047     -1560    543        l
2048     -1560    543        f
2049     -1490    515        f
2050     -1490    515        r
2051     -1490    515        r
2052     -1490    515        r
2053     -1490    515        f
2054     -1559    483        f
2055     -1625    451        f
2056     -1689    423        f
2057     -1750    395        f
2058     -1807    368        f
2059     -1863    343        f
2060     -1916    318        f
2061     -1966    295        f
2062     -2014    273        f
2063     -2060    252        f
2064     -2104    231        f
2065     -2146    212        f
2066     -2186    193        f
2067     -2225    176        f
2068     -2261    159        f
2069     -2296    143        f
2070     -2330    127        f
2071     -2362    112        f
2072     -2392    99        f
2073     -2421    85        f
2074     -2449    72        f
2075     -2475    60        f
2076     -2501    49        f
2077     -2525    37        f
2078     -2548    27        f
2079     -2570    17        f
2080     -2591    7        f
2081     -2611    -1        f
2082     -2630    -10        f
2083     -2649    -19        f
2084     -2666    -27        f
2085     -2683    -34        f
2086     -2699    -42        f
2087     -2714    -49        f
2088     -2729    -56        f
2089     -2743    -62        f
2090     -2756    -68        f
2091     -2769    -74        f
2092     -2781    -79        f
2093     -2792    -85        f
2094     -2803    -90        f
2095     -2814    -95        f
2096     -2824    -99        f
2097     -2834    -104        f
2098     -2843    -108        f
2099     -2852    -112        f
2100     -2860    -115        f
2101     -2868    -120        f
2102     -2876    -123        f
2103     -2883    -127        f
2104     -2890    -130        f
2105     -2897    -133        f
2106     -2903    -136        f
2107     -2909    -139        f
2108     -2915    -141        f
2109     -2921    -144        f
2110     -2926    -146        f
2111     -2931    -149        f
2112     -2936    -151        f
2113     -2940    -153        f
2114     -2945    -155        f
2115     -2949    -157        f
2116     -2953    -159        f
2117     -2957    -160        f
2118     -2960    -162        f
2119     -2964    -164        f
2120     -2967    -165        f
2121     -2971    -167        f
2122     -2974    -168        f
2123     -2977    -170        f
2124     -2979    -171        f
2125     -2982    -172        f
2126     -2985    -173        f
2127     -2987    -174        f
2128     -2989    -175        f
2129     -2991    -176        f
2130     -2994    -177        f
2131     -2996    -178        f
2132     -2998    -179        f
2133     -2999    -180        f
2134     -3001    -181        f
2135     -3003    -182        f
2136     -3004    -182        f
2137     -3006    -183        f
2138     -3007    -184        f
2139     -3009    -184        f
2140     -3010    -185        f
2141     -3011    -186        f
2142     -3013    -186        f
2143     -3014    -187        f
2144     -3015    -187        f
2145     -3016    -188        f
2146     -3017    -188        f
2147     -3018    -189        f
2148     -3019    -189        f
2149     -3020    -189        f
2150     -3021    -190        f
2151     -3021    -190        f
2152     -3022    -191        f
2153     -3023    -191        f
2154     -3024    -191        f
2155     -3024    -191        f
2156     -3025    -192        f
2157     -3025    -192        f
2158     -3026    -192        f
2159     -3026    -192        l
2160     -3026    -192        l
2161     -3026    -192        l
2162     -3026    -192        l
2163     -3026    -192        l
2164     -3026    -192        l
2165     -3026    -192        l
2166     -3026    -192        l
2167     -3026    -192        l
2168     -3026    -192        l
2169     -3026    -192        l
2170     -3026    -192        l
2171     -3026    -192        l
2172     -3026    -192        l
2173     -3026    -192        l
2174     -3026    -192        l
2175     -3026    -192        l
2176     -3026    -192        l
2177     -3026    -192        l
2178     -3027    -193        f
2179     -3027    -193        f
2180     -3028    -193        f
2181     -3028    -193        f
2182     -3028    -193        r
2183     -3028    -193        r
2184     -3028    -193        r
2185     -3028    -193        r
2186     -3028    -193        r
2187     -3028    -193        r
2188     -3028    -193        r
2189     -3028    -193        r
2190     -3028    -193        r
2191     -3028    -193        r
2192     -3028    -193        r
2193     -3028    -193        r
2194     -3028    -193        r
2195     -3028    -193        r
2196     -3028    -193        r
2197     -3028    -193        r
2198     -3028    -193        r
2199     -3028    -193        r
2200     -3028    -193        r
2201     -3028    -193        r
2202     -3028    -193        r
2203     -3028    -193        r
2204     -3028    -193        r
2205     -3028    -193        r
2206     -3028    -193        f
2207     -3177    -180        f
2208     -3177    -180        l
2209     -3177    -180        l
2210     -3177    -180        l
2211     -3177    -180        l
2212     -3177    -180        l
2213     -3177    -180        l
2214     -3177    -180        l
2215     -3177    -180        l
2216     -3177    -180        l
2217     -3177    -180        l
2218     -3177    -180        l
2219     -3177    -180        l
2220     -3177    -180        l
2221     -3177    -180        l
2222     -3177    -180        l
2223     -3177    -180        l
2224     -3177    -180        l
2225     -3177    -180        l
2226     -3177    -180        l
2227     -3177    -180        l
2228     -3177    -180        l
2229     -3177    -180        l
2230     -3177    -180        l
2231     -3177    -180        l
2232     -3177    -180        l
2233     -3177    -180        l
2234     -3177    -180        l
2235     -3177    -180        l
2236     -3177    -180        l
2237     -3177    -180        l
2238     -3177    -180        l
2239     -3177    -180        l
2240     -3177    -180        l
2241     -3177    -180        l
2242     -3177    -180        l
2243     -3177    -180        l
2244     -3177    -180        l
2245     -3177    -180        l
2246     -3177    -180        l
2247     -3177    -180        l
2248     -3177    -180        l
2249     -3177    -180        l
2250     -3177    -180        l
2251     -3177    -180        l
2252     -3177    -180        l
2253     -3177    -180        l
2254     -3177    -180        l
2255     -3177    -180        l
2256     -3177    -180        r
2257     -3177    -180        l
2258     -3177    -180        l
2259     -3177    -180        l
2260     -3177    -180        l
2261     -3177    -180        l
2262     -3177    -180        l
2263     -3177    -180        l
2264     -3177    -180        f
2265     -3177    -180        f
2266     -3177    -180        f
2267     -3177    -180        f
2268     -3177    -180        f
2269     -3177    -180        f
2270     -3177    -180        f
2271     -3177    -180        f
2272     -3177    -180        f
2273     -3177    -180        f
2274     -3177    -180        f
2275     -3177    -180        f
2276     -3177    -180        f
2277     -3177    -180        f
2278     -3177    -180        f
2279     -3177    -180        f
2280     -3177    -180        f
2281     -3177    -180        f
2282     -3177    -180        f
2283     -3177    -180        l
2284     -3177    -180        l
2285     -3177    -180        l
2286     -3177    -180        l
2287     -3177    -180        l
2288     -3177    -180        l
2289     -3177    -180        l
2290     -3177    -180        l
2291     -3177    -180        l
2292     -3177    -180        l
2293     -3177    -180        l
2294     -3177    -180        f
2295     -3064    -235        f
2296     -2956    -288        f
2297     -2853    -338        f
2298     -2754    -386        f
2299     -2660    -432        f
2300     -2570    -476        f
2301     -2484    -517        f
2302     -2402    -557        f
2303     -2324    -595        f
2304     -2249    -632        f
2305     -2178    -667        f
2306     -2110    -700        f
2307     -2045    -732        f
2308     -1982    -762        f
2309     -1923    -791        f
2310     -1867    -819        f
2311     -1813    -844        f
2312     -1761    -869        f
2313     -1711    -894        f
2314     -1664    -917        f
2315     -1619    -939        f
2316     -1576    -961        f
2317     -1535    -981        f
2318     -1496    -1000        f
2319     -1459    -1018        f
2320     -1423    -1036        f
2321     -1389    -1052        f
2322     -1356    -1068        f
2323     -1325    -1083        f
2324     -1296    -1098        f
2325     -1267    -1112        f
2326     -1240    -1125        f
2327     -1214    -1138        f
2328     -1190    -1150        f
2329     -1166    -1162        f
2330     -1144    -1173        f
2331     -1122    -1183        f
2332     -1101    -1193        f
2333     -1082    -1203        f
2334     -1063    -1212        f
2335     -1045    -1221        f
2336     -1028    -1229        f
2337     -1011    -1237        f
2338     -996    -1245        f
2339     -981    -1252        f
2340     -967    -1259        f
2341     -953    -1266        f
2342     -941    -1272        f
2343     -927    -1279        f
2344     -917    -1284        f
2345     -905    -1290        f
2346     -894    -1295        f
2347     -884    -1300        f
2348     -874    -1305        f
2349     -865    -1310        f
2350     -856    -1314        f
2351     -848    -1318        f
2352     -839    -1322        f
2353     -832    -1326        f
2354     -824    -1330        f
2355     -817    -1333        f
2356     -810    -1337        f
2357     -803    -1340        f
2358     -798    -1343        f
2359     -798    -1343        r
2360     -798    -1343        r
2361     -798    -1343        r
2362     -798    -1343        r
2363     -798    -1343        r
2364     -798    -1343        r
2365     -798    -1343        r
2366     -798    -1343        r
2367     -798    -1343        r
2368     -798    -1343        r
2369     -798    -1343        r
2370     -798    -1343        r
2371     -798    -1343        r
2372     -798    -1343        r
2373     -798    -1343        r
2374     -798    -1343        r
2375     -798    -1343        r
2376     -792    -1346        f
2377     -786    -1348        f
2378     -781    -1351        f
2379     -775    -1354        f
2380     -771    -1356        f
2381     -766    -1358        f
2382     -761    -1361        f
2383     -757    -1363        f
2384     -753    -1365        f
2385     -749    -1367        f
2386     -745    -1368        f
2387     -742    -1370        f
2388     -738    -1372        f
2389     -735    -1373        f
2390     -732    -1375        f
2391     -729    -1376        f
2392     -726    -1378        f
2393     -724    -1379        f
2394     -721    -1380        f
2395     -719    -1382        f
2396     -716    -1383        f
2397     -714    -1384        f
2398     -712    -1385        f
2399     -710    -1386        f
