step   ball_X    ball_Y    side
30     0    0        f
31     0    0        f
32     0    0        f
33     0    0        f
34     0    0        f
35     0    0        f
36     0    0        f
37     0    0        f
38     0    0        f
39     0    0        f
40     0    0        f
41     0    0        f
42     0    0        f
43     0    0        f
44     0    0        f
45     0    0        f
46     0    0        f
47     0    0        f
48     0    0        f
49     0    0        f
50     0    0        f
51     0    0        f
52     0    0        f
53     0    0        f
54     0    0        f
55     0    0        f
56     0    0        f
57     0    0        f
58     0    0        f
59     0    0        f
60     0    0        f
61     0    0        f
62     0    0        f
63     0    0        f
64     0    0        f
65     0    0        f
66     0    0        f
67     0    0        f
68     0    0        f
69     0    0        f
70     0    0        f
71     0    0        f
72     0    0        f
73     0    0        f
74     0    0        f
75     0    0        f
76     0    0        f
77     0    0        f
78     0    0        f
79     0    0        f
80     0    0        f
81     0    0        f
82     0    0        f
83     0    0        f
84     0    0        f
85     0    0        f
86     0    0        f
87     0    0        f
88     0    0        f
89     0    0        f
90     0    0        f
91     0    0        f
92     0    0        f
93     0    0        f
94     0    0        f
95     0    0        f
96     0    0        f
97     0    0        f
98     0    0        f
99     0    0        f
100     0    0        f
101     0    0        f
102     0    0        f
103     0    0        f
104     0    0        f
105     0    0        l
106     0    0        l
107     0    0        l
108     0    0        l
109     0    0        l
110     0    0        f
111     66    38        f
112     129    75        f
113     189    110        f
114     246    144        f
115     301    176        f
116     354    206        f
117     404    236        f
118     451    264        f
119     498    290        f
120     542    316        f
121     583    340        f
122     623    363        f
123     662    386        f
124     698    407        f
125     733    426        f
126     766    447        f
127     798    465        f
128     827    483        f
129     857    499        f
130     885    516        f
131     911    531        f
132     936    546        f
133     961    560        f
134     984    573        f
135     1006    586        f
136     1026    598        f
137     1047    610        f
138     1066    621        f
139     1084    631        f
140     1101    641        f
141     1118    651        f
142     1134    660        f
143     1149    669        f
144     1163    678        f
145     1177    686        f
146     1177    686        r
147     1177    686        r
148     1177    686        f
149     1089    784        f
150     1005    877        f
151     924    967        f
152     848    1053        f
153     775    1134        f
154     705    1212        f
155     638    1287        f
156     574    1358        f
157     513    1425        f
158     455    1490        f
159     399    1552        f
160     346    1611        f
161     296    1668        f
162     248    1721        f
163     200    1773        f
164     157    1822        f
165     114    1869        f
166     75    1914        f
167     75    1914        r
168     75    1914        f
169     9    1875        f
170     -53    1837        f
171     -112    1802        f
172     -170    1767        f
173     -224    1735        f
174     -277    1704        f
175     -326    1673        f
176     -374    1646        f
177     -420    1619        f
178     -463    1593        f
179     -505    1568        f
180     -544    1545        f
181     -582    1522        f
182     -618    1501        f
183     -653    1481        f
184     -686    1461        f
185     -718    1442        f
186     -748    1424        f
187     -776    1407        f
188     -803    1391        f
189     -830    1375        f
190     -855    1361        f
191     -878    1346        f
192     -902    1333        f
193     -923    1320        f
194     -944    1307        f
195     -964    1296        f
196     -983    1284        f
197     -1001    1274        f
198     -1019    1263        f
199     -1035    1253        f
200     -1051    1244        f
201     -1066    1235        f
202     -1080    1227        f
203     -1094    1218        f
204     -1107    1210        f
205     -1120    1203        f
206     -1132    1196        f
207     -1143    1189        f
208     -1154    1183        f
209     -1165    1176        f
210     -1175    1170        f
211     -1184    1165        f
212     -1193    1159        f
213     -1202    1154        f
214     -1202    1154        l
215     -1202    1154        f
216     -1110    1192        f
217     -1023    1228        f
218     -940    1263        f
219     -860    1296        f
220     -784    1327        f
221     -711    1358        f
222     -642    1386        f
223     -576    1414        f
224     -512    1440        f
225     -451    1465        f
226     -394    1489        f
227     -339    1512        f
228     -287    1534        f
229     -237    1555        f
230     -237    1555        l
231     -237    1555        f
232     -153    1502        f
233     -72    1452        f
234     3    1404        f
235     76    1359        f
236     146    1315        f
237     213    1273        f
238     277    1233        f
239     337    1195        f
240     396    1159        f
241     451    1124        f
242     504    1091        f
243     555    1059        f
244     603    1029        f
245     649    1000        f
246     693    972        f
247     736    946        f
248     776    921        f
249     814    897        f
250     851    874        f
251     886    852        f
252     919    831        f
253     951    811        f
254     982    792        f
255     1011    773        f
256     1039    756        f
257     1066    739        f
258     1091    723        f
259     1115    708        f
260     1138    694        f
261     1161    680        f
262     1182    666        f
263     1202    654        f
264     1221    642        f
265     1221    642        r
266     1221    642        r
267     1221    642        f
268     1150    614        f
269     1082    587        f
270     1017    561        f
271     955    537        f
272     896    514        f
273     839    491        f
274     785    470        f
275     734    450        f
276     685    430        f
277     638    412        f
278     593    394        f
279     550    377        f
280     509    361        f
281     470    346        f
282     432    331        f
283     397    317        f
284     363    304        f
285     330    291        f
286     299    279        f
287     269    267        f
288     241    256        f
289     214    245        f
290     188    235        f
291     163    225        f
292     140    216        f
293     117    206        f
294     96    199        f
295     75    191        f
296     56    183        f
297     37    176        f
298     19    169        f
299     2    162        f
300     0    0        f
300     0    0        f
300     0    0        f
300     0    0        f
300     0    0        f
300     0    0        f
300     0    0        f
300     0    0        f
300     0    0        f
300     0    0        f
300     0    0        f
300     0    0        f
300     0    0        f
300     0    0        f
300     0    0        f
300     0    0        f
300     0    0        f
300     0    0        f
300     0    0        f
300     0    0        f
300     0    0        f
300     0    0        f
300     0    0        f
300     0    0        f
300     0    0        f
300     0    0        f
300     0    0        f
300     0    0        f
300     0    0        f
300     0    0        f
300     0    0        f
300     0    0        f
300     0    0        f
300     0    0        f
300     0    0        f
300     0    0        f
300     0    0        f
300     0    0        f
300     0    0        f
300     0    0        f
300     0    0        f
300     0    0        f
300     0    0        f
300     0    0        f
300     0    0        f
300     0    0        f
300     0    0        f
300     0    0        f
300     0    0        f
300     0    0        f
300     0    0        f
300     0    0        f
300     0    0        f
300     0    0        f
300     0    0        f
300     0    0        f
300     0    0        f
300     0    0        f
300     0    0        f
300     0    0        f
300     0    0        f
300     0    0        f
300     0    0        f
300     0    0        f
300     0    0        f
300     0    0        f
300     0    0        f
300     0    0        f
300     0    0        f
300     0    0        f
300     0    0        f
300     0    0        f
300     0    0        f
300     0    0        f
300     0    0        f
300     0    0        f
300     0    0        f
300     0    0        f
300     0    0        f
300     0    0        f
300     0    0        f
300     0    0        f
300     0    0        f
300     0    0        f
300     0    0        f
300     0    0        f
300     0    0        f
300     0    0        f
300     0    0        f
300     0    0        f
300     0    0        f
300     0    0        f
300     0    0        f
300     0    0        f
300     0    0        f
300     0    0        f
300     0    0        f
300     0    0        f
300     0    0        f
300     0    0        f
300     0    0        f
300     0    0        f
301     0    0        f
302     0    0        f
303     0    0        f
304     0    0        f
305     0    0        f
306     0    0        f
307     0    0        f
308     0    0        f
309     0    0        f
310     0    0        f
311     0    0        f
312     0    0        f
313     0    0        f
314     0    0        f
315     0    0        f
316     0    0        f
317     0    0        f
318     0    0        f
319     0    0        f
320     0    0        f
321     0    0        f
322     0    0        f
323     0    0        f
324     0    0        f
325     0    0        f
326     0    0        f
327     0    0        f
328     0    0        f
329     0    0        f
330     0    0        f
331     0    0        f
332     0    0        f
333     0    0        f
334     0    0        f
335     0    0        f
336     0    0        f
337     0    0        f
338     0    0        f
339     0    0        f
340     0    0        f
341     0    0        f
342     0    0        f
343     0    0        f
344     0    0        f
345     0    0        f
346     0    0        f
347     0    0        f
348     0    0        f
349     0    0        f
350     0    0        f
351     0    0        f
352     0    0        f
353     0    0        f
354     0    0        f
355     0    0        f
356     0    0        f
357     0    0        f
358     0    0        f
359     0    0        f
360     0    0        f
361     0    0        f
362     0    0        f
363     0    0        f
364     0    0        f
365     0    0        f
366     0    0        f
367     0    0        f
368     0    0        f
369     0    0        f
370     0    0        f
371     0    0        f
372     0    0        f
373     0    0        f
374     0    0        f
375     0    0        f
376     0    0        f
377     0    0        f
378     0    0        f
379     0    0        f
380     0    0        f
381     0    0        f
382     0    0        f
383     0    0        f
384     0    0        f
385     0    0        f
386     0    0        f
387     0    0        f
388     0    0        f
389     0    0        f
390     0    0        f
391     0    0        f
392     0    0        f
393     0    0        f
394     0    0        f
395     0    0        f
396     0    0        f
397     0    0        f
398     0    0        f
399     0    0        f
400     0    0        f
401     0    0        f
402     0    0        f
403     0    0        f
404     0    0        f
405     0    0        r
406     0    0        r
407     0    0        f
408     -70    28        f
409     -138    56        f
410     -202    83        f
411     -264    108        f
412     -323    132        f
413     -380    155        f
414     -433    177        f
415     -484    198        f
416     -534    218        f
417     -581    237        f
418     -625    254        f
419     -668    273        f
420     -709    290        f
421     -748    306        f
422     -785    321        f
423     -821    335        f
424     -855    349        f
425     -888    362        f
426     -919    375        f
427     -948    387        f
428     -977    399        f
429     -1003    409        f
430     -1030    420        f
431     -1054    430        f
432     -1078    440        f
433     -1100    449        f
434     -1122    457        f
435     -1142    466        f
436     -1162    474        f
437     -1180    480        f
438     -1198    488        f
439     -1215    496        f
440     -1232    501        f
441     -1247    508        f
442     -1262    514        f
443     -1277    520        f
444     -1290    526        f
445     -1290    526        l
446     -1290    526        f
447     -1191    630        f
448     -1097    730        f
449     -1006    826        f
450     -919    917        f
451     -838    1003        f
452     -759    1088        f
453     -684    1167        f
454     -613    1243        f
455     -544    1315        f
456     -479    1385        f
457     -417    1451        f
458     -357    1514        f
459     -301    1574        f
460     -246    1632        f
461     -194    1687        f
462     -145    1739        f
463     -98    1789        f
464     -53    1837        f
465     -10    1882        f
466     31    1926        f
467     70    1968        f
468     107    2007        f
469     107    2007        l
470     107    2007        r
471     107    2007        r
472     107    2007        f
473     38    1875        f
474     -26    1747        f
475     -89    1626        f
476     -149    1510        f
477     -206    1399        f
478     -261    1293        f
479     -313    1192        f
480     -363    1095        f
481     -411    1002        f
482     -457    915        f
483     -500    831        f
484     -542    750        f
485     -582    674        f
486     -620    600        f
487     -656    530        f
488     -690    463        f
489     -724    400        f
490     -755    339        f
491     -785    280        f
492     -814    225        f
493     -842    171        f
494     -868    121        f
495     -893    72        f
496     -917    26        f
497     -940    -17        f
498     -961    -60        f
499     -982    -100        f
500     -1002    -139        f
501     -1021    -176        f
502     -1040    -211        f
503     -1057    -244        f
504     -1073    -276        f
505     -1089    -307        f
506     -1104    -336        f
507     -1119    -365        f
508     -1133    -391        f
509     -1146    -417        f
510     -1158    -441        f
511     -1170    -465        f
512     -1182    -487        f
513     -1193    -508        f
514     -1203    -528        f
515     -1213    -548        f
516     -1223    -566        f
517     -1232    -584        f
518     -1241    -601        f
519     -1249    -617        f
520     -1257    -632        f
521     -1264    -647        f
522     -1272    -661        f
523     -1279    -675        f
524     -1285    -687        f
525     -1292    -700        f
526     -1298    -711        f
527     -1303    -722        f
528     -1309    -733        f
529     -1314    -743        f
530     -1319    -753        f
531     -1324    -762        f
532     -1328    -771        f
533     -1333    -779        f
534     -1333    -779        r
535     -1333    -779        r
536     -1333    -779        l
537     -1333    -779        l
538     -1333    -779        f
539     -1261    -754        f
540     -1192    -729        f
541     -1126    -706        f
542     -1063    -684        f
543     -1002    -663        f
544     -946    -642        f
545     -891    -623        f
546     -839    -604        f
547     -789    -587        f
548     -742    -570        f
549     -696    -554        f
550     -653    -538        f
551     -611    -524        f
552     -571    -509        f
553     -534    -496        f
554     -497    -483        f
555     -463    -471        f
556     -430    -459        f
557     -399    -448        f
558     -368    -437        f
559     -340    -426        f
560     -312    -417        f
561     -286    -408        f
562     -261    -399        f
563     -237    -391        f
564     -215    -383        f
565     -193    -375        f
566     -172    -368        f
567     -152    -360        f
568     -133    -354        f
569     -114    -347        f
570     -98    -341        f
571     -82    -335        f
572     -66    -330        f
573     -66    -330        l
574     -66    -330        l
575     -66    -330        f
576     7    -351        f
577     7    -351        r
578     7    -351        f
579     -79    -393        f
580     -161    -433        f
581     -240    -472        f
582     -315    -508        f
583     -387    -543        f
584     -455    -577        f
585     -521    -608        f
586     -584    -639        f
587     -644    -668        f
588     -701    -696        f
589     -756    -722        f
590     -756    -722        r
591     -756    -722        r
592     -756    -722        f
593     -830    -704        f
594     -901    -687        f
595     -969    -671        f
596     -1034    -656        f
597     -1095    -641        f
598     -1155    -627        f
599     -1155    -627        l
